# KEY left=0x1f right=0xe9
# GOOD_PAIRS_BEGIN count=2
# GOOD_PAIR 0xdb 0xff
# GOOD_PAIR 0xdf 0xfb
# GOOD_PAIRS_END
0 2 0 2 3144
0 2 0 4 8954
0 2 0 6 10610
0 4 0 2 10070
0 4 0 4 5016
0 4 0 6 21830
0 8 0 2 6588
0 8 0 4 7602
0 8 0 6 3026
0 2 1 3 18428
0 2 1 5 18324
0 2 1 7 18740
0 4 1 3 11552
0 4 1 5 18858
0 4 1 7 696
0 8 1 3 1128
0 8 1 5 2722
0 8 1 7 10136
0 2 2 0 12598
0 2 2 4 5478
0 2 2 6 9292
0 4 2 0 8932
0 4 2 4 2408
0 4 2 6 14648
0 8 2 0 2366
0 8 2 4 7362
0 8 2 6 3820
0 2 3 1 5124
0 2 3 5 8460
0 2 3 7 10064
0 4 3 1 15094
0 4 3 5 12586
0 4 3 7 590
0 8 3 1 3886
0 8 3 5 2404
0 8 3 7 11160
0 2 4 0 3264
0 2 4 2 15800
0 2 4 6 11348
0 4 4 0 19836
0 4 4 2 4198
0 4 4 6 10672
0 8 4 0 228
0 8 4 2 19616
0 8 4 6 14312
0 2 5 1 7490
0 2 5 3 8850
0 2 5 7 29840
0 4 5 1 2092
0 4 5 3 21456
0 4 5 7 9472
0 8 5 1 24200
0 8 5 3 3046
0 8 5 7 2172
0 2 6 0 11374
0 2 6 2 9772
0 2 6 4 10182
0 4 6 0 4430
0 4 6 2 9550
0 4 6 4 7332
0 8 6 0 25622
0 8 6 2 12276
0 8 6 4 3224
0 2 7 1 2196
0 2 7 3 12128
0 2 7 5 6162
0 4 7 1 7376
0 4 7 3 2258
0 4 7 5 3582
0 8 7 1 706
0 8 7 3 3744
0 8 7 5 3698
0 2 8 10 162
0 2 8 12 12988
0 2 8 14 904
0 4 8 10 3844
0 4 8 12 308
0 4 8 14 4318
0 8 8 10 8730
0 8 8 12 25434
0 8 8 14 5216
0 2 9 11 3082
0 2 9 13 6680
0 2 9 15 15728
0 4 9 11 8786
0 4 9 13 18828
0 4 9 15 11780
0 8 9 11 15432
0 8 9 13 444
0 8 9 15 17586
0 2 10 8 15688
0 2 10 12 1670
0 2 10 14 10790
0 4 10 8 3116
0 4 10 12 9728
0 4 10 14 21996
0 8 10 8 7448
0 8 10 12 5148
0 8 10 14 8464
0 2 11 9 4878
0 2 11 13 9818
0 2 11 15 1044
0 4 11 9 17426
0 4 11 13 18168
0 4 11 15 2500
0 8 11 9 3290
0 8 11 13 6780
0 8 11 15 9220
0 2 12 8 2190
0 2 12 10 4374
0 2 12 14 6202
0 4 12 8 5262
0 4 12 10 9488
0 4 12 14 6804
0 8 12 8 9678
0 8 12 10 13530
0 8 12 14 2234
0 2 13 9 15314
0 2 13 11 9310
0 2 13 15 14482
0 4 13 9 5598
0 4 13 11 3234
0 4 13 15 18202
0 8 13 9 9100
0 8 13 11 9730
0 8 13 15 5696
0 2 14 8 9666
0 2 14 10 1120
0 2 14 12 9378
0 4 14 8 13852
0 4 14 10 14170
0 4 14 12 412
0 8 14 8 11858
0 8 14 10 5538
0 8 14 12 22944
0 2 15 9 19724
0 2 15 11 1006
0 2 15 13 6862
0 4 15 9 14284
0 4 15 11 1842
0 4 15 13 12174
0 8 15 9 10140
0 8 15 11 18594
0 8 15 13 14844
1 3 0 2 3088
1 3 0 4 10926
1 3 0 6 18620
1 5 0 2 8712
1 5 0 4 14932
1 5 0 6 22160
1 9 0 2 13278
1 9 0 4 1562
1 9 0 6 2320
1 3 1 3 3850
1 3 1 5 16024
1 3 1 7 2774
1 5 1 3 3882
1 5 1 5 2536
1 5 1 7 1574
1 9 1 3 1518
1 9 1 5 10848
1 9 1 7 11456
1 3 2 0 5526
1 3 2 4 26462
1 3 2 6 8798
1 5 2 0 7610
1 5 2 4 688
1 5 2 6 17414
1 9 2 0 13682
1 9 2 4 15796
1 9 2 6 17576
1 3 3 1 16752
1 3 3 5 8902
1 3 3 7 14612
1 5 3 1 4108
1 5 3 5 11008
1 5 3 7 6694
1 9 3 1 9348
1 9 3 5 1094
1 9 3 7 1304
1 3 4 0 6196
1 3 4 2 3106
1 3 4 6 19898
1 5 4 0 5494
1 5 4 2 2216
1 5 4 6 5978
1 9 4 0 10792
1 9 4 2 19604
1 9 4 6 2884
1 3 5 1 27242
1 3 5 3 3664
1 3 5 7 18068
1 5 5 1 9128
1 5 5 3 3554
1 5 5 7 13130
1 9 5 1 8506
1 9 5 3 10354
1 9 5 7 30248
1 3 6 0 4636
1 3 6 2 11458
1 3 6 4 14026
1 5 6 0 5984
1 5 6 2 6246
1 5 6 4 3426
1 9 6 0 4644
1 9 6 2 9824
1 9 6 4 13166
1 3 7 1 2700
1 3 7 3 15990
1 3 7 5 2552
1 5 7 1 10860
1 5 7 3 4230
1 5 7 5 12608
1 9 7 1 10586
1 9 7 3 7472
1 9 7 5 7444
1 3 8 10 28676
1 3 8 12 10170
1 3 8 14 15666
1 5 8 10 2266
1 5 8 12 2902
1 5 8 14 11596
1 9 8 10 1276
1 9 8 12 18264
1 9 8 14 22538
1 3 9 11 12060
1 3 9 13 27396
1 3 9 15 28438
1 5 9 11 4060
1 5 9 13 2364
1 5 9 15 4174
1 9 9 11 14062
1 9 9 13 13784
1 9 9 15 12520
1 3 10 8 7868
1 3 10 12 4982
1 3 10 14 19258
1 5 10 8 6026
1 5 10 12 6918
1 5 10 14 25078
1 9 10 8 3632
1 9 10 12 3240
1 9 10 14 10668
1 3 11 9 532
1 3 11 13 2956
1 3 11 15 1970
1 5 11 9 1926
1 5 11 13 22320
1 5 11 15 80
1 9 11 9 9340
1 9 11 13 7896
1 9 11 15 10698
1 3 12 8 6888
1 3 12 10 18396
1 3 12 14 740
1 5 12 8 12840
1 5 12 10 280
1 5 12 14 608
1 9 12 8 11864
1 9 12 10 11384
1 9 12 14 1558
1 3 13 9 1254
1 3 13 11 326
1 3 13 15 5666
1 5 13 9 26256
1 5 13 11 1176
1 5 13 15 6384
1 9 13 9 7154
1 9 13 11 9772
1 9 13 15 6848
1 3 14 8 1628
1 3 14 10 3038
1 3 14 12 1428
1 5 14 8 30604
1 5 14 10 14604
1 5 14 12 9126
1 9 14 8 1266
1 9 14 10 5242
1 9 14 12 13572
1 3 15 9 19834
1 3 15 11 17066
1 3 15 13 19140
1 5 15 9 15686
1 5 15 11 10922
1 5 15 13 10544
1 9 15 9 1178
1 9 15 11 21304
1 9 15 13 3760
2 6 0 2 27010
2 6 0 4 1012
2 6 0 6 13338
2 10 0 2 5374
2 10 0 4 1412
2 10 0 6 3322
2 6 1 3 15962
2 6 1 5 4772
2 6 1 7 15828
2 10 1 3 17492
2 10 1 5 17044
2 10 1 7 8230
2 6 2 0 6748
2 6 2 4 7828
2 6 2 6 10596
2 10 2 0 7804
2 10 2 4 3028
2 10 2 6 3726
2 6 3 1 2224
2 6 3 5 3910
2 6 3 7 13308
2 10 3 1 9074
2 10 3 5 10796
2 10 3 7 16664
2 6 4 0 9440
2 6 4 2 1196
2 6 4 6 16946
2 10 4 0 17122
2 10 4 2 16432
2 10 4 6 17138
2 6 5 1 19398
2 6 5 3 9564
2 6 5 7 15504
2 10 5 1 7152
2 10 5 3 6480
2 10 5 7 11422
2 6 6 0 22578
2 6 6 2 5290
2 6 6 4 9966
2 10 6 0 7382
2 10 6 2 8338
2 10 6 4 10608
2 6 7 1 4036
2 6 7 3 3344
2 6 7 5 11332
2 10 7 1 3514
2 10 7 3 708
2 10 7 5 17906
2 6 8 10 2196
2 6 8 12 1998
2 6 8 14 8554
2 10 8 10 16462
2 10 8 12 214
2 10 8 14 9898
2 6 9 11 12910
2 6 9 13 336
2 6 9 15 566
2 10 9 11 11108
2 10 9 13 15234
2 10 9 15 21594
2 6 10 8 13480
2 6 10 12 16330
2 6 10 14 2572
2 10 10 8 11128
2 10 10 12 15838
2 10 10 14 13780
2 6 11 9 840
2 6 11 13 17870
2 6 11 15 1876
2 10 11 9 4798
2 10 11 13 5614
2 10 11 15 1572
2 6 12 8 818
2 6 12 10 12980
2 6 12 14 10234
2 10 12 8 13528
2 10 12 10 13900
2 10 12 14 17082
2 6 13 9 6244
2 6 13 11 1904
2 6 13 15 3334
2 10 13 9 2488
2 10 13 11 9012
2 10 13 15 10512
2 6 14 8 16544
2 6 14 10 2384
2 6 14 12 7920
2 10 14 8 10096
2 10 14 10 12482
2 10 14 12 10626
2 6 15 9 2994
2 6 15 11 18030
2 6 15 13 31646
2 10 15 9 7224
2 10 15 11 17550
2 10 15 13 10294
3 7 0 2 18658
3 7 0 4 5984
3 7 0 6 10804
3 11 0 2 3196
3 11 0 4 18248
3 11 0 6 15052
3 7 1 3 6760
3 7 1 5 1384
3 7 1 7 9384
3 11 1 3 16540
3 11 1 5 11932
3 11 1 7 4118
3 7 2 0 12498
3 7 2 4 23606
3 7 2 6 9328
3 11 2 0 4792
3 11 2 4 8164
3 11 2 6 450
3 7 3 1 14150
3 7 3 5 29260
3 7 3 7 17682
3 11 3 1 7276
3 11 3 5 16932
3 11 3 7 10346
3 7 4 0 4518
3 7 4 2 14818
3 7 4 6 1272
3 11 4 0 1020
3 11 4 2 9208
3 11 4 6 6206
3 7 5 1 10300
3 7 5 3 12736
3 7 5 7 10982
3 11 5 1 5500
3 11 5 3 12300
3 11 5 7 15602
3 7 6 0 2590
3 7 6 2 4818
3 7 6 4 624
3 11 6 0 15942
3 11 6 2 3592
3 11 6 4 9134
3 7 7 1 18982
3 7 7 3 16006
3 7 7 5 16358
3 11 7 1 1880
3 11 7 3 22082
3 11 7 5 7206
3 7 8 10 9118
3 7 8 12 17000
3 7 8 14 5214
3 11 8 10 4458
3 11 8 12 5380
3 11 8 14 5194
3 7 9 11 11212
3 7 9 13 3838
3 7 9 15 13458
3 11 9 11 9138
3 11 9 13 15092
3 11 9 15 9288
3 7 10 8 9072
3 7 10 12 4372
3 7 10 14 3998
3 11 10 8 2072
3 11 10 12 7586
3 11 10 14 1892
3 7 11 9 9608
3 7 11 13 11238
3 7 11 15 10466
3 11 11 9 20872
3 11 11 13 5064
3 11 11 15 1206
3 7 12 8 13372
3 7 12 10 10760
3 7 12 14 6418
3 11 12 8 15464
3 11 12 10 9590
3 11 12 14 13984
3 7 13 9 5602
3 7 13 11 11670
3 7 13 15 17880
3 11 13 9 21314
3 11 13 11 792
3 11 13 15 7718
3 7 14 8 15910
3 7 14 10 7576
3 7 14 12 7716
3 11 14 8 16490
3 11 14 10 4440
3 11 14 12 17794
3 7 15 9 2300
3 7 15 11 1880
3 7 15 13 8886
3 11 15 9 32104
3 11 15 11 22530
3 11 15 13 9720
4 6 0 2 7000
4 6 0 4 4356
4 6 0 6 550
4 12 0 2 1508
4 12 0 4 8740
4 12 0 6 2378
4 6 1 3 17692
4 6 1 5 12488
4 6 1 7 15730
4 12 1 3 1526
4 12 1 5 12446
4 12 1 7 16234
4 6 2 0 17194
4 6 2 4 5204
4 6 2 6 16770
4 12 2 0 3974
4 12 2 4 1352
4 12 2 6 17532
4 6 3 1 19166
4 6 3 5 1218
4 6 3 7 6512
4 12 3 1 10730
4 12 3 5 2404
4 12 3 7 8844
4 6 4 0 7304
4 6 4 2 10898
4 6 4 6 2236
4 12 4 0 5244
4 12 4 2 4040
4 12 4 6 6158
4 6 5 1 15496
4 6 5 3 3702
4 6 5 7 6736
4 12 5 1 4752
4 12 5 3 15328
4 12 5 7 9076
4 6 6 0 548
4 6 6 2 12230
4 6 6 4 2244
4 12 6 0 11068
4 12 6 2 10508
4 12 6 4 20796
4 6 7 1 802
4 6 7 3 30
4 6 7 5 11792
4 12 7 1 13844
4 12 7 3 390
4 12 7 5 12428
4 6 8 10 10196
4 6 8 12 4800
4 6 8 14 7112
4 12 8 10 6012
4 12 8 12 9490
4 12 8 14 14396
4 6 9 11 3748
4 6 9 13 16776
4 6 9 15 25162
4 12 9 11 19126
4 12 9 13 9752
4 12 9 15 6140
4 6 10 8 8488
4 6 10 12 23162
4 6 10 14 10500
4 12 10 8 10532
4 12 10 12 438
4 12 10 14 8434
4 6 11 9 1728
4 6 11 13 10438
4 6 11 15 1406
4 12 11 9 8984
4 12 11 13 5568
4 12 11 15 9542
4 6 12 8 10302
4 6 12 10 10886
4 6 12 14 17892
4 12 12 8 1950
4 12 12 10 12206
4 12 12 14 770
4 6 13 9 5768
4 6 13 11 168
4 6 13 15 13360
4 12 13 9 9114
4 12 13 11 10660
4 12 13 15 4430
4 6 14 8 7124
4 6 14 10 16108
4 6 14 12 17418
4 12 14 8 18148
4 12 14 10 4262
4 12 14 12 11108
4 6 15 9 10226
4 6 15 11 11444
4 6 15 13 11434
4 12 15 9 14434
4 12 15 11 3828
4 12 15 13 1180
5 7 0 2 5408
5 7 0 4 4396
5 7 0 6 14728
5 13 0 2 690
5 13 0 4 4378
5 13 0 6 18024
5 7 1 3 3292
5 7 1 5 2144
5 7 1 7 14340
5 13 1 3 14894
5 13 1 5 7898
5 13 1 7 2020
5 7 2 0 6470
5 7 2 4 314
5 7 2 6 3552
5 13 2 0 3002
5 13 2 4 28
5 13 2 6 1794
5 7 3 1 23592
5 7 3 5 14014
5 7 3 7 4128
5 13 3 1 6100
5 13 3 5 8544
5 13 3 7 11728
5 7 4 0 1656
5 7 4 2 3098
5 7 4 6 13092
5 13 4 0 2360
5 13 4 2 11466
5 13 4 6 1950
5 7 5 1 348
5 7 5 3 27066
5 7 5 7 3200
5 13 5 1 5236
5 13 5 3 1416
5 13 5 7 10938
5 7 6 0 1480
5 7 6 2 21312
5 7 6 4 4000
5 13 6 0 32912
5 13 6 2 8160
5 13 6 4 21368
5 7 7 1 8646
5 7 7 3 2674
5 7 7 5 4632
5 13 7 1 13014
5 13 7 3 20250
5 13 7 5 6488
5 7 8 10 18704
5 7 8 12 2924
5 7 8 14 1850
5 13 8 10 7854
5 13 8 12 14308
5 13 8 14 8866
5 7 9 11 7694
5 7 9 13 17280
5 7 9 15 13150
5 13 9 11 11452
5 13 9 13 3682
5 13 9 15 12370
5 7 10 8 1960
5 7 10 12 8486
5 7 10 14 10846
5 13 10 8 5126
5 13 10 12 608
5 13 10 14 6104
5 7 11 9 12510
5 7 11 13 30926
5 7 11 15 13798
5 13 11 9 16966
5 13 11 13 16350
5 13 11 15 6708
5 7 12 8 9516
5 7 12 10 10336
5 7 12 14 10672
5 13 12 8 16736
5 13 12 10 15392
5 13 12 14 8198
5 7 13 9 18
5 7 13 11 17838
5 7 13 15 8232
5 13 13 9 4548
5 13 13 11 25462
5 13 13 15 3886
5 7 14 8 6878
5 7 14 10 9868
5 7 14 12 8290
5 13 14 8 11118
5 13 14 10 2212
5 13 14 12 9444
5 7 15 9 5782
5 7 15 11 9082
5 7 15 13 12074
5 13 15 9 4306
5 13 15 11 10010
5 13 15 13 1352
6 14 0 2 9084
6 14 0 4 8646
6 14 0 6 5388
6 14 1 3 5426
6 14 1 5 14672
6 14 1 7 1056
6 14 2 0 7706
6 14 2 4 10724
6 14 2 6 1492
6 14 3 1 9666
6 14 3 5 1542
6 14 3 7 17984
6 14 4 0 11046
6 14 4 2 4348
6 14 4 6 2040
6 14 5 1 238
6 14 5 3 11468
6 14 5 7 11588
6 14 6 0 2134
6 14 6 2 8364
6 14 6 4 13478
6 14 7 1 12268
6 14 7 3 7080
6 14 7 5 3062
6 14 8 10 14016
6 14 8 12 4866
6 14 8 14 22888
6 14 9 11 8994
6 14 9 13 9890
6 14 9 15 10896
6 14 10 8 6044
6 14 10 12 18854
6 14 10 14 442
6 14 11 9 5570
6 14 11 13 5232
6 14 11 15 5474
6 14 12 8 30348
6 14 12 10 7788
6 14 12 14 3812
6 14 13 9 7404
6 14 13 11 14480
6 14 13 15 384
6 14 14 8 8634
6 14 14 10 10060
6 14 14 12 108
6 14 15 9 5562
6 14 15 11 6564
6 14 15 13 10162
7 15 0 2 5314
7 15 0 4 4002
7 15 0 6 6900
7 15 1 3 13222
7 15 1 5 3084
7 15 1 7 496
7 15 2 0 32
7 15 2 4 9370
7 15 2 6 11722
7 15 3 1 11218
7 15 3 5 416
7 15 3 7 11308
7 15 4 0 926
7 15 4 2 4104
7 15 4 6 9742
7 15 5 1 2814
7 15 5 3 872
7 15 5 7 15756
7 15 6 0 10144
7 15 6 2 20554
7 15 6 4 5204
7 15 7 1 17186
7 15 7 3 5606
7 15 7 5 4760
7 15 8 10 1110
7 15 8 12 5280
7 15 8 14 19350
7 15 9 11 8636
7 15 9 13 6708
7 15 9 15 20182
7 15 10 8 1666
7 15 10 12 7572
7 15 10 14 6716
7 15 11 9 1308
7 15 11 13 2778
7 15 11 15 4014
7 15 12 8 5100
7 15 12 10 2308
7 15 12 14 14228
7 15 13 9 25698
7 15 13 11 1492
7 15 13 15 6938
7 15 14 8 3628
7 15 14 10 1306
7 15 14 12 2518
7 15 15 9 22570
7 15 15 11 10732
7 15 15 13 17314
8 10 0 2 8616
8 10 0 4 818
8 10 0 6 2244
8 12 0 2 1140
8 12 0 4 11662
8 12 0 6 22700
8 10 1 3 910
8 10 1 5 4368
8 10 1 7 12268
8 12 1 3 3564
8 12 1 5 21086
8 12 1 7 4330
8 10 2 0 9516
8 10 2 4 9130
8 10 2 6 934
8 12 2 0 1822
8 12 2 4 8864
8 12 2 6 616
8 10 3 1 3614
8 10 3 5 9530
8 10 3 7 32348
8 12 3 1 11886
8 12 3 5 4710
8 12 3 7 8768
8 10 4 0 3884
8 10 4 2 13114
8 10 4 6 11938
8 12 4 0 3628
8 12 4 2 10102
8 12 4 6 8824
8 10 5 1 17788
8 10 5 3 7492
8 10 5 7 1576
8 12 5 1 14222
8 12 5 3 14022
8 12 5 7 446
8 10 6 0 9918
8 10 6 2 14858
8 10 6 4 6332
8 12 6 0 1364
8 12 6 2 14898
8 12 6 4 17690
8 10 7 1 15194
8 10 7 3 4014
8 10 7 5 1106
8 12 7 1 15050
8 12 7 3 7702
8 12 7 5 25006
8 10 8 10 11960
8 10 8 12 20424
8 10 8 14 11778
8 12 8 10 8528
8 12 8 12 6028
8 12 8 14 5682
8 10 9 11 3490
8 10 9 13 8648
8 10 9 15 11678
8 12 9 11 898
8 12 9 13 6378
8 12 9 15 11406
8 10 10 8 1674
8 10 10 12 17332
8 10 10 14 11498
8 12 10 8 10112
8 12 10 12 748
8 12 10 14 7314
8 10 11 9 10180
8 10 11 13 10586
8 10 11 15 8094
8 12 11 9 3408
8 12 11 13 1690
8 12 11 15 22740
8 10 12 8 15726
8 10 12 10 5780
8 10 12 14 3442
8 12 12 8 2318
8 12 12 10 8526
8 12 12 14 22470
8 10 13 9 6814
8 10 13 11 13090
8 10 13 15 1848
8 12 13 9 15986
8 12 13 11 9062
8 12 13 15 21472
8 10 14 8 5554
8 10 14 10 12626
8 10 14 12 8350
8 12 14 8 8402
8 12 14 10 23280
8 12 14 12 29308
8 10 15 9 11636
8 10 15 11 2694
8 10 15 13 9676
8 12 15 9 4154
8 12 15 11 2260
8 12 15 13 7144
9 11 0 2 496
9 11 0 4 10922
9 11 0 6 9414
9 13 0 2 9836
9 13 0 4 2228
9 13 0 6 1346
9 11 1 3 1964
9 11 1 5 5496
9 11 1 7 10010
9 13 1 3 12900
9 13 1 5 11042
9 13 1 7 8822
9 11 2 0 92
9 11 2 4 10162
9 11 2 6 148
9 13 2 0 7370
9 13 2 4 3834
9 13 2 6 4498
9 11 3 1 4486
9 11 3 5 27400
9 11 3 7 886
9 13 3 1 330
9 13 3 5 2220
9 13 3 7 8892
9 11 4 0 3784
9 11 4 2 1530
9 11 4 6 7446
9 13 4 0 6060
9 13 4 2 25126
9 13 4 6 5972
9 11 5 1 264
9 11 5 3 7770
9 11 5 7 5508
9 13 5 1 2578
9 13 5 3 6220
9 13 5 7 10300
9 11 6 0 2442
9 11 6 2 6320
9 11 6 4 11858
9 13 6 0 28256
9 13 6 2 11864
9 13 6 4 3408
9 11 7 1 5864
9 11 7 3 8848
9 11 7 5 5352
9 13 7 1 20574
9 13 7 3 12576
9 13 7 5 1648
9 11 8 10 2290
9 11 8 12 13182
9 11 8 14 3836
9 13 8 10 8786
9 13 8 12 19302
9 13 8 14 4744
9 11 9 11 12550
9 11 9 13 10706
9 11 9 15 12670
9 13 9 11 3822
9 13 9 13 4258
9 13 9 15 26232
9 11 10 8 3194
9 11 10 12 15928
9 11 10 14 1136
9 13 10 8 658
9 13 10 12 4578
9 13 10 14 9428
9 11 11 9 10836
9 11 11 13 9736
9 11 11 15 1694
9 13 11 9 11104
9 13 11 13 5784
9 13 11 15 8826
9 11 12 8 3506
9 11 12 10 9810
9 11 12 14 12380
9 13 12 8 13740
9 13 12 10 7636
9 13 12 14 9398
9 11 13 9 3254
9 11 13 11 10732
9 11 13 15 5828
9 13 13 9 10140
9 13 13 11 16018
9 13 13 15 8090
9 11 14 8 1708
9 11 14 10 4936
9 11 14 12 4780
9 13 14 8 1168
9 13 14 10 5630
9 13 14 12 8564
9 11 15 9 16320
9 11 15 11 25826
9 11 15 13 18778
9 13 15 9 12524
9 13 15 11 1676
9 13 15 13 3818
10 14 0 2 754
10 14 0 4 12796
10 14 0 6 224
10 14 1 3 25884
10 14 1 5 5466
10 14 1 7 348
10 14 2 0 8264
10 14 2 4 7020
10 14 2 6 8364
10 14 3 1 8652
10 14 3 5 12340
10 14 3 7 12062
10 14 4 0 4016
10 14 4 2 13002
10 14 4 6 4162
10 14 5 1 1064
10 14 5 3 1518
10 14 5 7 8814
10 14 6 0 182
10 14 6 2 2080
10 14 6 4 142
10 14 7 1 12952
10 14 7 3 16866
10 14 7 5 13610
10 14 8 10 9632
10 14 8 12 15526
10 14 8 14 4428
10 14 9 11 6962
10 14 9 13 546
10 14 9 15 14922
10 14 10 8 9976
10 14 10 12 624
10 14 10 14 19664
10 14 11 9 4786
10 14 11 13 6260
10 14 11 15 11108
10 14 12 8 14340
10 14 12 10 2822
10 14 12 14 13654
10 14 13 9 4806
10 14 13 11 5492
10 14 13 15 13580
10 14 14 8 2970
10 14 14 10 3184
10 14 14 12 16678
10 14 15 9 6910
10 14 15 11 8508
10 14 15 13 6686
11 15 0 2 5672
11 15 0 4 7848
11 15 0 6 56
11 15 1 3 16052
11 15 1 5 5080
11 15 1 7 10366
11 15 2 0 29970
11 15 2 4 10546
11 15 2 6 21530
11 15 3 1 5412
11 15 3 5 4714
11 15 3 7 930
11 15 4 0 3402
11 15 4 2 6134
11 15 4 6 4208
11 15 5 1 3780
11 15 5 3 2880
11 15 5 7 11976
11 15 6 0 6910
11 15 6 2 9352
11 15 6 4 2968
11 15 7 1 12976
11 15 7 3 7748
11 15 7 5 3968
11 15 8 10 8466
11 15 8 12 1710
11 15 8 14 10398
11 15 9 11 11284
11 15 9 13 7120
11 15 9 15 15534
11 15 10 8 14678
11 15 10 12 15020
11 15 10 14 7340
11 15 11 9 9690
11 15 11 13 64
11 15 11 15 12484
11 15 12 8 536
11 15 12 10 4758
11 15 12 14 17018
11 15 13 9 3486
11 15 13 11 1106
11 15 13 15 1770
11 15 14 8 4236
11 15 14 10 1152
11 15 14 12 9002
11 15 15 9 13866
11 15 15 11 11868
11 15 15 13 5722
12 14 0 2 2598
12 14 0 4 35632
12 14 0 6 3082
12 14 1 3 4056
12 14 1 5 1640
12 14 1 7 9046
12 14 2 0 3150
12 14 2 4 3182
12 14 2 6 6870
12 14 3 1 1358
12 14 3 5 10374
12 14 3 7 3580
12 14 4 0 19268
12 14 4 2 3926
12 14 4 6 4600
12 14 5 1 12100
12 14 5 3 17596
12 14 5 7 6804
12 14 6 0 178
12 14 6 2 1158
12 14 6 4 5772
12 14 7 1 4798
12 14 7 3 16394
12 14 7 5 5244
12 14 8 10 17678
12 14 8 12 9136
12 14 8 14 14504
12 14 9 11 22078
12 14 9 13 5252
12 14 9 15 9126
12 14 10 8 5390
12 14 10 12 15080
12 14 10 14 8054
12 14 11 9 4168
12 14 11 13 3850
12 14 11 15 17526
12 14 12 8 12116
12 14 12 10 742
12 14 12 14 9032
12 14 13 9 19350
12 14 13 11 7512
12 14 13 15 14016
12 14 14 8 22064
12 14 14 10 14988
12 14 14 12 10050
12 14 15 9 18642
12 14 15 11 17416
12 14 15 13 1388
13 15 0 2 33830
13 15 0 4 8710
13 15 0 6 15004
13 15 1 3 14072
13 15 1 5 4394
13 15 1 7 7182
13 15 2 0 7492
13 15 2 4 14872
13 15 2 6 12366
13 15 3 1 2124
13 15 3 5 11916
13 15 3 7 4900
13 15 4 0 7628
13 15 4 2 26528
13 15 4 6 8956
13 15 5 1 8148
13 15 5 3 8598
13 15 5 7 16132
13 15 6 0 2296
13 15 6 2 1948
13 15 6 4 30440
13 15 7 1 15594
13 15 7 3 2702
13 15 7 5 15798
13 15 8 10 18362
13 15 8 12 10362
13 15 8 14 16604
13 15 9 11 1346
13 15 9 13 506
13 15 9 15 14414
13 15 10 8 1264
13 15 10 12 8048
13 15 10 14 8838
13 15 11 9 3574
13 15 11 13 23362
13 15 11 15 61964
13 15 12 8 10634
13 15 12 10 6718
13 15 12 14 2180
13 15 13 9 8226
13 15 13 11 20808
13 15 13 15 7672
13 15 14 8 10896
13 15 14 10 3008
13 15 14 12 24952
13 15 15 9 3572
13 15 15 11 67160
13 15 15 13 1382
