# KEY left=0xd5 right=0x02
# GOOD_PAIRS_BEGIN count=4
# GOOD_PAIR 0x18 0x3e
# GOOD_PAIR 0x1e 0x38
# GOOD_PAIR 0x58 0xde
# GOOD_PAIR 0x5e 0xd8
# GOOD_PAIRS_END
0 2 0 2 3358
0 2 0 4 444
0 2 0 6 8940
0 4 0 2 1296
0 4 0 4 6840
0 4 0 6 4954
0 8 0 2 7172
0 8 0 4 2856
0 8 0 6 1032
0 2 1 3 6950
0 2 1 5 7902
0 2 1 7 7800
0 4 1 3 5348
0 4 1 5 3630
0 4 1 7 1506
0 8 1 3 6576
0 8 1 5 10452
0 8 1 7 33570
0 2 2 0 1742
0 2 2 4 5810
0 2 2 6 21034
0 4 2 0 18834
0 4 2 4 16608
0 4 2 6 2606
0 8 2 0 7442
0 8 2 4 11864
0 8 2 6 942
0 2 3 1 7192
0 2 3 5 3468
0 2 3 7 15996
0 4 3 1 7616
0 4 3 5 21710
0 4 3 7 8790
0 8 3 1 9694
0 8 3 5 3804
0 8 3 7 3790
0 2 4 0 14168
0 2 4 2 4874
0 2 4 6 6488
0 4 4 0 15848
0 4 4 2 2182
0 4 4 6 4754
0 8 4 0 6086
0 8 4 2 1278
0 8 4 6 6488
0 2 5 1 9896
0 2 5 3 23094
0 2 5 7 86
0 4 5 1 10566
0 4 5 3 12642
0 4 5 7 8332
0 8 5 1 4146
0 8 5 3 5506
0 8 5 7 8564
0 2 6 0 342
0 2 6 2 12462
0 2 6 4 5266
0 4 6 0 2254
0 4 6 2 552
0 4 6 4 8058
0 8 6 0 2840
0 8 6 2 6034
0 8 6 4 3886
0 2 7 1 4578
0 2 7 3 31916
0 2 7 5 15284
0 4 7 1 5604
0 4 7 3 8638
0 4 7 5 9640
0 8 7 1 19622
0 8 7 3 318
0 8 7 5 1918
0 2 8 10 1498
0 2 8 12 18562
0 2 8 14 18278
0 4 8 10 6720
0 4 8 12 23882
0 4 8 14 24778
0 8 8 10 8064
0 8 8 12 11268
0 8 8 14 2974
0 2 9 11 4780
0 2 9 13 13970
0 2 9 15 10198
0 4 9 11 1810
0 4 9 13 6864
0 4 9 15 22824
0 8 9 11 1364
0 8 9 13 16426
0 8 9 15 19994
0 2 10 8 11758
0 2 10 12 1344
0 2 10 14 2950
0 4 10 8 1028
0 4 10 12 1074
0 4 10 14 14890
0 8 10 8 7446
0 8 10 12 5798
0 8 10 14 1670
0 2 11 9 10602
0 2 11 13 2548
0 2 11 15 22414
0 4 11 9 23650
0 4 11 13 14364
0 4 11 15 19104
0 8 11 9 25022
0 8 11 13 11078
0 8 11 15 558
0 2 12 8 12876
0 2 12 10 21814
0 2 12 14 12714
0 4 12 8 16814
0 4 12 10 5038
0 4 12 14 23630
0 8 12 8 6452
0 8 12 10 14606
0 8 12 14 20800
0 2 13 9 12086
0 2 13 11 3430
0 2 13 15 12794
0 4 13 9 13100
0 4 13 11 2146
0 4 13 15 980
0 8 13 9 3910
0 8 13 11 6496
0 8 13 15 21262
0 2 14 8 21236
0 2 14 10 14004
0 2 14 12 13060
0 4 14 8 8458
0 4 14 10 2366
0 4 14 12 1844
0 8 14 8 15204
0 8 14 10 9466
0 8 14 12 11402
0 2 15 9 1628
0 2 15 11 8246
0 2 15 13 10390
0 4 15 9 10662
0 4 15 11 2124
0 4 15 13 7060
0 8 15 9 15728
0 8 15 11 27010
0 8 15 13 14374
1 3 0 2 8178
1 3 0 4 1972
1 3 0 6 18284
1 5 0 2 8128
1 5 0 4 7658
1 5 0 6 9286
1 9 0 2 9656
1 9 0 4 23314
1 9 0 6 9190
1 3 1 3 1684
1 3 1 5 7162
1 3 1 7 12974
1 5 1 3 15016
1 5 1 5 31438
1 5 1 7 232
1 9 1 3 14876
1 9 1 5 4514
1 9 1 7 10244
1 3 2 0 3874
1 3 2 4 15028
1 3 2 6 5132
1 5 2 0 16252
1 5 2 4 6338
1 5 2 6 3792
1 9 2 0 5138
1 9 2 4 6936
1 9 2 6 20308
1 3 3 1 4610
1 3 3 5 790
1 3 3 7 7216
1 5 3 1 15300
1 5 3 5 24008
1 5 3 7 9522
1 9 3 1 638
1 9 3 5 5866
1 9 3 7 4784
1 3 4 0 13616
1 3 4 2 22494
1 3 4 6 14860
1 5 4 0 8096
1 5 4 2 8598
1 5 4 6 4758
1 9 4 0 2598
1 9 4 2 4962
1 9 4 6 5374
1 3 5 1 13206
1 3 5 3 8298
1 3 5 7 10456
1 5 5 1 13982
1 5 5 3 4518
1 5 5 7 31412
1 9 5 1 894
1 9 5 3 5806
1 9 5 7 8846
1 3 6 0 6092
1 3 6 2 10048
1 3 6 4 18270
1 5 6 0 7156
1 5 6 2 14958
1 5 6 4 5560
1 9 6 0 16244
1 9 6 2 16836
1 9 6 4 1312
1 3 7 1 11118
1 3 7 3 7204
1 3 7 5 11296
1 5 7 1 3830
1 5 7 3 11468
1 5 7 5 7014
1 9 7 1 5976
1 9 7 3 7382
1 9 7 5 5558
1 3 8 10 16886
1 3 8 12 15400
1 3 8 14 73156
1 5 8 10 11426
1 5 8 12 5902
1 5 8 14 19010
1 9 8 10 4670
1 9 8 12 1866
1 9 8 14 13624
1 3 9 11 8066
1 3 9 13 24798
1 3 9 15 11544
1 5 9 11 3650
1 5 9 13 12684
1 5 9 15 12264
1 9 9 11 9016
1 9 9 13 7924
1 9 9 15 1072
1 3 10 8 8954
1 3 10 12 8516
1 3 10 14 12352
1 5 10 8 29104
1 5 10 12 17224
1 5 10 14 4490
1 9 10 8 1484
1 9 10 12 27602
1 9 10 14 6478
1 3 11 9 7246
1 3 11 13 4252
1 3 11 15 554
1 5 11 9 22578
1 5 11 13 648
1 5 11 15 84
1 9 11 9 8282
1 9 11 13 1610
1 9 11 15 5058
1 3 12 8 6002
1 3 12 10 7572
1 3 12 14 10006
1 5 12 8 470
1 5 12 10 1432
1 5 12 14 8568
1 9 12 8 17546
1 9 12 10 13518
1 9 12 14 9204
1 3 13 9 2134
1 3 13 11 9138
1 3 13 15 11934
1 5 13 9 15192
1 5 13 11 15444
1 5 13 15 4542
1 9 13 9 1906
1 9 13 11 6888
1 9 13 15 8786
1 3 14 8 82276
1 3 14 10 3650
1 3 14 12 9650
1 5 14 8 1008
1 5 14 10 4022
1 5 14 12 3668
1 9 14 8 14036
1 9 14 10 6226
1 9 14 12 2202
1 3 15 9 37074
1 3 15 11 6192
1 3 15 13 6118
1 5 15 9 12350
1 5 15 11 13916
1 5 15 13 22346
1 9 15 9 11092
1 9 15 11 9726
1 9 15 13 6002
2 6 0 2 1426
2 6 0 4 16672
2 6 0 6 716
2 10 0 2 17632
2 10 0 4 5424
2 10 0 6 1222
2 6 1 3 15314
2 6 1 5 17946
2 6 1 7 306
2 10 1 3 14324
2 10 1 5 9702
2 10 1 7 3350
2 6 2 0 13356
2 6 2 4 17244
2 6 2 6 17054
2 10 2 0 15846
2 10 2 4 12232
2 10 2 6 9440
2 6 3 1 19240
2 6 3 5 10920
2 6 3 7 14046
2 10 3 1 4914
2 10 3 5 4284
2 10 3 7 5474
2 6 4 0 19916
2 6 4 2 16042
2 6 4 6 1080
2 10 4 0 11424
2 10 4 2 860
2 10 4 6 14774
2 6 5 1 7896
2 6 5 3 1528
2 6 5 7 10452
2 10 5 1 686
2 10 5 3 16028
2 10 5 7 10756
2 6 6 0 1274
2 6 6 2 636
2 6 6 4 6706
2 10 6 0 11904
2 10 6 2 2742
2 10 6 4 2426
2 6 7 1 11282
2 6 7 3 5056
2 6 7 5 2096
2 10 7 1 14684
2 10 7 3 6412
2 10 7 5 14430
2 6 8 10 7614
2 6 8 12 10828
2 6 8 14 670
2 10 8 10 23090
2 10 8 12 8544
2 10 8 14 6672
2 6 9 11 16196
2 6 9 13 652
2 6 9 15 5758
2 10 9 11 16188
2 10 9 13 7592
2 10 9 15 11732
2 6 10 8 25828
2 6 10 12 23088
2 6 10 14 10648
2 10 10 8 178
2 10 10 12 14824
2 10 10 14 9004
2 6 11 9 8706
2 6 11 13 15720
2 6 11 15 132
2 10 11 9 18058
2 10 11 13 2864
2 10 11 15 11404
2 6 12 8 740
2 6 12 10 2672
2 6 12 14 1524
2 10 12 8 1584
2 10 12 10 3938
2 10 12 14 20456
2 6 13 9 23774
2 6 13 11 10732
2 6 13 15 4260
2 10 13 9 6160
2 10 13 11 2376
2 10 13 15 12356
2 6 14 8 4444
2 6 14 10 15728
2 6 14 12 17226
2 10 14 8 13078
2 10 14 10 7092
2 10 14 12 16714
2 6 15 9 11972
2 6 15 11 11456
2 6 15 13 1048
2 10 15 9 28052
2 10 15 11 25814
2 10 15 13 2674
3 7 0 2 32570
3 7 0 4 1322
3 7 0 6 7420
3 11 0 2 3728
3 11 0 4 1256
3 11 0 6 4982
3 7 1 3 8300
3 7 1 5 20570
3 7 1 7 9780
3 11 1 3 7366
3 11 1 5 6270
3 11 1 7 6516
3 7 2 0 2136
3 7 2 4 25562
3 7 2 6 6838
3 11 2 0 5470
3 11 2 4 4844
3 11 2 6 10998
3 7 3 1 13014
3 7 3 5 34136
3 7 3 7 27512
3 11 3 1 11816
3 11 3 5 1808
3 11 3 7 4990
3 7 4 0 17976
3 7 4 2 13862
3 7 4 6 10900
3 11 4 0 7322
3 11 4 2 23114
3 11 4 6 1956
3 7 5 1 3016
3 7 5 3 8440
3 7 5 7 8258
3 11 5 1 11732
3 11 5 3 17202
3 11 5 7 804
3 7 6 0 11434
3 7 6 2 5170
3 7 6 4 3304
3 11 6 0 14074
3 11 6 2 6064
3 11 6 4 19348
3 7 7 1 9104
3 7 7 3 10124
3 7 7 5 5962
3 11 7 1 11102
3 11 7 3 1620
3 11 7 5 492
3 7 8 10 3504
3 7 8 12 5912
3 7 8 14 3912
3 11 8 10 9752
3 11 8 12 2452
3 11 8 14 3572
3 7 9 11 4646
3 7 9 13 10278
3 7 9 15 14292
3 11 9 11 1780
3 11 9 13 14198
3 11 9 15 4886
3 7 10 8 1598
3 7 10 12 12604
3 7 10 14 2120
3 11 10 8 4106
3 11 10 12 10194
3 11 10 14 378
3 7 11 9 13092
3 7 11 13 1828
3 7 11 15 14114
3 11 11 9 18294
3 11 11 13 320
3 11 11 15 2964
3 7 12 8 4126
3 7 12 10 6270
3 7 12 14 16544
3 11 12 8 22946
3 11 12 10 13934
3 11 12 14 16406
3 7 13 9 16450
3 7 13 11 3156
3 7 13 15 2854
3 11 13 9 4810
3 11 13 11 23510
3 11 13 15 14836
3 7 14 8 18074
3 7 14 10 3686
3 7 14 12 5790
3 11 14 8 23686
3 11 14 10 7248
3 11 14 12 11822
3 7 15 9 8048
3 7 15 11 2446
3 7 15 13 7362
3 11 15 9 9936
3 11 15 11 5812
3 11 15 13 14432
4 6 0 2 8938
4 6 0 4 11118
4 6 0 6 20140
4 12 0 2 3974
4 12 0 4 10926
4 12 0 6 5754
4 6 1 3 2742
4 6 1 5 3150
4 6 1 7 11724
4 12 1 3 14574
4 12 1 5 3460
4 12 1 7 15832
4 6 2 0 17034
4 6 2 4 8584
4 6 2 6 13140
4 12 2 0 8446
4 12 2 4 12298
4 12 2 6 10958
4 6 3 1 6270
4 6 3 5 18264
4 6 3 7 8712
4 12 3 1 1830
4 12 3 5 1376
4 12 3 7 8674
4 6 4 0 1664
4 6 4 2 2600
4 6 4 6 3064
4 12 4 0 7048
4 12 4 2 3622
4 12 4 6 8506
4 6 5 1 1000
4 6 5 3 4616
4 6 5 7 1820
4 12 5 1 8916
4 12 5 3 5396
4 12 5 7 4088
4 6 6 0 3030
4 6 6 2 16420
4 6 6 4 17596
4 12 6 0 206
4 12 6 2 4856
4 12 6 4 24532
4 6 7 1 4734
4 6 7 3 778
4 6 7 5 10810
4 12 7 1 20426
4 12 7 3 3360
4 12 7 5 18592
4 6 8 10 3860
4 6 8 12 5950
4 6 8 14 6916
4 12 8 10 8532
4 12 8 12 28686
4 12 8 14 12276
4 6 9 11 7008
4 6 9 13 1920
4 6 9 15 2192
4 12 9 11 2214
4 12 9 13 5180
4 12 9 15 6756
4 6 10 8 7432
4 6 10 12 9946
4 6 10 14 348
4 12 10 8 1526
4 12 10 12 9262
4 12 10 14 6478
4 6 11 9 5602
4 6 11 13 11764
4 6 11 15 8666
4 12 11 9 10734
4 12 11 13 6838
4 12 11 15 9392
4 6 12 8 2054
4 6 12 10 5970
4 6 12 14 8472
4 12 12 8 1914
4 12 12 10 642
4 12 12 14 14310
4 6 13 9 3158
4 6 13 11 7932
4 6 13 15 18958
4 12 13 9 12520
4 12 13 11 16050
4 12 13 15 5988
4 6 14 8 13776
4 6 14 10 12378
4 6 14 12 6712
4 12 14 8 19632
4 12 14 10 11550
4 12 14 12 1952
4 6 15 9 14528
4 6 15 11 7834
4 6 15 13 5378
4 12 15 9 21350
4 12 15 11 5004
4 12 15 13 11056
5 7 0 2 4632
5 7 0 4 19938
5 7 0 6 6448
5 13 0 2 8360
5 13 0 4 3454
5 13 0 6 5110
5 7 1 3 13054
5 7 1 5 13612
5 7 1 7 17826
5 13 1 3 9458
5 13 1 5 7850
5 13 1 7 12366
5 7 2 0 17824
5 7 2 4 4686
5 7 2 6 18596
5 13 2 0 14546
5 13 2 4 13946
5 13 2 6 19806
5 7 3 1 8230
5 7 3 5 19448
5 7 3 7 4960
5 13 3 1 11166
5 13 3 5 4784
5 13 3 7 11208
5 7 4 0 14960
5 7 4 2 8632
5 7 4 6 1238
5 13 4 0 9436
5 13 4 2 9520
5 13 4 6 6766
5 7 5 1 3954
5 7 5 3 4022
5 7 5 7 5088
5 13 5 1 9776
5 13 5 3 1036
5 13 5 7 9626
5 7 6 0 16914
5 7 6 2 9020
5 7 6 4 5936
5 13 6 0 1650
5 13 6 2 2556
5 13 6 4 25640
5 7 7 1 3194
5 7 7 3 2032
5 7 7 5 3256
5 13 7 1 1198
5 13 7 3 11818
5 13 7 5 300
5 7 8 10 19212
5 7 8 12 8010
5 7 8 14 6794
5 13 8 10 12188
5 13 8 12 16812
5 13 8 14 71554
5 7 9 11 16460
5 7 9 13 6278
5 7 9 15 10388
5 13 9 11 22022
5 13 9 13 828
5 13 9 15 16130
5 7 10 8 16724
5 7 10 12 3782
5 7 10 14 13954
5 13 10 8 4384
5 13 10 12 7174
5 13 10 14 15204
5 7 11 9 7142
5 7 11 13 13304
5 7 11 15 4948
5 13 11 9 50
5 13 11 13 728
5 13 11 15 7588
5 7 12 8 7884
5 7 12 10 9448
5 7 12 14 108
5 13 12 8 1984
5 13 12 10 9092
5 13 12 14 2008
5 7 13 9 836
5 7 13 11 13856
5 7 13 15 2954
5 13 13 9 3506
5 13 13 11 19854
5 13 13 15 1978
5 7 14 8 10754
5 7 14 10 9142
5 7 14 12 5714
5 13 14 8 58112
5 13 14 10 16846
5 13 14 12 15028
5 7 15 9 17600
5 7 15 11 18746
5 7 15 13 5982
5 13 15 9 5984
5 13 15 11 19476
5 13 15 13 3882
6 14 0 2 2320
6 14 0 4 9242
6 14 0 6 13936
6 14 1 3 10096
6 14 1 5 7282
6 14 1 7 18448
6 14 2 0 7358
6 14 2 4 10424
6 14 2 6 1236
6 14 3 1 11430
6 14 3 5 19644
6 14 3 7 12798
6 14 4 0 15138
6 14 4 2 13272
6 14 4 6 5154
6 14 5 1 9036
6 14 5 3 14448
6 14 5 7 46938
6 14 6 0 3286
6 14 6 2 19904
6 14 6 4 10292
6 14 7 1 9530
6 14 7 3 3502
6 14 7 5 420
6 14 8 10 15952
6 14 8 12 6434
6 14 8 14 3056
6 14 9 11 6680
6 14 9 13 5226
6 14 9 15 13962
6 14 10 8 906
6 14 10 12 1942
6 14 10 14 10930
6 14 11 9 16778
6 14 11 13 1050
6 14 11 15 19972
6 14 12 8 5696
6 14 12 10 4420
6 14 12 14 11840
6 14 13 9 5436
6 14 13 11 3272
6 14 13 15 3048
6 14 14 8 16428
6 14 14 10 8242
6 14 14 12 32038
6 14 15 9 4884
6 14 15 11 3128
6 14 15 13 12374
7 15 0 2 4674
7 15 0 4 21348
7 15 0 6 7538
7 15 1 3 11976
7 15 1 5 5988
7 15 1 7 2078
7 15 2 0 8652
7 15 2 4 20790
7 15 2 6 2758
7 15 3 1 4890
7 15 3 5 17766
7 15 3 7 3660
7 15 4 0 1218
7 15 4 2 7402
7 15 4 6 1758
7 15 5 1 8350
7 15 5 3 12476
7 15 5 7 4722
7 15 6 0 6272
7 15 6 2 19878
7 15 6 4 18576
7 15 7 1 18954
7 15 7 3 11104
7 15 7 5 14778
7 15 8 10 25260
7 15 8 12 2162
7 15 8 14 1156
7 15 9 11 18310
7 15 9 13 21690
7 15 9 15 13360
7 15 10 8 24178
7 15 10 12 29250
7 15 10 14 7112
7 15 11 9 3918
7 15 11 13 8766
7 15 11 15 6222
7 15 12 8 1664
7 15 12 10 7216
7 15 12 14 5042
7 15 13 9 1058
7 15 13 11 16086
7 15 13 15 4594
7 15 14 8 12542
7 15 14 10 7748
7 15 14 12 10716
7 15 15 9 1914
7 15 15 11 23394
7 15 15 13 5348
8 10 0 2 23232
8 10 0 4 4886
8 10 0 6 19664
8 12 0 2 3622
8 12 0 4 12458
8 12 0 6 1764
8 10 1 3 14460
8 10 1 5 8058
8 10 1 7 5020
8 12 1 3 4944
8 12 1 5 946
8 12 1 7 2322
8 10 2 0 5888
8 10 2 4 13310
8 10 2 6 5986
8 12 2 0 19498
8 12 2 4 27028
8 12 2 6 4074
8 10 3 1 3850
8 10 3 5 22830
8 10 3 7 15148
8 12 3 1 16730
8 12 3 5 4092
8 12 3 7 6290
8 10 4 0 4502
8 10 4 2 17572
8 10 4 6 15354
8 12 4 0 3414
8 12 4 2 27108
8 12 4 6 4676
8 10 5 1 5930
8 10 5 3 29440
8 10 5 7 7090
8 12 5 1 10918
8 12 5 3 20778
8 12 5 7 16658
8 10 6 0 8642
8 10 6 2 1734
8 10 6 4 15168
8 12 6 0 11888
8 12 6 2 10816
8 12 6 4 6640
8 10 7 1 17120
8 10 7 3 20202
8 10 7 5 308
8 12 7 1 6018
8 12 7 3 7796
8 12 7 5 4084
8 10 8 10 1802
8 10 8 12 874
8 10 8 14 10014
8 12 8 10 5944
8 12 8 12 18142
8 12 8 14 13714
8 10 9 11 3044
8 10 9 13 10944
8 10 9 15 1728
8 12 9 11 13966
8 12 9 13 3744
8 12 9 15 4694
8 10 10 8 3316
8 10 10 12 8406
8 10 10 14 21918
8 12 10 8 9698
8 12 10 12 938
8 12 10 14 962
8 10 11 9 12422
8 10 11 13 3398
8 10 11 15 992
8 12 11 9 3992
8 12 11 13 31208
8 12 11 15 19806
8 10 12 8 19032
8 10 12 10 1760
8 10 12 14 9414
8 12 12 8 6142
8 12 12 10 16562
8 12 12 14 20284
8 10 13 9 1956
8 10 13 11 8774
8 10 13 15 1232
8 12 13 9 16342
8 12 13 11 5026
8 12 13 15 7914
8 10 14 8 19776
8 10 14 10 18930
8 10 14 12 3616
8 12 14 8 3520
8 12 14 10 7038
8 12 14 12 10054
8 10 15 9 8526
8 10 15 11 17006
8 10 15 13 10606
8 12 15 9 13480
8 12 15 11 13024
8 12 15 13 28946
9 11 0 2 21802
9 11 0 4 11426
9 11 0 6 7218
9 13 0 2 2838
9 13 0 4 9154
9 13 0 6 6106
9 11 1 3 6898
9 11 1 5 19818
9 11 1 7 3438
9 13 1 3 10242
9 13 1 5 8812
9 13 1 7 19382
9 11 2 0 858
9 11 2 4 3572
9 11 2 6 7598
9 13 2 0 7070
9 13 2 4 14982
9 13 2 6 5830
9 11 3 1 7292
9 11 3 5 904
9 11 3 7 4866
9 13 3 1 7396
9 13 3 5 4450
9 13 3 7 14678
9 11 4 0 878
9 11 4 2 2462
9 11 4 6 11218
9 13 4 0 27258
9 13 4 2 13092
9 13 4 6 10434
9 11 5 1 1406
9 11 5 3 8208
9 11 5 7 4042
9 13 5 1 446
9 13 5 3 13562
9 13 5 7 1390
9 11 6 0 25426
9 11 6 2 2016
9 11 6 4 10186
9 13 6 0 18632
9 13 6 2 14500
9 13 6 4 9822
9 11 7 1 6782
9 11 7 3 5482
9 11 7 5 13582
9 13 7 1 7944
9 13 7 3 8790
9 13 7 5 29342
9 11 8 10 4848
9 11 8 12 11990
9 11 8 14 10368
9 13 8 10 16838
9 13 8 12 12444
9 13 8 14 15116
9 11 9 11 5402
9 11 9 13 5220
9 11 9 15 8780
9 13 9 11 222
9 13 9 13 4578
9 13 9 15 1052
9 11 10 8 16006
9 11 10 12 10760
9 11 10 14 5610
9 13 10 8 24232
9 13 10 12 8084
9 13 10 14 13504
9 11 11 9 13836
9 11 11 13 8500
9 11 11 15 14254
9 13 11 9 23554
9 13 11 13 4654
9 13 11 15 6142
9 11 12 8 9136
9 11 12 10 4470
9 11 12 14 19956
9 13 12 8 5178
9 13 12 10 990
9 13 12 14 150
9 11 13 9 4030
9 11 13 11 4364
9 11 13 15 7980
9 13 13 9 3810
9 13 13 11 16064
9 13 13 15 6750
9 11 14 8 10758
9 11 14 10 10338
9 11 14 12 7686
9 13 14 8 200
9 13 14 10 3728
9 13 14 12 10452
9 11 15 9 22800
9 11 15 11 516
9 11 15 13 24014
9 13 15 9 1354
9 13 15 11 3510
9 13 15 13 3664
10 14 0 2 7944
10 14 0 4 18386
10 14 0 6 20760
10 14 1 3 21546
10 14 1 5 15256
10 14 1 7 4490
10 14 2 0 538
10 14 2 4 11446
10 14 2 6 1708
10 14 3 1 15454
10 14 3 5 1064
10 14 3 7 14158
10 14 4 0 5724
10 14 4 2 7932
10 14 4 6 19660
10 14 5 1 18260
10 14 5 3 5018
10 14 5 7 7320
10 14 6 0 15466
10 14 6 2 3854
10 14 6 4 16854
10 14 7 1 2764
10 14 7 3 14890
10 14 7 5 12772
10 14 8 10 8958
10 14 8 12 8326
10 14 8 14 798
10 14 9 11 5674
10 14 9 13 3998
10 14 9 15 14306
10 14 10 8 29302
10 14 10 12 13962
10 14 10 14 248
10 14 11 9 4818
10 14 11 13 15328
10 14 11 15 14068
10 14 12 8 4266
10 14 12 10 3148
10 14 12 14 4086
10 14 13 9 826
10 14 13 11 3210
10 14 13 15 5280
10 14 14 8 13814
10 14 14 10 9390
10 14 14 12 13386
10 14 15 9 21472
10 14 15 11 4882
10 14 15 13 5526
11 15 0 2 14524
11 15 0 4 13950
11 15 0 6 112
11 15 1 3 1096
11 15 1 5 16940
11 15 1 7 7316
11 15 2 0 2180
11 15 2 4 206
11 15 2 6 18706
11 15 3 1 15022
11 15 3 5 3742
11 15 3 7 1362
11 15 4 0 6256
11 15 4 2 3780
11 15 4 6 12270
11 15 5 1 17120
11 15 5 3 3242
11 15 5 7 4268
11 15 6 0 20240
11 15 6 2 14624
11 15 6 4 928
11 15 7 1 13490
11 15 7 3 470
11 15 7 5 6480
11 15 8 10 7922
11 15 8 12 33562
11 15 8 14 20160
11 15 9 11 20160
11 15 9 13 1192
11 15 9 15 8414
11 15 10 8 5040
11 15 10 12 11570
11 15 10 14 2276
11 15 11 9 8882
11 15 11 13 25616
11 15 11 15 17326
11 15 12 8 706
11 15 12 10 5988
11 15 12 14 7180
11 15 13 9 6682
11 15 13 11 8114
11 15 13 15 28982
11 15 14 8 11776
11 15 14 10 186
11 15 14 12 1768
11 15 15 9 14926
11 15 15 11 14642
11 15 15 13 5130
12 14 0 2 8832
12 14 0 4 2772
12 14 0 6 5628
12 14 1 3 1666
12 14 1 5 9350
12 14 1 7 3860
12 14 2 0 4840
12 14 2 4 13798
12 14 2 6 21150
12 14 3 1 3934
12 14 3 5 2600
12 14 3 7 10084
12 14 4 0 13262
12 14 4 2 2060
12 14 4 6 22362
12 14 5 1 4752
12 14 5 3 3224
12 14 5 7 7668
12 14 6 0 6284
12 14 6 2 12932
12 14 6 4 1302
12 14 7 1 4174
12 14 7 3 6492
12 14 7 5 9706
12 14 8 10 396
12 14 8 12 2510
12 14 8 14 726
12 14 9 11 9016
12 14 9 13 802
12 14 9 15 12824
12 14 10 8 520
12 14 10 12 6306
12 14 10 14 1622
12 14 11 9 3996
12 14 11 13 14494
12 14 11 15 6632
12 14 12 8 1398
12 14 12 10 4306
12 14 12 14 15640
12 14 13 9 13488
12 14 13 11 7736
12 14 13 15 8280
12 14 14 8 14194
12 14 14 10 20518
12 14 14 12 21100
12 14 15 9 20182
12 14 15 11 19450
12 14 15 13 11764
13 15 0 2 2196
13 15 0 4 21996
13 15 0 6 1056
13 15 1 3 10098
13 15 1 5 844
13 15 1 7 1268
13 15 2 0 10358
13 15 2 4 11546
13 15 2 6 3806
13 15 3 1 7116
13 15 3 5 2792
13 15 3 7 20102
13 15 4 0 6484
13 15 4 2 2888
13 15 4 6 35962
13 15 5 1 24528
13 15 5 3 8280
13 15 5 7 9100
13 15 6 0 624
13 15 6 2 2098
13 15 6 4 5610
13 15 7 1 1994
13 15 7 3 8122
13 15 7 5 13176
13 15 8 10 12612
13 15 8 12 10820
13 15 8 14 9126
13 15 9 11 5760
13 15 9 13 10304
13 15 9 15 3696
13 15 10 8 1378
13 15 10 12 7006
13 15 10 14 29702
13 15 11 9 7316
13 15 11 13 1526
13 15 11 15 450
13 15 12 8 5156
13 15 12 10 3878
13 15 12 14 13476
13 15 13 9 5352
13 15 13 11 854
13 15 13 15 19996
13 15 14 8 13178
13 15 14 10 11606
13 15 14 12 9644
13 15 15 9 11268
13 15 15 11 1706
13 15 15 13 7346
