# KEY left=0x8f right=0xfb
# GOOD_PAIRS_BEGIN count=8
# GOOD_PAIR 0x01 0x83
# GOOD_PAIR 0x03 0x81
# GOOD_PAIR 0x71 0xf3
# GOOD_PAIR 0x73 0xf1
# GOOD_PAIR 0x21 0xc3
# GOOD_PAIR 0x23 0xc1
# GOOD_PAIR 0x51 0xb3
# GOOD_PAIR 0x53 0xb1
# GOOD_PAIRS_END
0 2 0 2 20
0 2 0 4 996
0 2 0 11 146
0 4 0 2 310
0 4 0 4 334
0 4 0 11 206
0 8 0 2 24
0 8 0 4 490
0 8 0 11 320
0 11 0 2 1070
0 11 0 4 564
0 11 0 11 98
0 13 0 2 446
0 13 0 4 644
0 13 0 11 114
0 14 0 2 294
0 14 0 4 1218
0 14 0 11 24
0 2 1 3 152
0 2 1 5 8
0 2 1 10 92
0 4 1 3 628
0 4 1 5 132
0 4 1 10 90
0 8 1 3 5012
0 8 1 5 806
0 8 1 10 204
0 11 1 3 276
0 11 1 5 346
0 11 1 10 808
0 13 1 3 166
0 13 1 5 1098
0 13 1 10 716
0 14 1 3 490
0 14 1 5 570
0 14 1 10 618
0 2 2 0 170
0 2 2 6 240
0 2 2 9 586
0 4 2 0 16
0 4 2 6 186
0 4 2 9 12
0 8 2 0 258
0 8 2 6 216
0 8 2 9 86
0 11 2 0 876
0 11 2 6 196
0 11 2 9 86
0 13 2 0 596
0 13 2 6 592
0 13 2 9 292
0 14 2 0 410
0 14 2 6 240
0 14 2 9 298
0 2 3 1 294
0 2 3 7 16
0 2 3 8 40
0 4 3 1 12
0 4 3 7 38
0 4 3 8 454
0 8 3 1 4528
0 8 3 7 26
0 8 3 8 526
0 11 3 1 472
0 11 3 7 252
0 11 3 8 580
0 13 3 1 1072
0 13 3 7 452
0 13 3 8 1046
0 14 3 1 1304
0 14 3 7 94
0 14 3 8 286
0 2 4 0 472
0 2 4 6 612
0 2 4 15 48
0 4 4 0 562
0 4 4 6 10
0 4 4 15 542
0 8 4 0 240
0 8 4 6 52
0 8 4 15 270
0 11 4 0 76
0 11 4 6 332
0 11 4 15 1004
0 13 4 0 314
0 13 4 6 586
0 13 4 15 686
0 14 4 0 242
0 14 4 6 50
0 14 4 15 50
0 2 5 1 234
0 2 5 7 330
0 2 5 14 128
0 4 5 1 550
0 4 5 7 400
0 4 5 14 1408
0 8 5 1 426
0 8 5 7 476
0 8 5 14 1046
0 11 5 1 16
0 11 5 7 866
0 11 5 14 408
0 13 5 1 314
0 13 5 7 642
0 13 5 14 1104
0 14 5 1 284
0 14 5 7 160
0 14 5 14 972
0 2 6 2 656
0 2 6 4 642
0 2 6 13 372
0 4 6 2 596
0 4 6 4 386
0 4 6 13 402
0 8 6 2 238
0 8 6 4 626
0 8 6 13 1640
0 11 6 2 28
0 11 6 4 204
0 11 6 13 150
0 13 6 2 490
0 13 6 4 310
0 13 6 13 270
0 14 6 2 124
0 14 6 4 496
0 14 6 13 880
0 2 7 3 332
0 2 7 5 146
0 2 7 12 1262
0 4 7 3 106
0 4 7 5 964
0 4 7 12 1164
0 8 7 3 622
0 8 7 5 60
0 8 7 12 202
0 11 7 3 80
0 11 7 5 302
0 11 7 12 890
0 13 7 3 340
0 13 7 5 664
0 13 7 12 454
0 14 7 3 446
0 14 7 5 770
0 14 7 12 892
0 2 8 3 1022
0 2 8 10 84
0 2 8 12 438
0 4 8 3 410
0 4 8 10 472
0 4 8 12 612
0 8 8 3 684
0 8 8 10 96
0 8 8 12 224
0 11 8 3 164
0 11 8 10 454
0 11 8 12 142
0 13 8 3 4
0 13 8 10 478
0 13 8 12 510
0 14 8 3 94
0 14 8 10 252
0 14 8 12 180
0 2 9 2 662
0 2 9 11 238
0 2 9 13 228
0 4 9 2 138
0 4 9 11 382
0 4 9 13 730
0 8 9 2 490
0 8 9 11 178
0 8 9 13 92
0 11 9 2 166
0 11 9 11 392
0 11 9 13 464
0 13 9 2 664
0 13 9 11 248
0 13 9 13 86
0 14 9 2 230
0 14 9 11 958
0 14 9 13 122
0 2 10 1 74
0 2 10 8 514
0 2 10 14 374
0 4 10 1 246
0 4 10 8 540
0 4 10 14 96
0 8 10 1 242
0 8 10 8 318
0 8 10 14 376
0 11 10 1 1382
0 11 10 8 330
0 11 10 14 332
0 13 10 1 90
0 13 10 8 1100
0 13 10 14 252
0 14 10 1 406
0 14 10 8 752
0 14 10 14 342
0 2 11 0 46
0 2 11 9 112
0 2 11 15 522
0 4 11 0 120
0 4 11 9 182
0 4 11 15 60
0 8 11 0 296
0 8 11 9 882
0 8 11 15 800
0 11 11 0 14
0 11 11 9 384
0 11 11 15 876
0 13 11 0 934
0 13 11 9 224
0 13 11 15 1108
0 14 11 0 528
0 14 11 9 280
0 14 11 15 296
0 2 12 7 1010
0 2 12 8 806
0 2 12 14 1394
0 4 12 7 270
0 4 12 8 224
0 4 12 14 304
0 8 12 7 662
0 8 12 8 854
0 8 12 14 56
0 11 12 7 874
0 11 12 8 82
0 11 12 14 306
0 13 12 7 420
0 13 12 8 338
0 13 12 14 144
0 14 12 7 126
0 14 12 8 482
0 14 12 14 22
0 2 13 6 250
0 2 13 9 492
0 2 13 15 68
0 4 13 6 380
0 4 13 9 142
0 4 13 15 438
0 8 13 6 596
0 8 13 9 514
0 8 13 15 330
0 11 13 6 620
0 11 13 9 162
0 11 13 15 118
0 13 13 6 258
0 13 13 9 1026
0 13 13 15 930
0 14 13 6 238
0 14 13 9 254
0 14 13 15 712
0 2 14 5 562
0 2 14 10 82
0 2 14 12 358
0 4 14 5 118
0 4 14 10 448
0 4 14 12 408
0 8 14 5 342
0 8 14 10 614
0 8 14 12 612
0 11 14 5 228
0 11 14 10 128
0 11 14 12 20
0 13 14 5 468
0 13 14 10 120
0 13 14 12 364
0 14 14 5 532
0 14 14 10 214
0 14 14 12 632
0 2 15 4 154
0 2 15 11 52
0 2 15 13 778
0 4 15 4 524
0 4 15 11 112
0 4 15 13 252
0 8 15 4 422
0 8 15 11 72
0 8 15 13 158
0 11 15 4 52
0 11 15 11 830
0 11 15 13 136
0 13 15 4 432
0 13 15 11 566
0 13 15 13 262
0 14 15 4 104
0 14 15 11 52
0 14 15 13 530
1 3 0 2 908
1 3 0 4 488
1 3 0 11 258
1 5 0 2 126
1 5 0 4 1008
1 5 0 11 1036
1 9 0 2 106
1 9 0 4 4
1 9 0 11 46
1 10 0 2 1130
1 10 0 4 712
1 10 0 11 664
1 12 0 2 172
1 12 0 4 364
1 12 0 11 40
1 15 0 2 496
1 15 0 4 190
1 15 0 11 1154
1 3 1 3 914
1 3 1 5 354
1 3 1 10 762
1 5 1 3 500
1 5 1 5 26
1 5 1 10 162
1 9 1 3 786
1 9 1 5 336
1 9 1 10 4
1 10 1 3 228
1 10 1 5 262
1 10 1 10 702
1 12 1 3 518
1 12 1 5 224
1 12 1 10 954
1 15 1 3 1156
1 15 1 5 748
1 15 1 10 1204
1 3 2 0 170
1 3 2 6 22
1 3 2 9 218
1 5 2 0 586
1 5 2 6 406
1 5 2 9 170
1 9 2 0 134
1 9 2 6 92
1 9 2 9 658
1 10 2 0 422
1 10 2 6 286
1 10 2 9 140
1 12 2 0 670
1 12 2 6 10
1 12 2 9 72
1 15 2 0 1002
1 15 2 6 490
1 15 2 9 744
1 3 3 1 948
1 3 3 7 90
1 3 3 8 2
1 5 3 1 336
1 5 3 7 76
1 5 3 8 58
1 9 3 1 1040
1 9 3 7 272
1 9 3 8 332
1 10 3 1 638
1 10 3 7 784
1 10 3 8 1370
1 12 3 1 532
1 12 3 7 400
1 12 3 8 26
1 15 3 1 262
1 15 3 7 402
1 15 3 8 244
1 3 4 0 438
1 3 4 6 576
1 3 4 15 448
1 5 4 0 636
1 5 4 6 706
1 5 4 15 210
1 9 4 0 518
1 9 4 6 798
1 9 4 15 498
1 10 4 0 804
1 10 4 6 218
1 10 4 15 390
1 12 4 0 208
1 12 4 6 66
1 12 4 15 180
1 15 4 0 484
1 15 4 6 482
1 15 4 15 184
1 3 5 1 938
1 3 5 7 312
1 3 5 14 4
1 5 5 1 1006
1 5 5 7 440
1 5 5 14 1254
1 9 5 1 988
1 9 5 7 330
1 9 5 14 412
1 10 5 1 496
1 10 5 7 584
1 10 5 14 162
1 12 5 1 412
1 12 5 7 1332
1 12 5 14 970
1 15 5 1 1108
1 15 5 7 262
1 15 5 14 242
1 3 6 2 546
1 3 6 4 652
1 3 6 13 838
1 5 6 2 484
1 5 6 4 94
1 5 6 13 284
1 9 6 2 194
1 9 6 4 272
1 9 6 13 420
1 10 6 2 330
1 10 6 4 266
1 10 6 13 90
1 12 6 2 200
1 12 6 4 452
1 12 6 13 222
1 15 6 2 0
1 15 6 4 54
1 15 6 13 142
1 3 7 3 916
1 3 7 5 882
1 3 7 12 450
1 5 7 3 300
1 5 7 5 844
1 5 7 12 462
1 9 7 3 208
1 9 7 5 922
1 9 7 12 184
1 10 7 3 16
1 10 7 5 40
1 10 7 12 96
1 12 7 3 540
1 12 7 5 630
1 12 7 12 312
1 15 7 3 132
1 15 7 5 18
1 15 7 12 498
1 3 8 3 94
1 3 8 10 52
1 3 8 12 280
1 5 8 3 554
1 5 8 10 56
1 5 8 12 144
1 9 8 3 596
1 9 8 10 126
1 9 8 12 228
1 10 8 3 298
1 10 8 10 730
1 10 8 12 880
1 12 8 3 58
1 12 8 10 166
1 12 8 12 616
1 15 8 3 648
1 15 8 10 834
1 15 8 12 542
1 3 9 2 104
1 3 9 11 72
1 3 9 13 686
1 5 9 2 826
1 5 9 11 416
1 5 9 13 314
1 9 9 2 218
1 9 9 11 404
1 9 9 13 328
1 10 9 2 140
1 10 9 11 160
1 10 9 13 30
1 12 9 2 68
1 12 9 11 580
1 12 9 13 78
1 15 9 2 1452
1 15 9 11 438
1 15 9 13 692
1 3 10 1 410
1 3 10 8 124
1 3 10 14 452
1 5 10 1 566
1 5 10 8 1492
1 5 10 14 332
1 9 10 1 882
1 9 10 8 46
1 9 10 14 156
1 10 10 1 686
1 10 10 8 208
1 10 10 14 330
1 12 10 1 62
1 12 10 8 220
1 12 10 14 852
1 15 10 1 250
1 15 10 8 212
1 15 10 14 468
1 3 11 0 660
1 3 11 9 122
1 3 11 15 402
1 5 11 0 472
1 5 11 9 358
1 5 11 15 514
1 9 11 0 434
1 9 11 9 154
1 9 11 15 182
1 10 11 0 576
1 10 11 9 202
1 10 11 15 388
1 12 11 0 312
1 12 11 9 2
1 12 11 15 364
1 15 11 0 346
1 15 11 9 112
1 15 11 15 326
1 3 12 7 646
1 3 12 8 630
1 3 12 14 344
1 5 12 7 186
1 5 12 8 1102
1 5 12 14 34
1 9 12 7 1290
1 9 12 8 342
1 9 12 14 438
1 10 12 7 592
1 10 12 8 184
1 10 12 14 26
1 12 12 7 754
1 12 12 8 400
1 12 12 14 144
1 15 12 7 600
1 15 12 8 72
1 15 12 14 172
1 3 13 6 822
1 3 13 9 944
1 3 13 15 1064
1 5 13 6 1204
1 5 13 9 170
1 5 13 15 114
1 9 13 6 480
1 9 13 9 294
1 9 13 15 356
1 10 13 6 616
1 10 13 9 304
1 10 13 15 304
1 12 13 6 468
1 12 13 9 1020
1 12 13 15 80
1 15 13 6 246
1 15 13 9 450
1 15 13 15 16
1 3 14 5 710
1 3 14 10 142
1 3 14 12 404
1 5 14 5 174
1 5 14 10 142
1 5 14 12 886
1 9 14 5 256
1 9 14 10 172
1 9 14 12 378
1 10 14 5 664
1 10 14 10 520
1 10 14 12 986
1 12 14 5 1124
1 12 14 10 78
1 12 14 12 40
1 15 14 5 76
1 15 14 10 364
1 15 14 12 984
1 3 15 4 484
1 3 15 11 156
1 3 15 13 74
1 5 15 4 470
1 5 15 11 462
1 5 15 13 1118
1 9 15 4 636
1 9 15 11 408
1 9 15 13 612
1 10 15 4 348
1 10 15 11 442
1 10 15 13 350
1 12 15 4 802
1 12 15 11 50
1 12 15 13 698
1 15 15 4 268
1 15 15 11 66
1 15 15 13 684
2 6 0 2 430
2 6 0 4 204
2 6 0 11 192
2 9 0 2 132
2 9 0 4 142
2 9 0 11 472
2 10 0 2 246
2 10 0 4 630
2 10 0 11 72
2 12 0 2 190
2 12 0 4 282
2 12 0 11 884
2 15 0 2 576
2 15 0 4 338
2 15 0 11 752
2 6 1 3 998
2 6 1 5 746
2 6 1 10 140
2 9 1 3 86
2 9 1 5 502
2 9 1 10 158
2 10 1 3 518
2 10 1 5 10
2 10 1 10 710
2 12 1 3 4604
2 12 1 5 806
2 12 1 10 494
2 15 1 3 192
2 15 1 5 338
2 15 1 10 40
2 6 2 0 724
2 6 2 6 368
2 6 2 9 286
2 9 2 0 450
2 9 2 6 616
2 9 2 9 238
2 10 2 0 718
2 10 2 6 116
2 10 2 9 586
2 12 2 0 1178
2 12 2 6 518
2 12 2 9 330
2 15 2 0 264
2 15 2 6 368
2 15 2 9 386
2 6 3 1 28
2 6 3 7 430
2 6 3 8 108
2 9 3 1 52
2 9 3 7 114
2 9 3 8 750
2 10 3 1 34
2 10 3 7 434
2 10 3 8 756
2 12 3 1 4510
2 12 3 7 584
2 12 3 8 530
2 15 3 1 6
2 15 3 7 216
2 15 3 8 394
2 6 4 0 130
2 6 4 6 236
2 6 4 15 52
2 9 4 0 486
2 9 4 6 418
2 9 4 15 70
2 10 4 0 60
2 10 4 6 800
2 10 4 15 50
2 12 4 0 90
2 12 4 6 128
2 12 4 15 262
2 15 4 0 212
2 15 4 6 514
2 15 4 15 482
2 6 5 1 538
2 6 5 7 214
2 6 5 14 174
2 9 5 1 594
2 9 5 7 1146
2 9 5 14 96
2 10 5 1 336
2 10 5 7 66
2 10 5 14 134
2 12 5 1 260
2 12 5 7 86
2 12 5 14 758
2 15 5 1 198
2 15 5 7 1332
2 15 5 14 116
2 6 6 2 814
2 6 6 4 184
2 6 6 13 78
2 9 6 2 6
2 9 6 4 60
2 9 6 13 118
2 10 6 2 526
2 10 6 4 654
2 10 6 13 232
2 12 6 2 122
2 12 6 4 1238
2 12 6 13 242
2 15 6 2 162
2 15 6 4 172
2 15 6 13 222
2 6 7 3 16
2 6 7 5 430
2 6 7 12 586
2 9 7 3 358
2 9 7 5 436
2 9 7 12 476
2 10 7 3 476
2 10 7 5 518
2 10 7 12 150
2 12 7 3 432
2 12 7 5 176
2 12 7 12 144
2 15 7 3 516
2 15 7 5 248
2 15 7 12 540
2 6 8 3 896
2 6 8 10 456
2 6 8 12 464
2 9 8 3 74
2 9 8 10 602
2 9 8 12 748
2 10 8 3 16
2 10 8 10 658
2 10 8 12 730
2 12 8 3 356
2 12 8 10 784
2 12 8 12 62
2 15 8 3 600
2 15 8 10 98
2 15 8 12 1248
2 6 9 2 726
2 6 9 11 8
2 6 9 13 576
2 9 9 2 312
2 9 9 11 334
2 9 9 13 188
2 10 9 2 194
2 10 9 11 558
2 10 9 13 508
2 12 9 2 378
2 12 9 11 376
2 12 9 13 622
2 15 9 2 98
2 15 9 11 874
2 15 9 13 156
2 6 10 1 476
2 6 10 8 220
2 6 10 14 812
2 9 10 1 282
2 9 10 8 230
2 9 10 14 760
2 10 10 1 184
2 10 10 8 294
2 10 10 14 8
2 12 10 1 516
2 12 10 8 916
2 12 10 14 394
2 15 10 1 6
2 15 10 8 494
2 15 10 14 170
2 6 11 0 400
2 6 11 9 1110
2 6 11 15 68
2 9 11 0 32
2 9 11 9 70
2 9 11 15 182
2 10 11 0 1032
2 10 11 9 410
2 10 11 15 500
2 12 11 0 26
2 12 11 9 6
2 12 11 15 142
2 15 11 0 606
2 15 11 9 76
2 15 11 15 214
2 6 12 7 894
2 6 12 8 212
2 6 12 14 674
2 9 12 7 278
2 9 12 8 780
2 9 12 14 102
2 10 12 7 402
2 10 12 8 232
2 10 12 14 366
2 12 12 7 350
2 12 12 8 50
2 12 12 14 740
2 15 12 7 142
2 15 12 8 104
2 15 12 14 1198
2 6 13 6 404
2 6 13 9 354
2 6 13 15 258
2 9 13 6 736
2 9 13 9 1386
2 9 13 15 516
2 10 13 6 492
2 10 13 9 396
2 10 13 15 286
2 12 13 6 330
2 12 13 9 144
2 12 13 15 80
2 15 13 6 532
2 15 13 9 34
2 15 13 15 530
2 6 14 5 446
2 6 14 10 520
2 6 14 12 276
2 9 14 5 140
2 9 14 10 194
2 9 14 12 884
2 10 14 5 412
2 10 14 10 150
2 10 14 12 42
2 12 14 5 42
2 12 14 10 606
2 12 14 12 1002
2 15 14 5 684
2 15 14 10 16
2 15 14 12 84
2 6 15 4 408
2 6 15 11 12
2 6 15 13 20
2 9 15 4 530
2 9 15 11 772
2 9 15 13 468
2 10 15 4 454
2 10 15 11 1070
2 10 15 13 682
2 12 15 4 904
2 12 15 11 322
2 12 15 13 452
2 15 15 4 50
2 15 15 11 1184
2 15 15 13 570
3 7 0 2 666
3 7 0 4 298
3 7 0 11 1556
3 8 0 2 72
3 8 0 4 448
3 8 0 11 100
3 11 0 2 488
3 11 0 4 222
3 11 0 11 216
3 13 0 2 718
3 13 0 4 382
3 13 0 11 170
3 14 0 2 436
3 14 0 4 260
3 14 0 11 56
3 7 1 3 138
3 7 1 5 60
3 7 1 10 60
3 8 1 3 496
3 8 1 5 226
3 8 1 10 50
3 11 1 3 376
3 11 1 5 502
3 11 1 10 1172
3 13 1 3 124
3 13 1 5 682
3 13 1 10 336
3 14 1 3 602
3 14 1 5 208
3 14 1 10 376
3 7 2 0 800
3 7 2 6 226
3 7 2 9 72
3 8 2 0 440
3 8 2 6 100
3 8 2 9 474
3 11 2 0 746
3 11 2 6 556
3 11 2 9 256
3 13 2 0 642
3 13 2 6 20
3 13 2 9 426
3 14 2 0 252
3 14 2 6 54
3 14 2 9 860
3 7 3 1 24
3 7 3 7 614
3 7 3 8 488
3 8 3 1 308
3 8 3 7 270
3 8 3 8 398
3 11 3 1 20
3 11 3 7 248
3 11 3 8 64
3 13 3 1 370
3 13 3 7 722
3 13 3 8 664
3 14 3 1 290
3 14 3 7 1104
3 14 3 8 470
3 7 4 0 560
3 7 4 6 556
3 7 4 15 624
3 8 4 0 176
3 8 4 6 4
3 8 4 15 546
3 11 4 0 578
3 11 4 6 558
3 11 4 15 126
3 13 4 0 402
3 13 4 6 324
3 13 4 15 348
3 14 4 0 702
3 14 4 6 424
3 14 4 15 1082
3 7 5 1 22
3 7 5 7 42
3 7 5 14 804
3 8 5 1 326
3 8 5 7 550
3 8 5 14 214
3 11 5 1 16
3 11 5 7 134
3 11 5 14 54
3 13 5 1 610
3 13 5 7 684
3 13 5 14 344
3 14 5 1 46
3 14 5 7 566
3 14 5 14 1236
3 7 6 2 338
3 7 6 4 82
3 7 6 13 434
3 8 6 2 160
3 8 6 4 14
3 8 6 13 900
3 11 6 2 134
3 11 6 4 450
3 11 6 13 72
3 13 6 2 190
3 13 6 4 14
3 13 6 13 270
3 14 6 2 696
3 14 6 4 558
3 14 6 13 220
3 7 7 3 414
3 7 7 5 234
3 7 7 12 430
3 8 7 3 510
3 8 7 5 96
3 8 7 12 362
3 11 7 3 1032
3 11 7 5 126
3 11 7 12 548
3 13 7 3 78
3 13 7 5 1066
3 13 7 12 10
3 14 7 3 150
3 14 7 5 458
3 14 7 12 456
3 7 8 3 332
3 7 8 10 288
3 7 8 12 656
3 8 8 3 98
3 8 8 10 574
3 8 8 12 590
3 11 8 3 946
3 11 8 10 710
3 11 8 12 750
3 13 8 3 154
3 13 8 10 54
3 13 8 12 442
3 14 8 3 314
3 14 8 10 650
3 14 8 12 70
3 7 9 2 498
3 7 9 11 102
3 7 9 13 32
3 8 9 2 528
3 8 9 11 124
3 8 9 13 660
3 11 9 2 72
3 11 9 11 52
3 11 9 13 234
3 13 9 2 1290
3 13 9 11 338
3 13 9 13 602
3 14 9 2 264
3 14 9 11 504
3 14 9 13 1652
3 7 10 1 518
3 7 10 8 668
3 7 10 14 352
3 8 10 1 596
3 8 10 8 38
3 8 10 14 196
3 11 10 1 304
3 11 10 8 768
3 11 10 14 92
3 13 10 1 290
3 13 10 8 26
3 13 10 14 174
3 14 10 1 606
3 14 10 8 432
3 14 10 14 598
3 7 11 0 256
3 7 11 9 542
3 7 11 15 748
3 8 11 0 146
3 8 11 9 496
3 8 11 15 700
3 11 11 0 290
3 11 11 9 458
3 11 11 15 210
3 13 11 0 462
3 13 11 9 278
3 13 11 15 174
3 14 11 0 594
3 14 11 9 212
3 14 11 15 726
3 7 12 7 428
3 7 12 8 14
3 7 12 14 258
3 8 12 7 18
3 8 12 8 478
3 8 12 14 704
3 11 12 7 450
3 11 12 8 394
3 11 12 14 942
3 13 12 7 334
3 13 12 8 176
3 13 12 14 452
3 14 12 7 1194
3 14 12 8 192
3 14 12 14 886
3 7 13 6 958
3 7 13 9 602
3 7 13 15 826
3 8 13 6 292
3 8 13 9 748
3 8 13 15 630
3 11 13 6 704
3 11 13 9 90
3 11 13 15 68
3 13 13 6 962
3 13 13 9 322
3 13 13 15 504
3 14 13 6 294
3 14 13 9 406
3 14 13 15 84
3 7 14 5 894
3 7 14 10 0
3 7 14 12 428
3 8 14 5 312
3 8 14 10 1104
3 8 14 12 90
3 11 14 5 310
3 11 14 10 284
3 11 14 12 218
3 13 14 5 10
3 13 14 10 66
3 13 14 12 342
3 14 14 5 698
3 14 14 10 178
3 14 14 12 650
3 7 15 4 280
3 7 15 11 330
3 7 15 13 612
3 8 15 4 430
3 8 15 11 102
3 8 15 13 198
3 11 15 4 10
3 11 15 11 28
3 11 15 13 40
3 13 15 4 588
3 13 15 11 414
3 13 15 13 674
3 14 15 4 378
3 14 15 11 130
3 14 15 13 126
4 6 0 2 8
4 6 0 4 440
4 6 0 11 978
4 9 0 2 74
4 9 0 4 466
4 9 0 11 234
4 10 0 2 848
4 10 0 4 644
4 10 0 11 642
4 12 0 2 556
4 12 0 4 400
4 12 0 11 546
4 15 0 2 108
4 15 0 4 242
4 15 0 11 520
4 6 1 3 12
4 6 1 5 202
4 6 1 10 394
4 9 1 3 178
4 9 1 5 1236
4 9 1 10 154
4 10 1 3 940
4 10 1 5 482
4 10 1 10 178
4 12 1 3 160
4 12 1 5 1030
4 12 1 10 564
4 15 1 3 324
4 15 1 5 114
4 15 1 10 252
4 6 2 0 102
4 6 2 6 460
4 6 2 9 1478
4 9 2 0 102
4 9 2 6 696
4 9 2 9 690
4 10 2 0 956
4 10 2 6 638
4 10 2 9 270
4 12 2 0 548
4 12 2 6 82
4 12 2 9 574
4 15 2 0 1676
4 15 2 6 40
4 15 2 9 388
4 6 3 1 970
4 6 3 7 1050
4 6 3 8 504
4 9 3 1 904
4 9 3 7 844
4 9 3 8 270
4 10 3 1 190
4 10 3 7 104
4 10 3 8 404
4 12 3 1 20
4 12 3 7 1314
4 12 3 8 304
4 15 3 1 464
4 15 3 7 50
4 15 3 8 34
4 6 4 0 738
4 6 4 6 36
4 6 4 15 50
4 9 4 0 58
4 9 4 6 54
4 9 4 15 1064
4 10 4 0 224
4 10 4 6 46
4 10 4 15 470
4 12 4 0 26
4 12 4 6 22
4 12 4 15 948
4 15 4 0 22
4 15 4 6 452
4 15 4 15 210
4 6 5 1 690
4 6 5 7 378
4 6 5 14 440
4 9 5 1 580
4 9 5 7 544
4 9 5 14 300
4 10 5 1 720
4 10 5 7 594
4 10 5 14 784
4 12 5 1 20
4 12 5 7 86
4 12 5 14 648
4 15 5 1 228
4 15 5 7 52
4 15 5 14 38
4 6 6 2 386
4 6 6 4 1046
4 6 6 13 364
4 9 6 2 76
4 9 6 4 594
4 9 6 13 544
4 10 6 2 520
4 10 6 4 598
4 10 6 13 18
4 12 6 2 1210
4 12 6 4 436
4 12 6 13 64
4 15 6 2 80
4 15 6 4 258
4 15 6 13 296
4 6 7 3 168
4 6 7 5 726
4 6 7 12 234
4 9 7 3 884
4 9 7 5 508
4 9 7 12 548
4 10 7 3 226
4 10 7 5 70
4 10 7 12 144
4 12 7 3 206
4 12 7 5 156
4 12 7 12 1028
4 15 7 3 138
4 15 7 5 678
4 15 7 12 84
4 6 8 3 1202
4 6 8 10 62
4 6 8 12 700
4 9 8 3 142
4 9 8 10 114
4 9 8 12 574
4 10 8 3 202
4 10 8 10 196
4 10 8 12 1210
4 12 8 3 488
4 12 8 10 362
4 12 8 12 356
4 15 8 3 230
4 15 8 10 610
4 15 8 12 1180
4 6 9 2 834
4 6 9 11 342
4 6 9 13 244
4 9 9 2 734
4 9 9 11 542
4 9 9 13 934
4 10 9 2 156
4 10 9 11 68
4 10 9 13 448
4 12 9 2 1476
4 12 9 11 98
4 12 9 13 220
4 15 9 2 160
4 15 9 11 330
4 15 9 13 488
4 6 10 1 482
4 6 10 8 654
4 6 10 14 468
4 9 10 1 1112
4 9 10 8 306
4 9 10 14 570
4 10 10 1 46
4 10 10 8 370
4 10 10 14 74
4 12 10 1 422
4 12 10 8 468
4 12 10 14 332
4 15 10 1 640
4 15 10 8 86
4 15 10 14 548
4 6 11 0 386
4 6 11 9 828
4 6 11 15 754
4 9 11 0 564
4 9 11 9 98
4 9 11 15 796
4 10 11 0 72
4 10 11 9 628
4 10 11 15 246
4 12 11 0 174
4 12 11 9 36
4 12 11 15 220
4 15 11 0 132
4 15 11 9 22
4 15 11 15 198
4 6 12 7 776
4 6 12 8 812
4 6 12 14 370
4 9 12 7 594
4 9 12 8 156
4 9 12 14 384
4 10 12 7 72
4 10 12 8 398
4 10 12 14 290
4 12 12 7 66
4 12 12 8 126
4 12 12 14 646
4 15 12 7 820
4 15 12 8 880
4 15 12 14 246
4 6 13 6 696
4 6 13 9 550
4 6 13 15 136
4 9 13 6 362
4 9 13 9 404
4 9 13 15 68
4 10 13 6 134
4 10 13 9 110
4 10 13 15 186
4 12 13 6 180
4 12 13 9 116
4 12 13 15 152
4 15 13 6 88
4 15 13 9 274
4 15 13 15 102
4 6 14 5 282
4 6 14 10 858
4 6 14 12 262
4 9 14 5 286
4 9 14 10 998
4 9 14 12 56
4 10 14 5 312
4 10 14 10 330
4 10 14 12 890
4 12 14 5 36
4 12 14 10 382
4 12 14 12 224
4 15 14 5 156
4 15 14 10 136
4 15 14 12 1024
4 6 15 4 16
4 6 15 11 320
4 6 15 13 342
4 9 15 4 840
4 9 15 11 770
4 9 15 13 98
4 10 15 4 270
4 10 15 11 226
4 10 15 13 22
4 12 15 4 892
4 12 15 11 142
4 12 15 13 198
4 15 15 4 468
4 15 15 11 490
4 15 15 13 412
5 7 0 2 426
5 7 0 4 286
5 7 0 11 348
5 8 0 2 322
5 8 0 4 928
5 8 0 11 22
5 11 0 2 856
5 11 0 4 106
5 11 0 11 490
5 13 0 2 322
5 13 0 4 534
5 13 0 11 70
5 14 0 2 222
5 14 0 4 244
5 14 0 11 468
5 7 1 3 426
5 7 1 5 378
5 7 1 10 270
5 8 1 3 292
5 8 1 5 470
5 8 1 10 188
5 11 1 3 4286
5 11 1 5 706
5 11 1 10 440
5 13 1 3 288
5 13 1 5 464
5 13 1 10 106
5 14 1 3 4
5 14 1 5 334
5 14 1 10 134
5 7 2 0 370
5 7 2 6 298
5 7 2 9 1162
5 8 2 0 404
5 8 2 6 206
5 8 2 9 274
5 11 2 0 856
5 11 2 6 680
5 11 2 9 390
5 13 2 0 222
5 13 2 6 498
5 13 2 9 1062
5 14 2 0 862
5 14 2 6 162
5 14 2 9 42
5 7 3 1 52
5 7 3 7 1050
5 7 3 8 866
5 8 3 1 58
5 8 3 7 290
5 8 3 8 306
5 11 3 1 3814
5 11 3 7 582
5 11 3 8 102
5 13 3 1 170
5 13 3 7 350
5 13 3 8 302
5 14 3 1 34
5 14 3 7 254
5 14 3 8 548
5 7 4 0 612
5 7 4 6 12
5 7 4 15 596
5 8 4 0 706
5 8 4 6 176
5 8 4 15 272
5 11 4 0 492
5 11 4 6 242
5 11 4 15 276
5 13 4 0 414
5 13 4 6 78
5 13 4 15 268
5 14 4 0 232
5 14 4 6 834
5 14 4 15 76
5 7 5 1 106
5 7 5 7 310
5 7 5 14 186
5 8 5 1 96
5 8 5 7 180
5 8 5 14 292
5 11 5 1 292
5 11 5 7 830
5 11 5 14 676
5 13 5 1 864
5 13 5 7 244
5 13 5 14 42
5 14 5 1 810
5 14 5 7 676
5 14 5 14 162
5 7 6 2 724
5 7 6 4 466
5 7 6 13 450
5 8 6 2 566
5 8 6 4 642
5 8 6 13 412
5 11 6 2 298
5 11 6 4 1024
5 11 6 13 126
5 13 6 2 44
5 13 6 4 464
5 13 6 13 438
5 14 6 2 64
5 14 6 4 172
5 14 6 13 258
5 7 7 3 606
5 7 7 5 184
5 7 7 12 116
5 8 7 3 52
5 8 7 5 64
5 8 7 12 84
5 11 7 3 986
5 11 7 5 842
5 11 7 12 190
5 13 7 3 632
5 13 7 5 224
5 13 7 12 394
5 14 7 3 814
5 14 7 5 486
5 14 7 12 238
5 7 8 3 540
5 7 8 10 236
5 7 8 12 420
5 8 8 3 142
5 8 8 10 24
5 8 8 12 232
5 11 8 3 390
5 11 8 10 238
5 11 8 12 548
5 13 8 3 742
5 13 8 10 162
5 13 8 12 1032
5 14 8 3 520
5 14 8 10 580
5 14 8 12 300
5 7 9 2 490
5 7 9 11 66
5 7 9 13 22
5 8 9 2 332
5 8 9 11 82
5 8 9 13 698
5 11 9 2 1222
5 11 9 11 1286
5 11 9 13 108
5 13 9 2 426
5 13 9 11 606
5 13 9 13 938
5 14 9 2 234
5 14 9 11 170
5 14 9 13 40
5 7 10 1 66
5 7 10 8 238
5 7 10 14 634
5 8 10 1 14
5 8 10 8 700
5 8 10 14 372
5 11 10 1 192
5 11 10 8 44
5 11 10 14 920
5 13 10 1 316
5 13 10 8 208
5 13 10 14 438
5 14 10 1 768
5 14 10 8 228
5 14 10 14 54
5 7 11 0 378
5 7 11 9 214
5 7 11 15 102
5 8 11 0 394
5 8 11 9 188
5 8 11 15 38
5 11 11 0 264
5 11 11 9 0
5 11 11 15 306
5 13 11 0 142
5 13 11 9 440
5 13 11 15 58
5 14 11 0 398
5 14 11 9 114
5 14 11 15 422
5 7 12 7 78
5 7 12 8 908
5 7 12 14 316
5 8 12 7 1148
5 8 12 8 630
5 8 12 14 62
5 11 12 7 742
5 11 12 8 382
5 11 12 14 208
5 13 12 7 816
5 13 12 8 134
5 13 12 14 450
5 14 12 7 1086
5 14 12 8 584
5 14 12 14 312
5 7 13 6 276
5 7 13 9 354
5 7 13 15 826
5 8 13 6 818
5 8 13 9 694
5 8 13 15 390
5 11 13 6 68
5 11 13 9 1040
5 11 13 15 94
5 13 13 6 766
5 13 13 9 526
5 13 13 15 812
5 14 13 6 228
5 14 13 9 622
5 14 13 15 416
5 7 14 5 702
5 7 14 10 128
5 7 14 12 62
5 8 14 5 194
5 8 14 10 1220
5 8 14 12 604
5 11 14 5 396
5 11 14 10 686
5 11 14 12 942
5 13 14 5 160
5 13 14 10 294
5 13 14 12 256
5 14 14 5 16
5 14 14 10 406
5 14 14 12 540
5 7 15 4 648
5 7 15 11 384
5 7 15 13 450
5 8 15 4 616
5 8 15 11 636
5 8 15 13 458
5 11 15 4 94
5 11 15 11 126
5 11 15 13 972
5 13 15 4 384
5 13 15 11 1428
5 13 15 13 80
5 14 15 4 394
5 14 15 11 342
5 14 15 13 600
6 8 0 2 470
6 8 0 4 226
6 8 0 11 752
6 11 0 2 354
6 11 0 4 1340
6 11 0 11 390
6 13 0 2 918
6 13 0 4 210
6 13 0 11 206
6 14 0 2 124
6 14 0 4 424
6 14 0 11 524
6 8 1 3 96
6 8 1 5 554
6 8 1 10 214
6 11 1 3 74
6 11 1 5 74
6 11 1 10 290
6 13 1 3 22
6 13 1 5 740
6 13 1 10 408
6 14 1 3 54
6 14 1 5 510
6 14 1 10 738
6 8 2 0 254
6 8 2 6 740
6 8 2 9 822
6 11 2 0 350
6 11 2 6 274
6 11 2 9 344
6 13 2 0 318
6 13 2 6 356
6 13 2 9 620
6 14 2 0 332
6 14 2 6 86
6 14 2 9 706
6 8 3 1 908
6 8 3 7 314
6 8 3 8 568
6 11 3 1 298
6 11 3 7 180
6 11 3 8 280
6 13 3 1 276
6 13 3 7 82
6 13 3 8 252
6 14 3 1 842
6 14 3 7 218
6 14 3 8 706
6 8 4 0 108
6 8 4 6 152
6 8 4 15 714
6 11 4 0 152
6 11 4 6 62
6 11 4 15 592
6 13 4 0 234
6 13 4 6 488
6 13 4 15 140
6 14 4 0 296
6 14 4 6 362
6 14 4 15 448
6 8 5 1 280
6 8 5 7 254
6 8 5 14 138
6 11 5 1 616
6 11 5 7 172
6 11 5 14 196
6 13 5 1 682
6 13 5 7 350
6 13 5 14 392
6 14 5 1 712
6 14 5 7 1440
6 14 5 14 720
6 8 6 2 1246
6 8 6 4 358
6 8 6 13 112
6 11 6 2 358
6 11 6 4 184
6 11 6 13 168
6 13 6 2 742
6 13 6 4 644
6 13 6 13 68
6 14 6 2 886
6 14 6 4 80
6 14 6 13 932
6 8 7 3 390
6 8 7 5 20
6 8 7 12 36
6 11 7 3 426
6 11 7 5 138
6 11 7 12 720
6 13 7 3 324
6 13 7 5 176
6 13 7 12 238
6 14 7 3 180
6 14 7 5 578
6 14 7 12 38
6 8 8 3 690
6 8 8 10 222
6 8 8 12 256
6 11 8 3 220
6 11 8 10 1032
6 11 8 12 314
6 13 8 3 202
6 13 8 10 98
6 13 8 12 790
6 14 8 3 534
6 14 8 10 312
6 14 8 12 216
6 8 9 2 646
6 8 9 11 530
6 8 9 13 408
6 11 9 2 472
6 11 9 11 550
6 11 9 13 424
6 13 9 2 1080
6 13 9 11 526
6 13 9 13 124
6 14 9 2 246
6 14 9 11 118
6 14 9 13 452
6 8 10 1 528
6 8 10 8 0
6 8 10 14 832
6 11 10 1 768
6 11 10 8 190
6 11 10 14 446
6 13 10 1 428
6 13 10 8 172
6 13 10 14 768
6 14 10 1 306
6 14 10 8 528
6 14 10 14 504
6 8 11 0 44
6 8 11 9 550
6 8 11 15 472
6 11 11 0 444
6 11 11 9 146
6 11 11 15 798
6 13 11 0 358
6 13 11 9 220
6 13 11 15 172
6 14 11 0 706
6 14 11 9 322
6 14 11 15 30
6 8 12 7 320
6 8 12 8 212
6 8 12 14 160
6 11 12 7 58
6 11 12 8 126
6 11 12 14 574
6 13 12 7 694
6 13 12 8 92
6 13 12 14 974
6 14 12 7 566
6 14 12 8 294
6 14 12 14 32
6 8 13 6 220
6 8 13 9 1124
6 8 13 15 240
6 11 13 6 2
6 11 13 9 140
6 11 13 15 268
6 13 13 6 668
6 13 13 9 492
6 13 13 15 194
6 14 13 6 536
6 14 13 9 518
6 14 13 15 368
6 8 14 5 620
6 8 14 10 20
6 8 14 12 546
6 11 14 5 74
6 11 14 10 30
6 11 14 12 0
6 13 14 5 186
6 13 14 10 418
6 13 14 12 244
6 14 14 5 70
6 14 14 10 778
6 14 14 12 182
6 8 15 4 94
6 8 15 11 690
6 8 15 13 204
6 11 15 4 258
6 11 15 11 468
6 11 15 13 498
6 13 15 4 150
6 13 15 11 326
6 13 15 13 200
6 14 15 4 64
6 14 15 11 32
6 14 15 13 622
7 9 0 2 76
7 9 0 4 394
7 9 0 11 1434
7 10 0 2 96
7 10 0 4 588
7 10 0 11 168
7 12 0 2 288
7 12 0 4 664
7 12 0 11 294
7 15 0 2 704
7 15 0 4 218
7 15 0 11 704
7 9 1 3 198
7 9 1 5 280
7 9 1 10 176
7 10 1 3 286
7 10 1 5 176
7 10 1 10 118
7 12 1 3 244
7 12 1 5 150
7 12 1 10 538
7 15 1 3 5168
7 15 1 5 414
7 15 1 10 350
7 9 2 0 354
7 9 2 6 770
7 9 2 9 860
7 10 2 0 80
7 10 2 6 84
7 10 2 9 744
7 12 2 0 942
7 12 2 6 688
7 12 2 9 718
7 15 2 0 702
7 15 2 6 142
7 15 2 9 1116
7 9 3 1 610
7 9 3 7 802
7 9 3 8 420
7 10 3 1 370
7 10 3 7 666
7 10 3 8 460
7 12 3 1 298
7 12 3 7 346
7 12 3 8 206
7 15 3 1 5324
7 15 3 7 146
7 15 3 8 192
7 9 4 0 1022
7 9 4 6 636
7 9 4 15 462
7 10 4 0 144
7 10 4 6 342
7 10 4 15 412
7 12 4 0 538
7 12 4 6 90
7 12 4 15 268
7 15 4 0 80
7 15 4 6 210
7 15 4 15 820
7 9 5 1 408
7 9 5 7 544
7 9 5 14 576
7 10 5 1 654
7 10 5 7 322
7 10 5 14 684
7 12 5 1 30
7 12 5 7 558
7 12 5 14 92
7 15 5 1 296
7 15 5 7 704
7 15 5 14 44
7 9 6 2 298
7 9 6 4 282
7 9 6 13 276
7 10 6 2 922
7 10 6 4 1130
7 10 6 13 506
7 12 6 2 206
7 12 6 4 822
7 12 6 13 594
7 15 6 2 620
7 15 6 4 678
7 15 6 13 862
7 9 7 3 330
7 9 7 5 240
7 9 7 12 236
7 10 7 3 386
7 10 7 5 324
7 10 7 12 376
7 12 7 3 662
7 12 7 5 6
7 12 7 12 36
7 15 7 3 176
7 15 7 5 150
7 15 7 12 304
7 9 8 3 498
7 9 8 10 264
7 9 8 12 430
7 10 8 3 120
7 10 8 10 44
7 10 8 12 316
7 12 8 3 760
7 12 8 10 58
7 12 8 12 672
7 15 8 3 1770
7 15 8 10 352
7 15 8 12 736
7 9 9 2 10
7 9 9 11 4
7 9 9 13 550
7 10 9 2 20
7 10 9 11 216
7 10 9 13 1038
7 12 9 2 658
7 12 9 11 466
7 12 9 13 546
7 15 9 2 572
7 15 9 11 298
7 15 9 13 606
7 9 10 1 448
7 9 10 8 166
7 9 10 14 136
7 10 10 1 638
7 10 10 8 206
7 10 10 14 268
7 12 10 1 496
7 12 10 8 208
7 12 10 14 1066
7 15 10 1 220
7 15 10 8 1034
7 15 10 14 26
7 9 11 0 246
7 9 11 9 454
7 9 11 15 32
7 10 11 0 478
7 10 11 9 588
7 10 11 15 342
7 12 11 0 66
7 12 11 9 70
7 12 11 15 280
7 15 11 0 336
7 15 11 9 272
7 15 11 15 136
7 9 12 7 328
7 9 12 8 604
7 9 12 14 452
7 10 12 7 280
7 10 12 8 204
7 10 12 14 112
7 12 12 7 1124
7 12 12 8 406
7 12 12 14 418
7 15 12 7 486
7 15 12 8 130
7 15 12 14 214
7 9 13 6 254
7 9 13 9 88
7 9 13 15 462
7 10 13 6 126
7 10 13 9 480
7 10 13 15 358
7 12 13 6 116
7 12 13 9 76
7 12 13 15 310
7 15 13 6 342
7 15 13 9 292
7 15 13 15 134
7 9 14 5 212
7 9 14 10 852
7 9 14 12 64
7 10 14 5 244
7 10 14 10 200
7 10 14 12 102
7 12 14 5 204
7 12 14 10 168
7 12 14 12 936
7 15 14 5 454
7 15 14 10 714
7 15 14 12 478
7 9 15 4 1066
7 9 15 11 432
7 9 15 13 162
7 10 15 4 286
7 10 15 11 36
7 10 15 13 566
7 12 15 4 336
7 12 15 11 176
7 12 15 13 704
7 15 15 4 668
7 15 15 11 502
7 15 15 13 78
8 10 0 2 350
8 10 0 4 170
8 10 0 11 354
8 12 0 2 1088
8 12 0 4 182
8 12 0 11 604
8 10 1 3 684
8 10 1 5 182
8 10 1 10 290
8 12 1 3 546
8 12 1 5 326
8 12 1 10 568
8 10 2 0 652
8 10 2 6 328
8 10 2 9 216
8 12 2 0 18
8 12 2 6 414
8 12 2 9 38
8 10 3 1 98
8 10 3 7 282
8 10 3 8 262
8 12 3 1 242
8 12 3 7 126
8 12 3 8 530
8 10 4 0 660
8 10 4 6 88
8 10 4 15 72
8 12 4 0 454
8 12 4 6 604
8 12 4 15 608
8 10 5 1 212
8 10 5 7 70
8 10 5 14 934
8 12 5 1 0
8 12 5 7 536
8 12 5 14 1696
8 10 6 2 244
8 10 6 4 564
8 10 6 13 90
8 12 6 2 428
8 12 6 4 462
8 12 6 13 352
8 10 7 3 30
8 10 7 5 356
8 10 7 12 356
8 12 7 3 590
8 12 7 5 924
8 12 7 12 200
8 10 8 3 364
8 10 8 10 196
8 10 8 12 798
8 12 8 3 1168
8 12 8 10 242
8 12 8 12 72
8 10 9 2 684
8 10 9 11 298
8 10 9 13 742
8 12 9 2 1004
8 12 9 11 926
8 12 9 13 998
8 10 10 1 102
8 10 10 8 184
8 10 10 14 136
8 12 10 1 488
8 12 10 8 1072
8 12 10 14 382
8 10 11 0 418
8 10 11 9 120
8 10 11 15 114
8 12 11 0 516
8 12 11 9 344
8 12 11 15 144
8 10 12 7 788
8 10 12 8 540
8 10 12 14 20
8 12 12 7 142
8 12 12 8 54
8 12 12 14 360
8 10 13 6 216
8 10 13 9 16
8 10 13 15 80
8 12 13 6 898
8 12 13 9 864
8 12 13 15 794
8 10 14 5 582
8 10 14 10 260
8 10 14 12 544
8 12 14 5 284
8 12 14 10 122
8 12 14 12 442
8 10 15 4 676
8 10 15 11 1018
8 10 15 13 826
8 12 15 4 992
8 12 15 11 422
8 12 15 13 142
9 11 0 2 276
9 11 0 4 542
9 11 0 11 814
9 13 0 2 732
9 13 0 4 182
9 13 0 11 864
9 11 1 3 374
9 11 1 5 192
9 11 1 10 508
9 13 1 3 586
9 13 1 5 172
9 13 1 10 100
9 11 2 0 438
9 11 2 6 466
9 11 2 9 230
9 13 2 0 698
9 13 2 6 320
9 13 2 9 508
9 11 3 1 54
9 11 3 7 264
9 11 3 8 428
9 13 3 1 414
9 13 3 7 418
9 13 3 8 368
9 11 4 0 234
9 11 4 6 378
9 11 4 15 116
9 13 4 0 270
9 13 4 6 184
9 13 4 15 44
9 11 5 1 394
9 11 5 7 388
9 11 5 14 1144
9 13 5 1 24
9 13 5 7 314
9 13 5 14 108
9 11 6 2 612
9 11 6 4 710
9 11 6 13 66
9 13 6 2 292
9 13 6 4 276
9 13 6 13 252
9 11 7 3 14
9 11 7 5 372
9 11 7 12 198
9 13 7 3 32
9 13 7 5 220
9 13 7 12 194
9 11 8 3 684
9 11 8 10 950
9 11 8 12 506
9 13 8 3 56
9 13 8 10 522
9 13 8 12 168
9 11 9 2 1150
9 11 9 11 1204
9 11 9 13 560
9 13 9 2 302
9 13 9 11 560
9 13 9 13 180
9 11 10 1 724
9 11 10 8 836
9 11 10 14 300
9 13 10 1 670
9 13 10 8 524
9 13 10 14 976
9 11 11 0 550
9 11 11 9 476
9 11 11 15 1112
9 13 11 0 510
9 13 11 9 366
9 13 11 15 1170
9 11 12 7 240
9 11 12 8 830
9 11 12 14 1340
9 13 12 7 92
9 13 12 8 152
9 13 12 14 92
9 11 13 6 78
9 11 13 9 520
9 11 13 15 108
9 13 13 6 844
9 13 13 9 38
9 13 13 15 230
9 11 14 5 280
9 11 14 10 608
9 11 14 12 298
9 13 14 5 440
9 13 14 10 204
9 13 14 12 64
9 11 15 4 194
9 11 15 11 492
9 11 15 13 834
9 13 15 4 496
9 13 15 11 578
9 13 15 13 482
10 14 0 2 212
10 14 0 4 68
10 14 0 11 710
10 14 1 3 332
10 14 1 5 442
10 14 1 10 720
10 14 2 0 1230
10 14 2 6 40
10 14 2 9 182
10 14 3 1 606
10 14 3 7 114
10 14 3 8 10
10 14 4 0 36
10 14 4 6 188
10 14 4 15 724
10 14 5 1 888
10 14 5 7 134
10 14 5 14 514
10 14 6 2 278
10 14 6 4 132
10 14 6 13 70
10 14 7 3 450
10 14 7 5 44
10 14 7 12 190
10 14 8 3 640
10 14 8 10 218
10 14 8 12 780
10 14 9 2 564
10 14 9 11 958
10 14 9 13 408
10 14 10 1 956
10 14 10 8 688
10 14 10 14 482
10 14 11 0 240
10 14 11 9 562
10 14 11 15 1232
10 14 12 7 304
10 14 12 8 172
10 14 12 14 770
10 14 13 6 90
10 14 13 9 1048
10 14 13 15 182
10 14 14 5 330
10 14 14 10 402
10 14 14 12 838
10 14 15 4 236
10 14 15 11 142
10 14 15 13 4
11 15 0 2 560
11 15 0 4 128
11 15 0 11 402
11 15 1 3 568
11 15 1 5 148
11 15 1 10 122
11 15 2 0 792
11 15 2 6 458
11 15 2 9 290
11 15 3 1 236
11 15 3 7 190
11 15 3 8 372
11 15 4 0 636
11 15 4 6 444
11 15 4 15 334
11 15 5 1 382
11 15 5 7 10
11 15 5 14 342
11 15 6 2 474
11 15 6 4 548
11 15 6 13 76
11 15 7 3 216
11 15 7 5 580
11 15 7 12 294
11 15 8 3 642
11 15 8 10 642
11 15 8 12 404
11 15 9 2 876
11 15 9 11 886
11 15 9 13 942
11 15 10 1 812
11 15 10 8 338
11 15 10 14 322
11 15 11 0 110
11 15 11 9 1320
11 15 11 15 560
11 15 12 7 972
11 15 12 8 96
11 15 12 14 184
11 15 13 6 72
11 15 13 9 94
11 15 13 15 236
11 15 14 5 156
11 15 14 10 48
11 15 14 12 4
11 15 15 4 620
11 15 15 11 324
11 15 15 13 202
12 14 0 2 582
12 14 0 4 872
12 14 0 11 426
12 14 1 3 84
12 14 1 5 246
12 14 1 10 750
12 14 2 0 742
12 14 2 6 208
12 14 2 9 394
12 14 3 1 152
12 14 3 7 104
12 14 3 8 24
12 14 4 0 544
12 14 4 6 400
12 14 4 15 396
12 14 5 1 988
12 14 5 7 1342
12 14 5 14 496
12 14 6 2 800
12 14 6 4 304
12 14 6 13 122
12 14 7 3 466
12 14 7 5 698
12 14 7 12 6
12 14 8 3 624
12 14 8 10 432
12 14 8 12 6
12 14 9 2 270
12 14 9 11 1048
12 14 9 13 488
12 14 10 1 98
12 14 10 8 744
12 14 10 14 582
12 14 11 0 434
12 14 11 9 454
12 14 11 15 562
12 14 12 7 596
12 14 12 8 246
12 14 12 14 582
12 14 13 6 696
12 14 13 9 204
12 14 13 15 54
12 14 14 5 250
12 14 14 10 292
12 14 14 12 272
12 14 15 4 892
12 14 15 11 446
12 14 15 13 812
13 15 0 2 70
13 15 0 4 288
13 15 0 11 102
13 15 1 3 242
13 15 1 5 1500
13 15 1 10 148
13 15 2 0 304
13 15 2 6 668
13 15 2 9 626
13 15 3 1 286
13 15 3 7 410
13 15 3 8 368
13 15 4 0 244
13 15 4 6 110
13 15 4 15 460
13 15 5 1 34
13 15 5 7 190
13 15 5 14 428
13 15 6 2 612
13 15 6 4 246
13 15 6 13 448
13 15 7 3 144
13 15 7 5 378
13 15 7 12 120
13 15 8 3 844
13 15 8 10 48
13 15 8 12 388
13 15 9 2 82
13 15 9 11 430
13 15 9 13 656
13 15 10 1 516
13 15 10 8 268
13 15 10 14 104
13 15 11 0 1256
13 15 11 9 234
13 15 11 15 556
13 15 12 7 128
13 15 12 8 92
13 15 12 14 308
13 15 13 6 566
13 15 13 9 400
13 15 13 15 130
13 15 14 5 226
13 15 14 10 256
13 15 14 12 12
13 15 15 4 174
13 15 15 11 128
13 15 15 13 190
