# KEY left=0x1f right=0x99
# GOOD_PAIRS_BEGIN count=4
# GOOD_PAIR 0x11 0x93
# GOOD_PAIR 0x13 0x91
# GOOD_PAIR 0x61 0xe3
# GOOD_PAIR 0x63 0xe1
# GOOD_PAIRS_END
0 2 0 2 306
0 2 0 4 238
0 2 0 11 336
0 4 0 2 932
0 4 0 4 466
0 4 0 11 328
0 8 0 2 4
0 8 0 4 648
0 8 0 11 72
0 11 0 2 562
0 11 0 4 144
0 11 0 11 1390
0 13 0 2 422
0 13 0 4 110
0 13 0 11 862
0 14 0 2 694
0 14 0 4 226
0 14 0 11 268
0 2 1 3 100
0 2 1 5 1058
0 2 1 10 688
0 4 1 3 230
0 4 1 5 18
0 4 1 10 450
0 8 1 3 246
0 8 1 5 288
0 8 1 10 146
0 11 1 3 350
0 11 1 5 134
0 11 1 10 364
0 13 1 3 544
0 13 1 5 988
0 13 1 10 880
0 14 1 3 32
0 14 1 5 466
0 14 1 10 22
0 2 2 0 18
0 2 2 6 332
0 2 2 9 20
0 4 2 0 384
0 4 2 6 240
0 4 2 9 544
0 8 2 0 258
0 8 2 6 234
0 8 2 9 124
0 11 2 0 432
0 11 2 6 582
0 11 2 9 94
0 13 2 0 112
0 13 2 6 928
0 13 2 9 478
0 14 2 0 500
0 14 2 6 418
0 14 2 9 290
0 2 3 1 702
0 2 3 7 10
0 2 3 8 562
0 4 3 1 52
0 4 3 7 104
0 4 3 8 532
0 8 3 1 696
0 8 3 7 186
0 8 3 8 366
0 11 3 1 420
0 11 3 7 334
0 11 3 8 434
0 13 3 1 652
0 13 3 7 308
0 13 3 8 152
0 14 3 1 382
0 14 3 7 64
0 14 3 8 410
0 2 4 0 110
0 2 4 6 178
0 2 4 15 138
0 4 4 0 528
0 4 4 6 532
0 4 4 15 238
0 8 4 0 376
0 8 4 6 350
0 8 4 15 132
0 11 4 0 218
0 11 4 6 124
0 11 4 15 900
0 13 4 0 732
0 13 4 6 484
0 13 4 15 216
0 14 4 0 954
0 14 4 6 730
0 14 4 15 716
0 2 5 1 942
0 2 5 7 624
0 2 5 14 752
0 4 5 1 588
0 4 5 7 104
0 4 5 14 456
0 8 5 1 28
0 8 5 7 294
0 8 5 14 502
0 11 5 1 292
0 11 5 7 538
0 11 5 14 558
0 13 5 1 212
0 13 5 7 268
0 13 5 14 286
0 14 5 1 62
0 14 5 7 112
0 14 5 14 60
0 2 6 2 288
0 2 6 4 534
0 2 6 13 472
0 4 6 2 404
0 4 6 4 158
0 4 6 13 390
0 8 6 2 42
0 8 6 4 906
0 8 6 13 66
0 11 6 2 496
0 11 6 4 704
0 11 6 13 16
0 13 6 2 270
0 13 6 4 642
0 13 6 13 560
0 14 6 2 182
0 14 6 4 168
0 14 6 13 384
0 2 7 3 22
0 2 7 5 138
0 2 7 12 562
0 4 7 3 368
0 4 7 5 1018
0 4 7 12 728
0 8 7 3 74
0 8 7 5 728
0 8 7 12 198
0 11 7 3 398
0 11 7 5 1096
0 11 7 12 24
0 13 7 3 1280
0 13 7 5 234
0 13 7 12 24
0 14 7 3 320
0 14 7 5 454
0 14 7 12 428
0 2 8 3 1058
0 2 8 10 512
0 2 8 12 400
0 4 8 3 676
0 4 8 10 1174
0 4 8 12 868
0 8 8 3 540
0 8 8 10 682
0 8 8 12 430
0 11 8 3 406
0 11 8 10 22
0 11 8 12 462
0 13 8 3 86
0 13 8 10 968
0 13 8 12 210
0 14 8 3 546
0 14 8 10 242
0 14 8 12 542
0 2 9 2 520
0 2 9 11 180
0 2 9 13 212
0 4 9 2 376
0 4 9 11 580
0 4 9 13 726
0 8 9 2 674
0 8 9 11 172
0 8 9 13 358
0 11 9 2 566
0 11 9 11 18
0 11 9 13 144
0 13 9 2 920
0 13 9 11 330
0 13 9 13 544
0 14 9 2 288
0 14 9 11 214
0 14 9 13 48
0 2 10 1 342
0 2 10 8 18
0 2 10 14 130
0 4 10 1 1076
0 4 10 8 614
0 4 10 14 1050
0 8 10 1 330
0 8 10 8 740
0 8 10 14 392
0 11 10 1 394
0 11 10 8 558
0 11 10 14 1458
0 13 10 1 908
0 13 10 8 438
0 13 10 14 14
0 14 10 1 6
0 14 10 8 52
0 14 10 14 66
0 2 11 0 380
0 2 11 9 692
0 2 11 15 896
0 4 11 0 636
0 4 11 9 698
0 4 11 15 96
0 8 11 0 410
0 8 11 9 196
0 8 11 15 350
0 11 11 0 224
0 11 11 9 58
0 11 11 15 1190
0 13 11 0 402
0 13 11 9 140
0 13 11 15 432
0 14 11 0 200
0 14 11 9 364
0 14 11 15 566
0 2 12 7 470
0 2 12 8 48
0 2 12 14 22
0 4 12 7 358
0 4 12 8 208
0 4 12 14 26
0 8 12 7 138
0 8 12 8 552
0 8 12 14 246
0 11 12 7 718
0 11 12 8 730
0 11 12 14 234
0 13 12 7 1332
0 13 12 8 626
0 13 12 14 42
0 14 12 7 394
0 14 12 8 302
0 14 12 14 242
0 2 13 6 238
0 2 13 9 808
0 2 13 15 742
0 4 13 6 114
0 4 13 9 740
0 4 13 15 126
0 8 13 6 116
0 8 13 9 72
0 8 13 15 468
0 11 13 6 1326
0 11 13 9 440
0 11 13 15 426
0 13 13 6 108
0 13 13 9 392
0 13 13 15 58
0 14 13 6 446
0 14 13 9 38
0 14 13 15 326
0 2 14 5 168
0 2 14 10 352
0 2 14 12 324
0 4 14 5 484
0 4 14 10 400
0 4 14 12 154
0 8 14 5 326
0 8 14 10 94
0 8 14 12 282
0 11 14 5 680
0 11 14 10 404
0 11 14 12 126
0 13 14 5 160
0 13 14 10 280
0 13 14 12 628
0 14 14 5 552
0 14 14 10 188
0 14 14 12 1008
0 2 15 4 212
0 2 15 11 624
0 2 15 13 2
0 4 15 4 698
0 4 15 11 86
0 4 15 13 332
0 8 15 4 378
0 8 15 11 262
0 8 15 13 158
0 11 15 4 260
0 11 15 11 278
0 11 15 13 138
0 13 15 4 760
0 13 15 11 44
0 13 15 13 24
0 14 15 4 322
0 14 15 11 462
0 14 15 13 290
1 3 0 2 896
1 3 0 4 706
1 3 0 11 724
1 5 0 2 146
1 5 0 4 302
1 5 0 11 234
1 9 0 2 56
1 9 0 4 82
1 9 0 11 738
1 10 0 2 408
1 10 0 4 112
1 10 0 11 612
1 12 0 2 266
1 12 0 4 306
1 12 0 11 508
1 15 0 2 642
1 15 0 4 276
1 15 0 11 350
1 3 1 3 810
1 3 1 5 72
1 3 1 10 412
1 5 1 3 136
1 5 1 5 268
1 5 1 10 1124
1 9 1 3 4310
1 9 1 5 1000
1 9 1 10 390
1 10 1 3 712
1 10 1 5 548
1 10 1 10 360
1 12 1 3 714
1 12 1 5 468
1 12 1 10 10
1 15 1 3 184
1 15 1 5 102
1 15 1 10 74
1 3 2 0 908
1 3 2 6 136
1 3 2 9 390
1 5 2 0 404
1 5 2 6 90
1 5 2 9 90
1 9 2 0 528
1 9 2 6 1138
1 9 2 9 1258
1 10 2 0 350
1 10 2 6 336
1 10 2 9 452
1 12 2 0 118
1 12 2 6 50
1 12 2 9 970
1 15 2 0 480
1 15 2 6 840
1 15 2 9 692
1 3 3 1 702
1 3 3 7 526
1 3 3 8 294
1 5 3 1 634
1 5 3 7 276
1 5 3 8 266
1 9 3 1 5882
1 9 3 7 520
1 9 3 8 224
1 10 3 1 402
1 10 3 7 428
1 10 3 8 926
1 12 3 1 22
1 12 3 7 212
1 12 3 8 1352
1 15 3 1 452
1 15 3 7 518
1 15 3 8 846
1 3 4 0 144
1 3 4 6 134
1 3 4 15 272
1 5 4 0 302
1 5 4 6 808
1 5 4 15 166
1 9 4 0 456
1 9 4 6 1048
1 9 4 15 40
1 10 4 0 84
1 10 4 6 234
1 10 4 15 1078
1 12 4 0 248
1 12 4 6 524
1 12 4 15 266
1 15 4 0 172
1 15 4 6 436
1 15 4 15 216
1 3 5 1 88
1 3 5 7 76
1 3 5 14 256
1 5 5 1 658
1 5 5 7 312
1 5 5 14 28
1 9 5 1 580
1 9 5 7 174
1 9 5 14 262
1 10 5 1 130
1 10 5 7 80
1 10 5 14 224
1 12 5 1 140
1 12 5 7 576
1 12 5 14 932
1 15 5 1 184
1 15 5 7 164
1 15 5 14 474
1 3 6 2 512
1 3 6 4 42
1 3 6 13 102
1 5 6 2 88
1 5 6 4 844
1 5 6 13 288
1 9 6 2 370
1 9 6 4 692
1 9 6 13 728
1 10 6 2 602
1 10 6 4 434
1 10 6 13 314
1 12 6 2 836
1 12 6 4 510
1 12 6 13 252
1 15 6 2 1494
1 15 6 4 564
1 15 6 13 170
1 3 7 3 670
1 3 7 5 920
1 3 7 12 162
1 5 7 3 48
1 5 7 5 726
1 5 7 12 502
1 9 7 3 524
1 9 7 5 258
1 9 7 12 116
1 10 7 3 1484
1 10 7 5 424
1 10 7 12 210
1 12 7 3 358
1 12 7 5 454
1 12 7 12 274
1 15 7 3 64
1 15 7 5 122
1 15 7 12 800
1 3 8 3 180
1 3 8 10 206
1 3 8 12 536
1 5 8 3 240
1 5 8 10 240
1 5 8 12 188
1 9 8 3 1098
1 9 8 10 20
1 9 8 12 288
1 10 8 3 1000
1 10 8 10 682
1 10 8 12 1120
1 12 8 3 316
1 12 8 10 816
1 12 8 12 494
1 15 8 3 632
1 15 8 10 68
1 15 8 12 418
1 3 9 2 1478
1 3 9 11 218
1 3 9 13 288
1 5 9 2 510
1 5 9 11 642
1 5 9 13 312
1 9 9 2 422
1 9 9 11 468
1 9 9 13 202
1 10 9 2 314
1 10 9 11 324
1 10 9 13 22
1 12 9 2 146
1 12 9 11 278
1 12 9 13 426
1 15 9 2 1164
1 15 9 11 398
1 15 9 13 366
1 3 10 1 714
1 3 10 8 686
1 3 10 14 310
1 5 10 1 42
1 5 10 8 562
1 5 10 14 892
1 9 10 1 78
1 9 10 8 1006
1 9 10 14 416
1 10 10 1 340
1 10 10 8 244
1 10 10 14 574
1 12 10 1 30
1 12 10 8 380
1 12 10 14 2
1 15 10 1 124
1 15 10 8 250
1 15 10 14 380
1 3 11 0 108
1 3 11 9 600
1 3 11 15 926
1 5 11 0 934
1 5 11 9 72
1 5 11 15 578
1 9 11 0 778
1 9 11 9 170
1 9 11 15 648
1 10 11 0 24
1 10 11 9 332
1 10 11 15 316
1 12 11 0 310
1 12 11 9 356
1 12 11 15 622
1 15 11 0 508
1 15 11 9 246
1 15 11 15 230
1 3 12 7 332
1 3 12 8 34
1 3 12 14 816
1 5 12 7 412
1 5 12 8 650
1 5 12 14 172
1 9 12 7 192
1 9 12 8 204
1 9 12 14 118
1 10 12 7 556
1 10 12 8 392
1 10 12 14 234
1 12 12 7 6
1 12 12 8 264
1 12 12 14 116
1 15 12 7 634
1 15 12 8 4
1 15 12 14 98
1 3 13 6 1010
1 3 13 9 562
1 3 13 15 668
1 5 13 6 460
1 5 13 9 62
1 5 13 15 706
1 9 13 6 466
1 9 13 9 292
1 9 13 15 214
1 10 13 6 1080
1 10 13 9 16
1 10 13 15 228
1 12 13 6 52
1 12 13 9 684
1 12 13 15 14
1 15 13 6 308
1 15 13 9 218
1 15 13 15 502
1 3 14 5 332
1 3 14 10 52
1 3 14 12 610
1 5 14 5 314
1 5 14 10 168
1 5 14 12 4
1 9 14 5 98
1 9 14 10 294
1 9 14 12 596
1 10 14 5 116
1 10 14 10 1072
1 10 14 12 376
1 12 14 5 184
1 12 14 10 766
1 12 14 12 282
1 15 14 5 320
1 15 14 10 492
1 15 14 12 766
1 3 15 4 160
1 3 15 11 212
1 3 15 13 310
1 5 15 4 756
1 5 15 11 180
1 5 15 13 366
1 9 15 4 998
1 9 15 11 158
1 9 15 13 712
1 10 15 4 780
1 10 15 11 670
1 10 15 13 362
1 12 15 4 40
1 12 15 11 494
1 12 15 13 1142
1 15 15 4 592
1 15 15 11 376
1 15 15 13 1088
2 6 0 2 868
2 6 0 4 304
2 6 0 11 82
2 9 0 2 666
2 9 0 4 274
2 9 0 11 542
2 10 0 2 70
2 10 0 4 916
2 10 0 11 936
2 12 0 2 280
2 12 0 4 590
2 12 0 11 300
2 15 0 2 382
2 15 0 4 216
2 15 0 11 298
2 6 1 3 72
2 6 1 5 752
2 6 1 10 192
2 9 1 3 920
2 9 1 5 354
2 9 1 10 370
2 10 1 3 6
2 10 1 5 712
2 10 1 10 70
2 12 1 3 162
2 12 1 5 40
2 12 1 10 276
2 15 1 3 226
2 15 1 5 118
2 15 1 10 528
2 6 2 0 706
2 6 2 6 218
2 6 2 9 314
2 9 2 0 34
2 9 2 6 60
2 9 2 9 56
2 10 2 0 1376
2 10 2 6 204
2 10 2 9 94
2 12 2 0 238
2 12 2 6 210
2 12 2 9 336
2 15 2 0 618
2 15 2 6 288
2 15 2 9 554
2 6 3 1 136
2 6 3 7 880
2 6 3 8 80
2 9 3 1 542
2 9 3 7 668
2 9 3 8 174
2 10 3 1 602
2 10 3 7 74
2 10 3 8 420
2 12 3 1 544
2 12 3 7 58
2 12 3 8 22
2 15 3 1 956
2 15 3 7 784
2 15 3 8 956
2 6 4 0 998
2 6 4 6 282
2 6 4 15 100
2 9 4 0 480
2 9 4 6 210
2 9 4 15 810
2 10 4 0 430
2 10 4 6 506
2 10 4 15 380
2 12 4 0 572
2 12 4 6 38
2 12 4 15 490
2 15 4 0 562
2 15 4 6 86
2 15 4 15 194
2 6 5 1 318
2 6 5 7 994
2 6 5 14 476
2 9 5 1 322
2 9 5 7 452
2 9 5 14 634
2 10 5 1 440
2 10 5 7 178
2 10 5 14 496
2 12 5 1 332
2 12 5 7 634
2 12 5 14 936
2 15 5 1 12
2 15 5 7 338
2 15 5 14 20
2 6 6 2 182
2 6 6 4 108
2 6 6 13 78
2 9 6 2 98
2 9 6 4 258
2 9 6 13 382
2 10 6 2 1060
2 10 6 4 430
2 10 6 13 524
2 12 6 2 680
2 12 6 4 290
2 12 6 13 242
2 15 6 2 34
2 15 6 4 1230
2 15 6 13 126
2 6 7 3 92
2 6 7 5 382
2 6 7 12 90
2 9 7 3 1014
2 9 7 5 570
2 9 7 12 130
2 10 7 3 698
2 10 7 5 778
2 10 7 12 172
2 12 7 3 368
2 12 7 5 0
2 12 7 12 56
2 15 7 3 278
2 15 7 5 506
2 15 7 12 1442
2 6 8 3 114
2 6 8 10 262
2 6 8 12 82
2 9 8 3 516
2 9 8 10 582
2 9 8 12 272
2 10 8 3 324
2 10 8 10 346
2 10 8 12 0
2 12 8 3 504
2 12 8 10 886
2 12 8 12 666
2 15 8 3 112
2 15 8 10 306
2 15 8 12 396
2 6 9 2 332
2 6 9 11 306
2 6 9 13 162
2 9 9 2 354
2 9 9 11 56
2 9 9 13 536
2 10 9 2 356
2 10 9 11 432
2 10 9 13 44
2 12 9 2 444
2 12 9 11 946
2 12 9 13 338
2 15 9 2 442
2 15 9 11 438
2 15 9 13 1002
2 6 10 1 174
2 6 10 8 422
2 6 10 14 502
2 9 10 1 790
2 9 10 8 684
2 9 10 14 78
2 10 10 1 38
2 10 10 8 344
2 10 10 14 208
2 12 10 1 10
2 12 10 8 528
2 12 10 14 472
2 15 10 1 714
2 15 10 8 244
2 15 10 14 42
2 6 11 0 188
2 6 11 9 408
2 6 11 15 254
2 9 11 0 994
2 9 11 9 562
2 9 11 15 526
2 10 11 0 862
2 10 11 9 154
2 10 11 15 570
2 12 11 0 152
2 12 11 9 114
2 12 11 15 430
2 15 11 0 214
2 15 11 9 324
2 15 11 15 248
2 6 12 7 464
2 6 12 8 204
2 6 12 14 60
2 9 12 7 194
2 9 12 8 258
2 9 12 14 352
2 10 12 7 1076
2 10 12 8 232
2 10 12 14 502
2 12 12 7 26
2 12 12 8 70
2 12 12 14 792
2 15 12 7 438
2 15 12 8 984
2 15 12 14 130
2 6 13 6 460
2 6 13 9 304
2 6 13 15 330
2 9 13 6 1058
2 9 13 9 738
2 9 13 15 786
2 10 13 6 402
2 10 13 9 488
2 10 13 15 306
2 12 13 6 1254
2 12 13 9 168
2 12 13 15 624
2 15 13 6 1120
2 15 13 9 376
2 15 13 15 310
2 6 14 5 334
2 6 14 10 210
2 6 14 12 88
2 9 14 5 44
2 9 14 10 560
2 9 14 12 30
2 10 14 5 80
2 10 14 10 1296
2 10 14 12 810
2 12 14 5 130
2 12 14 10 496
2 12 14 12 176
2 15 14 5 102
2 15 14 10 90
2 15 14 12 138
2 6 15 4 616
2 6 15 11 1020
2 6 15 13 890
2 9 15 4 436
2 9 15 11 548
2 9 15 13 620
2 10 15 4 276
2 10 15 11 562
2 10 15 13 124
2 12 15 4 108
2 12 15 11 272
2 12 15 13 698
2 15 15 4 728
2 15 15 11 206
2 15 15 13 934
3 7 0 2 472
3 7 0 4 790
3 7 0 11 302
3 8 0 2 304
3 8 0 4 624
3 8 0 11 188
3 11 0 2 48
3 11 0 4 282
3 11 0 11 494
3 13 0 2 176
3 13 0 4 900
3 13 0 11 544
3 14 0 2 516
3 14 0 4 192
3 14 0 11 82
3 7 1 3 110
3 7 1 5 8
3 7 1 10 174
3 8 1 3 142
3 8 1 5 236
3 8 1 10 324
3 11 1 3 98
3 11 1 5 506
3 11 1 10 94
3 13 1 3 562
3 13 1 5 774
3 13 1 10 464
3 14 1 3 1146
3 14 1 5 218
3 14 1 10 620
3 7 2 0 192
3 7 2 6 38
3 7 2 9 148
3 8 2 0 468
3 8 2 6 598
3 8 2 9 796
3 11 2 0 408
3 11 2 6 102
3 11 2 9 402
3 13 2 0 426
3 13 2 6 36
3 13 2 9 256
3 14 2 0 644
3 14 2 6 102
3 14 2 9 174
3 7 3 1 522
3 7 3 7 58
3 7 3 8 226
3 8 3 1 342
3 8 3 7 158
3 8 3 8 814
3 11 3 1 44
3 11 3 7 1530
3 11 3 8 320
3 13 3 1 402
3 13 3 7 344
3 13 3 8 218
3 14 3 1 382
3 14 3 7 496
3 14 3 8 150
3 7 4 0 60
3 7 4 6 412
3 7 4 15 668
3 8 4 0 212
3 8 4 6 216
3 8 4 15 716
3 11 4 0 182
3 11 4 6 40
3 11 4 15 286
3 13 4 0 208
3 13 4 6 488
3 13 4 15 918
3 14 4 0 924
3 14 4 6 772
3 14 4 15 60
3 7 5 1 190
3 7 5 7 296
3 7 5 14 24
3 8 5 1 620
3 8 5 7 152
3 8 5 14 138
3 11 5 1 96
3 11 5 7 656
3 11 5 14 54
3 13 5 1 14
3 13 5 7 202
3 13 5 14 288
3 14 5 1 42
3 14 5 7 624
3 14 5 14 36
3 7 6 2 270
3 7 6 4 542
3 7 6 13 264
3 8 6 2 656
3 8 6 4 320
3 8 6 13 182
3 11 6 2 72
3 11 6 4 472
3 11 6 13 216
3 13 6 2 244
3 13 6 4 746
3 13 6 13 530
3 14 6 2 84
3 14 6 4 1948
3 14 6 13 66
3 7 7 3 112
3 7 7 5 114
3 7 7 12 700
3 8 7 3 80
3 8 7 5 672
3 8 7 12 736
3 11 7 3 192
3 11 7 5 872
3 11 7 12 270
3 13 7 3 648
3 13 7 5 262
3 13 7 12 242
3 14 7 3 268
3 14 7 5 518
3 14 7 12 146
3 7 8 3 596
3 7 8 10 266
3 7 8 12 740
3 8 8 3 538
3 8 8 10 344
3 8 8 12 80
3 11 8 3 354
3 11 8 10 874
3 11 8 12 500
3 13 8 3 312
3 13 8 10 900
3 13 8 12 120
3 14 8 3 480
3 14 8 10 472
3 14 8 12 476
3 7 9 2 116
3 7 9 11 1168
3 7 9 13 148
3 8 9 2 692
3 8 9 11 492
3 8 9 13 6
3 11 9 2 666
3 11 9 11 344
3 11 9 13 4
3 13 9 2 290
3 13 9 11 684
3 13 9 13 280
3 14 9 2 150
3 14 9 11 364
3 14 9 13 90
3 7 10 1 172
3 7 10 8 256
3 7 10 14 374
3 8 10 1 138
3 8 10 8 992
3 8 10 14 518
3 11 10 1 532
3 11 10 8 176
3 11 10 14 12
3 13 10 1 172
3 13 10 8 36
3 13 10 14 348
3 14 10 1 520
3 14 10 8 346
3 14 10 14 214
3 7 11 0 1116
3 7 11 9 228
3 7 11 15 92
3 8 11 0 92
3 8 11 9 220
3 8 11 15 256
3 11 11 0 22
3 11 11 9 192
3 11 11 15 388
3 13 11 0 590
3 13 11 9 576
3 13 11 15 266
3 14 11 0 42
3 14 11 9 150
3 14 11 15 824
3 7 12 7 636
3 7 12 8 518
3 7 12 14 204
3 8 12 7 212
3 8 12 8 254
3 8 12 14 558
3 11 12 7 554
3 11 12 8 536
3 11 12 14 680
3 13 12 7 168
3 13 12 8 304
3 13 12 14 92
3 14 12 7 38
3 14 12 8 112
3 14 12 14 242
3 7 13 6 166
3 7 13 9 1032
3 7 13 15 356
3 8 13 6 488
3 8 13 9 614
3 8 13 15 94
3 11 13 6 644
3 11 13 9 264
3 11 13 15 912
3 13 13 6 492
3 13 13 9 578
3 13 13 15 588
3 14 13 6 266
3 14 13 9 1084
3 14 13 15 218
3 7 14 5 182
3 7 14 10 166
3 7 14 12 570
3 8 14 5 570
3 8 14 10 270
3 8 14 12 1022
3 11 14 5 228
3 11 14 10 142
3 11 14 12 470
3 13 14 5 24
3 13 14 10 286
3 13 14 12 16
3 14 14 5 6
3 14 14 10 56
3 14 14 12 150
3 7 15 4 590
3 7 15 11 478
3 7 15 13 1090
3 8 15 4 188
3 8 15 11 438
3 8 15 13 258
3 11 15 4 610
3 11 15 11 246
3 11 15 13 580
3 13 15 4 320
3 13 15 11 352
3 13 15 13 848
3 14 15 4 184
3 14 15 11 146
3 14 15 13 1162
4 6 0 2 420
4 6 0 4 602
4 6 0 11 864
4 9 0 2 450
4 9 0 4 1396
4 9 0 11 550
4 10 0 2 978
4 10 0 4 30
4 10 0 11 348
4 12 0 2 140
4 12 0 4 236
4 12 0 11 576
4 15 0 2 430
4 15 0 4 38
4 15 0 11 360
4 6 1 3 1200
4 6 1 5 174
4 6 1 10 208
4 9 1 3 430
4 9 1 5 298
4 9 1 10 110
4 10 1 3 56
4 10 1 5 424
4 10 1 10 698
4 12 1 3 134
4 12 1 5 230
4 12 1 10 482
4 15 1 3 28
4 15 1 5 466
4 15 1 10 568
4 6 2 0 194
4 6 2 6 172
4 6 2 9 302
4 9 2 0 506
4 9 2 6 536
4 9 2 9 72
4 10 2 0 84
4 10 2 6 62
4 10 2 9 218
4 12 2 0 786
4 12 2 6 1034
4 12 2 9 144
4 15 2 0 812
4 15 2 6 916
4 15 2 9 390
4 6 3 1 630
4 6 3 7 260
4 6 3 8 994
4 9 3 1 812
4 9 3 7 214
4 9 3 8 836
4 10 3 1 398
4 10 3 7 224
4 10 3 8 404
4 12 3 1 510
4 12 3 7 460
4 12 3 8 102
4 15 3 1 152
4 15 3 7 970
4 15 3 8 6
4 6 4 0 110
4 6 4 6 82
4 6 4 15 422
4 9 4 0 82
4 9 4 6 214
4 9 4 15 98
4 10 4 0 676
4 10 4 6 334
4 10 4 15 56
4 12 4 0 1048
4 12 4 6 298
4 12 4 15 274
4 15 4 0 664
4 15 4 6 372
4 15 4 15 272
4 6 5 1 910
4 6 5 7 332
4 6 5 14 498
4 9 5 1 80
4 9 5 7 378
4 9 5 14 58
4 10 5 1 12
4 10 5 7 350
4 10 5 14 692
4 12 5 1 162
4 12 5 7 398
4 12 5 14 272
4 15 5 1 500
4 15 5 7 592
4 15 5 14 352
4 6 6 2 740
4 6 6 4 372
4 6 6 13 72
4 9 6 2 174
4 9 6 4 356
4 9 6 13 432
4 10 6 2 874
4 10 6 4 494
4 10 6 13 394
4 12 6 2 182
4 12 6 4 348
4 12 6 13 258
4 15 6 2 714
4 15 6 4 494
4 15 6 13 42
4 6 7 3 150
4 6 7 5 756
4 6 7 12 280
4 9 7 3 682
4 9 7 5 928
4 9 7 12 86
4 10 7 3 1042
4 10 7 5 550
4 10 7 12 416
4 12 7 3 268
4 12 7 5 850
4 12 7 12 226
4 15 7 3 1352
4 15 7 5 124
4 15 7 12 464
4 6 8 3 594
4 6 8 10 100
4 6 8 12 318
4 9 8 3 162
4 9 8 10 274
4 9 8 12 622
4 10 8 3 656
4 10 8 10 1058
4 10 8 12 592
4 12 8 3 258
4 12 8 10 844
4 12 8 12 272
4 15 8 3 340
4 15 8 10 536
4 15 8 12 216
4 6 9 2 44
4 6 9 11 366
4 6 9 13 28
4 9 9 2 342
4 9 9 11 780
4 9 9 13 288
4 10 9 2 90
4 10 9 11 166
4 10 9 13 642
4 12 9 2 732
4 12 9 11 276
4 12 9 13 238
4 15 9 2 690
4 15 9 11 238
4 15 9 13 1134
4 6 10 1 604
4 6 10 8 732
4 6 10 14 94
4 9 10 1 470
4 9 10 8 126
4 9 10 14 1760
4 10 10 1 676
4 10 10 8 970
4 10 10 14 452
4 12 10 1 840
4 12 10 8 420
4 12 10 14 110
4 15 10 1 1022
4 15 10 8 242
4 15 10 14 110
4 6 11 0 322
4 6 11 9 756
4 6 11 15 210
4 9 11 0 804
4 9 11 9 42
4 9 11 15 648
4 10 11 0 70
4 10 11 9 518
4 10 11 15 186
4 12 11 0 146
4 12 11 9 160
4 12 11 15 754
4 15 11 0 654
4 15 11 9 36
4 15 11 15 390
4 6 12 7 48
4 6 12 8 928
4 6 12 14 418
4 9 12 7 94
4 9 12 8 286
4 9 12 14 552
4 10 12 7 104
4 10 12 8 210
4 10 12 14 824
4 12 12 7 312
4 12 12 8 166
4 12 12 14 426
4 15 12 7 594
4 15 12 8 104
4 15 12 14 366
4 6 13 6 650
4 6 13 9 102
4 6 13 15 122
4 9 13 6 456
4 9 13 9 1098
4 9 13 15 462
4 10 13 6 490
4 10 13 9 0
4 10 13 15 480
4 12 13 6 246
4 12 13 9 932
4 12 13 15 472
4 15 13 6 342
4 15 13 9 614
4 15 13 15 270
4 6 14 5 32
4 6 14 10 170
4 6 14 12 306
4 9 14 5 22
4 9 14 10 532
4 9 14 12 758
4 10 14 5 560
4 10 14 10 22
4 10 14 12 1548
4 12 14 5 256
4 12 14 10 358
4 12 14 12 102
4 15 14 5 484
4 15 14 10 246
4 15 14 12 490
4 6 15 4 162
4 6 15 11 64
4 6 15 13 98
4 9 15 4 292
4 9 15 11 92
4 9 15 13 750
4 10 15 4 312
4 10 15 11 766
4 10 15 13 44
4 12 15 4 530
4 12 15 11 234
4 12 15 13 24
4 15 15 4 548
4 15 15 11 876
4 15 15 13 1014
5 7 0 2 236
5 7 0 4 66
5 7 0 11 80
5 8 0 2 308
5 8 0 4 448
5 8 0 11 78
5 11 0 2 318
5 11 0 4 890
5 11 0 11 544
5 13 0 2 176
5 13 0 4 44
5 13 0 11 486
5 14 0 2 1114
5 14 0 4 0
5 14 0 11 648
5 7 1 3 662
5 7 1 5 710
5 7 1 10 510
5 8 1 3 116
5 8 1 5 242
5 8 1 10 1054
5 11 1 3 724
5 11 1 5 118
5 11 1 10 682
5 13 1 3 32
5 13 1 5 124
5 13 1 10 666
5 14 1 3 30
5 14 1 5 26
5 14 1 10 260
5 7 2 0 1018
5 7 2 6 384
5 7 2 9 224
5 8 2 0 606
5 8 2 6 92
5 8 2 9 1310
5 11 2 0 224
5 11 2 6 592
5 11 2 9 196
5 13 2 0 260
5 13 2 6 864
5 13 2 9 648
5 14 2 0 750
5 14 2 6 158
5 14 2 9 476
5 7 3 1 1166
5 7 3 7 86
5 7 3 8 784
5 8 3 1 270
5 8 3 7 1014
5 8 3 8 960
5 11 3 1 130
5 11 3 7 440
5 11 3 8 706
5 13 3 1 664
5 13 3 7 526
5 13 3 8 104
5 14 3 1 504
5 14 3 7 396
5 14 3 8 1260
5 7 4 0 76
5 7 4 6 132
5 7 4 15 376
5 8 4 0 498
5 8 4 6 640
5 8 4 15 232
5 11 4 0 46
5 11 4 6 1238
5 11 4 15 26
5 13 4 0 312
5 13 4 6 206
5 13 4 15 362
5 14 4 0 230
5 14 4 6 186
5 14 4 15 172
5 7 5 1 572
5 7 5 7 586
5 7 5 14 288
5 8 5 1 62
5 8 5 7 168
5 8 5 14 184
5 11 5 1 126
5 11 5 7 148
5 11 5 14 2
5 13 5 1 664
5 13 5 7 468
5 13 5 14 32
5 14 5 1 2
5 14 5 7 932
5 14 5 14 1262
5 7 6 2 386
5 7 6 4 64
5 7 6 13 196
5 8 6 2 880
5 8 6 4 282
5 8 6 13 510
5 11 6 2 248
5 11 6 4 326
5 11 6 13 84
5 13 6 2 54
5 13 6 4 608
5 13 6 13 592
5 14 6 2 680
5 14 6 4 196
5 14 6 13 10
5 7 7 3 768
5 7 7 5 582
5 7 7 12 104
5 8 7 3 290
5 8 7 5 468
5 8 7 12 394
5 11 7 3 368
5 11 7 5 446
5 11 7 12 300
5 13 7 3 64
5 13 7 5 212
5 13 7 12 140
5 14 7 3 90
5 14 7 5 246
5 14 7 12 632
5 7 8 3 2
5 7 8 10 222
5 7 8 12 594
5 8 8 3 632
5 8 8 10 32
5 8 8 12 788
5 11 8 3 204
5 11 8 10 592
5 11 8 12 462
5 13 8 3 406
5 13 8 10 522
5 13 8 12 876
5 14 8 3 218
5 14 8 10 748
5 14 8 12 238
5 7 9 2 752
5 7 9 11 506
5 7 9 13 424
5 8 9 2 82
5 8 9 11 198
5 8 9 13 228
5 11 9 2 580
5 11 9 11 600
5 11 9 13 516
5 13 9 2 2
5 13 9 11 786
5 13 9 13 166
5 14 9 2 326
5 14 9 11 128
5 14 9 13 24
5 7 10 1 116
5 7 10 8 366
5 7 10 14 324
5 8 10 1 298
5 8 10 8 686
5 8 10 14 136
5 11 10 1 364
5 11 10 8 562
5 11 10 14 58
5 13 10 1 1030
5 13 10 8 160
5 13 10 14 106
5 14 10 1 154
5 14 10 8 328
5 14 10 14 682
5 7 11 0 44
5 7 11 9 378
5 7 11 15 456
5 8 11 0 434
5 8 11 9 928
5 8 11 15 1036
5 11 11 0 64
5 11 11 9 976
5 11 11 15 106
5 13 11 0 844
5 13 11 9 178
5 13 11 15 446
5 14 11 0 620
5 14 11 9 268
5 14 11 15 1222
5 7 12 7 918
5 7 12 8 562
5 7 12 14 482
5 8 12 7 104
5 8 12 8 684
5 8 12 14 186
5 11 12 7 188
5 11 12 8 352
5 11 12 14 210
5 13 12 7 1142
5 13 12 8 394
5 13 12 14 504
5 14 12 7 106
5 14 12 8 98
5 14 12 14 136
5 7 13 6 452
5 7 13 9 320
5 7 13 15 198
5 8 13 6 530
5 8 13 9 396
5 8 13 15 126
5 11 13 6 468
5 11 13 9 344
5 11 13 15 22
5 13 13 6 378
5 13 13 9 74
5 13 13 15 452
5 14 13 6 810
5 14 13 9 440
5 14 13 15 254
5 7 14 5 70
5 7 14 10 230
5 7 14 12 416
5 8 14 5 1390
5 8 14 10 114
5 8 14 12 866
5 11 14 5 100
5 11 14 10 370
5 11 14 12 400
5 13 14 5 324
5 13 14 10 538
5 13 14 12 1068
5 14 14 5 224
5 14 14 10 60
5 14 14 12 54
5 7 15 4 680
5 7 15 11 24
5 7 15 13 1068
5 8 15 4 130
5 8 15 11 144
5 8 15 13 648
5 11 15 4 390
5 11 15 11 766
5 11 15 13 64
5 13 15 4 768
5 13 15 11 618
5 13 15 13 166
5 14 15 4 402
5 14 15 11 432
5 14 15 13 1134
6 8 0 2 16
6 8 0 4 468
6 8 0 11 680
6 11 0 2 130
6 11 0 4 190
6 11 0 11 228
6 13 0 2 164
6 13 0 4 532
6 13 0 11 124
6 14 0 2 696
6 14 0 4 480
6 14 0 11 80
6 8 1 3 68
6 8 1 5 50
6 8 1 10 460
6 11 1 3 396
6 11 1 5 346
6 11 1 10 78
6 13 1 3 220
6 13 1 5 120
6 13 1 10 76
6 14 1 3 5644
6 14 1 5 268
6 14 1 10 800
6 8 2 0 720
6 8 2 6 434
6 8 2 9 718
6 11 2 0 458
6 11 2 6 1062
6 11 2 9 204
6 13 2 0 622
6 13 2 6 2
6 13 2 9 204
6 14 2 0 216
6 14 2 6 614
6 14 2 9 610
6 8 3 1 538
6 8 3 7 366
6 8 3 8 322
6 11 3 1 260
6 11 3 7 474
6 11 3 8 756
6 13 3 1 30
6 13 3 7 148
6 13 3 8 1442
6 14 3 1 5382
6 14 3 7 504
6 14 3 8 118
6 8 4 0 120
6 8 4 6 380
6 8 4 15 604
6 11 4 0 444
6 11 4 6 272
6 11 4 15 496
6 13 4 0 108
6 13 4 6 250
6 13 4 15 556
6 14 4 0 414
6 14 4 6 126
6 14 4 15 694
6 8 5 1 412
6 8 5 7 828
6 8 5 14 454
6 11 5 1 218
6 11 5 7 300
6 11 5 14 132
6 13 5 1 22
6 13 5 7 366
6 13 5 14 240
6 14 5 1 272
6 14 5 7 232
6 14 5 14 142
6 8 6 2 230
6 8 6 4 574
6 8 6 13 558
6 11 6 2 226
6 11 6 4 1266
6 11 6 13 760
6 13 6 2 344
6 13 6 4 348
6 13 6 13 732
6 14 6 2 130
6 14 6 4 300
6 14 6 13 26
6 8 7 3 922
6 8 7 5 316
6 8 7 12 370
6 11 7 3 170
6 11 7 5 334
6 11 7 12 62
6 13 7 3 710
6 13 7 5 402
6 13 7 12 56
6 14 7 3 188
6 14 7 5 492
6 14 7 12 268
6 8 8 3 338
6 8 8 10 394
6 8 8 12 514
6 11 8 3 48
6 11 8 10 310
6 11 8 12 292
6 13 8 3 426
6 13 8 10 876
6 13 8 12 1148
6 14 8 3 746
6 14 8 10 88
6 14 8 12 794
6 8 9 2 170
6 8 9 11 456
6 8 9 13 644
6 11 9 2 310
6 11 9 11 42
6 11 9 13 360
6 13 9 2 672
6 13 9 11 224
6 13 9 13 854
6 14 9 2 116
6 14 9 11 298
6 14 9 13 168
6 8 10 1 224
6 8 10 8 42
6 8 10 14 584
6 11 10 1 422
6 11 10 8 948
6 11 10 14 242
6 13 10 1 414
6 13 10 8 282
6 13 10 14 320
6 14 10 1 658
6 14 10 8 10
6 14 10 14 390
6 8 11 0 470
6 8 11 9 318
6 8 11 15 126
6 11 11 0 378
6 11 11 9 792
6 11 11 15 186
6 13 11 0 1078
6 13 11 9 372
6 13 11 15 704
6 14 11 0 486
6 14 11 9 140
6 14 11 15 52
6 8 12 7 170
6 8 12 8 240
6 8 12 14 306
6 11 12 7 500
6 11 12 8 382
6 11 12 14 472
6 13 12 7 958
6 13 12 8 888
6 13 12 14 864
6 14 12 7 338
6 14 12 8 146
6 14 12 14 26
6 8 13 6 474
6 8 13 9 114
6 8 13 15 582
6 11 13 6 622
6 11 13 9 294
6 11 13 15 94
6 13 13 6 228
6 13 13 9 408
6 13 13 15 300
6 14 13 6 34
6 14 13 9 404
6 14 13 15 82
6 8 14 5 554
6 8 14 10 532
6 8 14 12 120
6 11 14 5 430
6 11 14 10 632
6 11 14 12 156
6 13 14 5 570
6 13 14 10 912
6 13 14 12 906
6 14 14 5 902
6 14 14 10 472
6 14 14 12 114
6 8 15 4 1006
6 8 15 11 194
6 8 15 13 426
6 11 15 4 8
6 11 15 11 16
6 11 15 13 1052
6 13 15 4 252
6 13 15 11 204
6 13 15 13 132
6 14 15 4 56
6 14 15 11 464
6 14 15 13 704
7 9 0 2 270
7 9 0 4 334
7 9 0 11 302
7 10 0 2 84
7 10 0 4 88
7 10 0 11 284
7 12 0 2 394
7 12 0 4 262
7 12 0 11 230
7 15 0 2 630
7 15 0 4 262
7 15 0 11 620
7 9 1 3 516
7 9 1 5 1008
7 9 1 10 890
7 10 1 3 768
7 10 1 5 354
7 10 1 10 110
7 12 1 3 312
7 12 1 5 186
7 12 1 10 36
7 15 1 3 492
7 15 1 5 106
7 15 1 10 234
7 9 2 0 216
7 9 2 6 488
7 9 2 9 458
7 10 2 0 72
7 10 2 6 674
7 10 2 9 790
7 12 2 0 1094
7 12 2 6 702
7 12 2 9 724
7 15 2 0 520
7 15 2 6 944
7 15 2 9 284
7 9 3 1 170
7 9 3 7 0
7 9 3 8 274
7 10 3 1 1008
7 10 3 7 686
7 10 3 8 178
7 12 3 1 146
7 12 3 7 254
7 12 3 8 468
7 15 3 1 460
7 15 3 7 178
7 15 3 8 892
7 9 4 0 1300
7 9 4 6 130
7 9 4 15 28
7 10 4 0 862
7 10 4 6 478
7 10 4 15 736
7 12 4 0 134
7 12 4 6 542
7 12 4 15 496
7 15 4 0 196
7 15 4 6 142
7 15 4 15 12
7 9 5 1 424
7 9 5 7 84
7 9 5 14 294
7 10 5 1 126
7 10 5 7 374
7 10 5 14 134
7 12 5 1 52
7 12 5 7 36
7 12 5 14 780
7 15 5 1 52
7 15 5 7 246
7 15 5 14 574
7 9 6 2 0
7 9 6 4 88
7 9 6 13 946
7 10 6 2 484
7 10 6 4 28
7 10 6 13 182
7 12 6 2 628
7 12 6 4 138
7 12 6 13 232
7 15 6 2 242
7 15 6 4 532
7 15 6 13 46
7 9 7 3 288
7 9 7 5 190
7 9 7 12 764
7 10 7 3 698
7 10 7 5 760
7 10 7 12 472
7 12 7 3 318
7 12 7 5 356
7 12 7 12 364
7 15 7 3 116
7 15 7 5 436
7 15 7 12 100
7 9 8 3 664
7 9 8 10 144
7 9 8 12 754
7 10 8 3 458
7 10 8 10 364
7 10 8 12 748
7 12 8 3 672
7 12 8 10 238
7 12 8 12 636
7 15 8 3 646
7 15 8 10 588
7 15 8 12 644
7 9 9 2 64
7 9 9 11 242
7 9 9 13 662
7 10 9 2 220
7 10 9 11 112
7 10 9 13 506
7 12 9 2 32
7 12 9 11 340
7 12 9 13 292
7 15 9 2 108
7 15 9 11 328
7 15 9 13 1256
7 9 10 1 870
7 9 10 8 106
7 9 10 14 444
7 10 10 1 122
7 10 10 8 162
7 10 10 14 978
7 12 10 1 138
7 12 10 8 498
7 12 10 14 40
7 15 10 1 946
7 15 10 8 48
7 15 10 14 212
7 9 11 0 714
7 9 11 9 180
7 9 11 15 72
7 10 11 0 320
7 10 11 9 804
7 10 11 15 514
7 12 11 0 514
7 12 11 9 550
7 12 11 15 412
7 15 11 0 316
7 15 11 9 414
7 15 11 15 420
7 9 12 7 506
7 9 12 8 1032
7 9 12 14 254
7 10 12 7 808
7 10 12 8 298
7 10 12 14 418
7 12 12 7 252
7 12 12 8 348
7 12 12 14 152
7 15 12 7 58
7 15 12 8 292
7 15 12 14 504
7 9 13 6 318
7 9 13 9 24
7 9 13 15 182
7 10 13 6 240
7 10 13 9 790
7 10 13 15 594
7 12 13 6 404
7 12 13 9 278
7 12 13 15 440
7 15 13 6 756
7 15 13 9 436
7 15 13 15 484
7 9 14 5 122
7 9 14 10 586
7 9 14 12 258
7 10 14 5 226
7 10 14 10 38
7 10 14 12 222
7 12 14 5 272
7 12 14 10 1166
7 12 14 12 398
7 15 14 5 208
7 15 14 10 188
7 15 14 12 128
7 9 15 4 194
7 9 15 11 344
7 9 15 13 250
7 10 15 4 142
7 10 15 11 34
7 10 15 13 44
7 12 15 4 156
7 12 15 11 660
7 12 15 13 672
7 15 15 4 578
7 15 15 11 494
7 15 15 13 736
8 10 0 2 662
8 10 0 4 502
8 10 0 11 482
8 12 0 2 444
8 12 0 4 408
8 12 0 11 102
8 10 1 3 248
8 10 1 5 744
8 10 1 10 18
8 12 1 3 136
8 12 1 5 30
8 12 1 10 156
8 10 2 0 602
8 10 2 6 494
8 10 2 9 596
8 12 2 0 414
8 12 2 6 360
8 12 2 9 394
8 10 3 1 666
8 10 3 7 834
8 10 3 8 340
8 12 3 1 398
8 12 3 7 442
8 12 3 8 902
8 10 4 0 114
8 10 4 6 238
8 10 4 15 570
8 12 4 0 648
8 12 4 6 126
8 12 4 15 910
8 10 5 1 38
8 10 5 7 208
8 10 5 14 70
8 12 5 1 598
8 12 5 7 138
8 12 5 14 792
8 10 6 2 412
8 10 6 4 22
8 10 6 13 294
8 12 6 2 294
8 12 6 4 82
8 12 6 13 368
8 10 7 3 122
8 10 7 5 646
8 10 7 12 162
8 12 7 3 716
8 12 7 5 774
8 12 7 12 398
8 10 8 3 674
8 10 8 10 28
8 10 8 12 226
8 12 8 3 792
8 12 8 10 240
8 12 8 12 924
8 10 9 2 202
8 10 9 11 258
8 10 9 13 746
8 12 9 2 52
8 12 9 11 44
8 12 9 13 776
8 10 10 1 154
8 10 10 8 380
8 10 10 14 188
8 12 10 1 136
8 12 10 8 696
8 12 10 14 200
8 10 11 0 182
8 10 11 9 564
8 10 11 15 298
8 12 11 0 432
8 12 11 9 974
8 12 11 15 132
8 10 12 7 58
8 10 12 8 420
8 10 12 14 72
8 12 12 7 144
8 12 12 8 576
8 12 12 14 1160
8 10 13 6 660
8 10 13 9 194
8 10 13 15 330
8 12 13 6 1222
8 12 13 9 394
8 12 13 15 68
8 10 14 5 4
8 10 14 10 394
8 10 14 12 336
8 12 14 5 434
8 12 14 10 618
8 12 14 12 504
8 10 15 4 232
8 10 15 11 176
8 10 15 13 600
8 12 15 4 206
8 12 15 11 412
8 12 15 13 230
9 11 0 2 40
9 11 0 4 56
9 11 0 11 642
9 13 0 2 838
9 13 0 4 322
9 13 0 11 124
9 11 1 3 754
9 11 1 5 552
9 11 1 10 1122
9 13 1 3 20
9 13 1 5 34
9 13 1 10 214
9 11 2 0 332
9 11 2 6 362
9 11 2 9 462
9 13 2 0 448
9 13 2 6 386
9 13 2 9 522
9 11 3 1 474
9 11 3 7 138
9 11 3 8 442
9 13 3 1 810
9 13 3 7 412
9 13 3 8 96
9 11 4 0 970
9 11 4 6 30
9 11 4 15 842
9 13 4 0 454
9 13 4 6 772
9 13 4 15 550
9 11 5 1 182
9 11 5 7 460
9 11 5 14 88
9 13 5 1 8
9 13 5 7 4
9 13 5 14 88
9 11 6 2 444
9 11 6 4 592
9 11 6 13 442
9 13 6 2 676
9 13 6 4 536
9 13 6 13 106
9 11 7 3 238
9 11 7 5 328
9 11 7 12 374
9 13 7 3 392
9 13 7 5 566
9 13 7 12 526
9 11 8 3 438
9 11 8 10 120
9 11 8 12 384
9 13 8 3 286
9 13 8 10 74
9 13 8 12 464
9 11 9 2 198
9 11 9 11 412
9 11 9 13 656
9 13 9 2 592
9 13 9 11 718
9 13 9 13 212
9 11 10 1 210
9 11 10 8 76
9 11 10 14 116
9 13 10 1 54
9 13 10 8 856
9 13 10 14 914
9 11 11 0 270
9 11 11 9 372
9 11 11 15 394
9 13 11 0 112
9 13 11 9 472
9 13 11 15 96
9 11 12 7 598
9 11 12 8 142
9 11 12 14 338
9 13 12 7 246
9 13 12 8 1420
9 13 12 14 30
9 11 13 6 112
9 11 13 9 930
9 11 13 15 950
9 13 13 6 384
9 13 13 9 656
9 13 13 15 146
9 11 14 5 218
9 11 14 10 162
9 11 14 12 1078
9 13 14 5 450
9 13 14 10 8
9 13 14 12 10
9 11 15 4 322
9 11 15 11 296
9 11 15 13 204
9 13 15 4 900
9 13 15 11 24
9 13 15 13 208
10 14 0 2 50
10 14 0 4 174
10 14 0 11 92
10 14 1 3 192
10 14 1 5 488
10 14 1 10 390
10 14 2 0 764
10 14 2 6 466
10 14 2 9 144
10 14 3 1 1042
10 14 3 7 840
10 14 3 8 272
10 14 4 0 410
10 14 4 6 372
10 14 4 15 1002
10 14 5 1 136
10 14 5 7 42
10 14 5 14 662
10 14 6 2 294
10 14 6 4 734
10 14 6 13 156
10 14 7 3 560
10 14 7 5 548
10 14 7 12 744
10 14 8 3 912
10 14 8 10 296
10 14 8 12 182
10 14 9 2 402
10 14 9 11 174
10 14 9 13 238
10 14 10 1 634
10 14 10 8 974
10 14 10 14 542
10 14 11 0 468
10 14 11 9 772
10 14 11 15 346
10 14 12 7 712
10 14 12 8 230
10 14 12 14 1058
10 14 13 6 296
10 14 13 9 254
10 14 13 15 94
10 14 14 5 714
10 14 14 10 402
10 14 14 12 178
10 14 15 4 508
10 14 15 11 178
10 14 15 13 1268
11 15 0 2 38
11 15 0 4 904
11 15 0 11 240
11 15 1 3 594
11 15 1 5 226
11 15 1 10 836
11 15 2 0 408
11 15 2 6 258
11 15 2 9 286
11 15 3 1 214
11 15 3 7 548
11 15 3 8 828
11 15 4 0 504
11 15 4 6 88
11 15 4 15 524
11 15 5 1 236
11 15 5 7 282
11 15 5 14 188
11 15 6 2 622
11 15 6 4 372
11 15 6 13 126
11 15 7 3 220
11 15 7 5 42
11 15 7 12 164
11 15 8 3 216
11 15 8 10 478
11 15 8 12 32
11 15 9 2 1144
11 15 9 11 480
11 15 9 13 802
11 15 10 1 76
11 15 10 8 522
11 15 10 14 390
11 15 11 0 94
11 15 11 9 580
11 15 11 15 96
11 15 12 7 378
11 15 12 8 730
11 15 12 14 144
11 15 13 6 214
11 15 13 9 50
11 15 13 15 564
11 15 14 5 420
11 15 14 10 26
11 15 14 12 562
11 15 15 4 278
11 15 15 11 62
11 15 15 13 594
12 14 0 2 72
12 14 0 4 1108
12 14 0 11 362
12 14 1 3 1166
12 14 1 5 266
12 14 1 10 28
12 14 2 0 76
12 14 2 6 256
12 14 2 9 154
12 14 3 1 372
12 14 3 7 356
12 14 3 8 110
12 14 4 0 168
12 14 4 6 128
12 14 4 15 1182
12 14 5 1 506
12 14 5 7 200
12 14 5 14 664
12 14 6 2 622
12 14 6 4 364
12 14 6 13 162
12 14 7 3 30
12 14 7 5 96
12 14 7 12 1086
12 14 8 3 448
12 14 8 10 26
12 14 8 12 350
12 14 9 2 706
12 14 9 11 754
12 14 9 13 130
12 14 10 1 500
12 14 10 8 1052
12 14 10 14 518
12 14 11 0 546
12 14 11 9 28
12 14 11 15 18
12 14 12 7 214
12 14 12 8 136
12 14 12 14 770
12 14 13 6 490
12 14 13 9 356
12 14 13 15 78
12 14 14 5 258
12 14 14 10 232
12 14 14 12 1120
12 14 15 4 42
12 14 15 11 378
12 14 15 13 630
13 15 0 2 124
13 15 0 4 846
13 15 0 11 708
13 15 1 3 564
13 15 1 5 428
13 15 1 10 302
13 15 2 0 240
13 15 2 6 802
13 15 2 9 164
13 15 3 1 414
13 15 3 7 646
13 15 3 8 464
13 15 4 0 218
13 15 4 6 704
13 15 4 15 234
13 15 5 1 242
13 15 5 7 864
13 15 5 14 432
13 15 6 2 158
13 15 6 4 56
13 15 6 13 802
13 15 7 3 388
13 15 7 5 180
13 15 7 12 554
13 15 8 3 790
13 15 8 10 264
13 15 8 12 714
13 15 9 2 88
13 15 9 11 358
13 15 9 13 1006
13 15 10 1 166
13 15 10 8 612
13 15 10 14 102
13 15 11 0 50
13 15 11 9 438
13 15 11 15 382
13 15 12 7 234
13 15 12 8 248
13 15 12 14 230
13 15 13 6 268
13 15 13 9 342
13 15 13 15 130
13 15 14 5 166
13 15 14 10 520
13 15 14 12 522
13 15 15 4 398
13 15 15 11 612
13 15 15 13 492
