# KEY left=0x2a right=0x0b
# GOOD_PAIRS_BEGIN count=2
# GOOD_PAIR 0xcb 0xef
# GOOD_PAIR 0xcf 0xeb
# GOOD_PAIRS_END
0 2 0 2 854
0 2 0 4 204
0 2 0 11 60
0 4 0 2 652
0 4 0 4 326
0 4 0 11 648
0 8 0 2 192
0 8 0 4 266
0 8 0 11 452
0 11 0 2 30
0 11 0 4 224
0 11 0 11 788
0 13 0 2 442
0 13 0 4 390
0 13 0 11 514
0 14 0 2 90
0 14 0 4 48
0 14 0 11 440
0 2 1 3 222
0 2 1 5 518
0 2 1 10 306
0 4 1 3 230
0 4 1 5 192
0 4 1 10 178
0 8 1 3 350
0 8 1 5 446
0 8 1 10 492
0 11 1 3 738
0 11 1 5 320
0 11 1 10 380
0 13 1 3 214
0 13 1 5 570
0 13 1 10 360
0 14 1 3 78
0 14 1 5 624
0 14 1 10 546
0 2 2 0 100
0 2 2 6 130
0 2 2 9 130
0 4 2 0 732
0 4 2 6 170
0 4 2 9 642
0 8 2 0 642
0 8 2 6 422
0 8 2 9 266
0 11 2 0 450
0 11 2 6 102
0 11 2 9 68
0 13 2 0 170
0 13 2 6 196
0 13 2 9 720
0 14 2 0 450
0 14 2 6 578
0 14 2 9 106
0 2 3 1 638
0 2 3 7 602
0 2 3 8 214
0 4 3 1 224
0 4 3 7 1138
0 4 3 8 242
0 8 3 1 238
0 8 3 7 668
0 8 3 8 78
0 11 3 1 266
0 11 3 7 186
0 11 3 8 52
0 13 3 1 976
0 13 3 7 404
0 13 3 8 432
0 14 3 1 276
0 14 3 7 548
0 14 3 8 104
0 2 4 0 568
0 2 4 6 252
0 2 4 15 722
0 4 4 0 190
0 4 4 6 724
0 4 4 15 354
0 8 4 0 630
0 8 4 6 866
0 8 4 15 250
0 11 4 0 826
0 11 4 6 632
0 11 4 15 296
0 13 4 0 362
0 13 4 6 188
0 13 4 15 8
0 14 4 0 46
0 14 4 6 6
0 14 4 15 130
0 2 5 1 506
0 2 5 7 318
0 2 5 14 666
0 4 5 1 342
0 4 5 7 278
0 4 5 14 1014
0 8 5 1 240
0 8 5 7 538
0 8 5 14 310
0 11 5 1 926
0 11 5 7 176
0 11 5 14 222
0 13 5 1 208
0 13 5 7 472
0 13 5 14 114
0 14 5 1 444
0 14 5 7 190
0 14 5 14 66
0 2 6 2 288
0 2 6 4 1046
0 2 6 13 682
0 4 6 2 62
0 4 6 4 154
0 4 6 13 588
0 8 6 2 410
0 8 6 4 286
0 8 6 13 164
0 11 6 2 138
0 11 6 4 518
0 11 6 13 444
0 13 6 2 114
0 13 6 4 156
0 13 6 13 980
0 14 6 2 544
0 14 6 4 122
0 14 6 13 306
0 2 7 3 812
0 2 7 5 140
0 2 7 12 180
0 4 7 3 94
0 4 7 5 226
0 4 7 12 248
0 8 7 3 292
0 8 7 5 728
0 8 7 12 776
0 11 7 3 318
0 11 7 5 220
0 11 7 12 88
0 13 7 3 402
0 13 7 5 606
0 13 7 12 538
0 14 7 3 264
0 14 7 5 16
0 14 7 12 342
0 2 8 3 556
0 2 8 10 66
0 2 8 12 192
0 4 8 3 318
0 4 8 10 904
0 4 8 12 294
0 8 8 3 1302
0 8 8 10 6
0 8 8 12 36
0 11 8 3 152
0 11 8 10 1514
0 11 8 12 310
0 13 8 3 422
0 13 8 10 152
0 13 8 12 772
0 14 8 3 402
0 14 8 10 684
0 14 8 12 588
0 2 9 2 990
0 2 9 11 640
0 2 9 13 450
0 4 9 2 522
0 4 9 11 632
0 4 9 13 1048
0 8 9 2 1028
0 8 9 11 398
0 8 9 13 870
0 11 9 2 166
0 11 9 11 546
0 11 9 13 360
0 13 9 2 1370
0 13 9 11 308
0 13 9 13 32
0 14 9 2 240
0 14 9 11 526
0 14 9 13 0
0 2 10 1 320
0 2 10 8 30
0 2 10 14 164
0 4 10 1 292
0 4 10 8 6
0 4 10 14 4
0 8 10 1 436
0 8 10 8 92
0 8 10 14 360
0 11 10 1 408
0 11 10 8 100
0 11 10 14 402
0 13 10 1 278
0 13 10 8 62
0 13 10 14 556
0 14 10 1 72
0 14 10 8 410
0 14 10 14 404
0 2 11 0 566
0 2 11 9 52
0 2 11 15 940
0 4 11 0 344
0 4 11 9 1232
0 4 11 15 538
0 8 11 0 400
0 8 11 9 540
0 8 11 15 770
0 11 11 0 58
0 11 11 9 154
0 11 11 15 656
0 13 11 0 412
0 13 11 9 1048
0 13 11 15 288
0 14 11 0 84
0 14 11 9 722
0 14 11 15 788
0 2 12 7 322
0 2 12 8 1062
0 2 12 14 1094
0 4 12 7 542
0 4 12 8 178
0 4 12 14 10
0 8 12 7 916
0 8 12 8 52
0 8 12 14 370
0 11 12 7 544
0 11 12 8 282
0 11 12 14 458
0 13 12 7 1164
0 13 12 8 472
0 13 12 14 46
0 14 12 7 276
0 14 12 8 760
0 14 12 14 362
0 2 13 6 688
0 2 13 9 618
0 2 13 15 320
0 4 13 6 428
0 4 13 9 220
0 4 13 15 364
0 8 13 6 762
0 8 13 9 4
0 8 13 15 518
0 11 13 6 392
0 11 13 9 72
0 11 13 15 1164
0 13 13 6 464
0 13 13 9 412
0 13 13 15 276
0 14 13 6 60
0 14 13 9 760
0 14 13 15 270
0 2 14 5 1020
0 2 14 10 208
0 2 14 12 482
0 4 14 5 402
0 4 14 10 1140
0 4 14 12 78
0 8 14 5 980
0 8 14 10 202
0 8 14 12 750
0 11 14 5 0
0 11 14 10 402
0 11 14 12 792
0 13 14 5 602
0 13 14 10 464
0 13 14 12 162
0 14 14 5 280
0 14 14 10 1508
0 14 14 12 64
0 2 15 4 538
0 2 15 11 282
0 2 15 13 638
0 4 15 4 1252
0 4 15 11 332
0 4 15 13 550
0 8 15 4 468
0 8 15 11 138
0 8 15 13 868
0 11 15 4 808
0 11 15 11 100
0 11 15 13 1660
0 13 15 4 174
0 13 15 11 276
0 13 15 13 288
0 14 15 4 604
0 14 15 11 510
0 14 15 13 38
1 3 0 2 766
1 3 0 4 500
1 3 0 11 712
1 5 0 2 550
1 5 0 4 350
1 5 0 11 416
1 9 0 2 302
1 9 0 4 146
1 9 0 11 362
1 10 0 2 108
1 10 0 4 1204
1 10 0 11 88
1 12 0 2 256
1 12 0 4 154
1 12 0 11 368
1 15 0 2 42
1 15 0 4 796
1 15 0 11 748
1 3 1 3 58
1 3 1 5 106
1 3 1 10 400
1 5 1 3 254
1 5 1 5 488
1 5 1 10 174
1 9 1 3 500
1 9 1 5 318
1 9 1 10 1096
1 10 1 3 1030
1 10 1 5 726
1 10 1 10 542
1 12 1 3 390
1 12 1 5 154
1 12 1 10 530
1 15 1 3 222
1 15 1 5 298
1 15 1 10 16
1 3 2 0 126
1 3 2 6 88
1 3 2 9 1036
1 5 2 0 1042
1 5 2 6 406
1 5 2 9 662
1 9 2 0 158
1 9 2 6 564
1 9 2 9 86
1 10 2 0 312
1 10 2 6 176
1 10 2 9 300
1 12 2 0 516
1 12 2 6 1052
1 12 2 9 134
1 15 2 0 544
1 15 2 6 216
1 15 2 9 364
1 3 3 1 290
1 3 3 7 352
1 3 3 8 94
1 5 3 1 460
1 5 3 7 1128
1 5 3 8 80
1 9 3 1 824
1 9 3 7 356
1 9 3 8 452
1 10 3 1 736
1 10 3 7 328
1 10 3 8 428
1 12 3 1 634
1 12 3 7 420
1 12 3 8 742
1 15 3 1 288
1 15 3 7 532
1 15 3 8 68
1 3 4 0 722
1 3 4 6 90
1 3 4 15 26
1 5 4 0 550
1 5 4 6 530
1 5 4 15 184
1 9 4 0 408
1 9 4 6 628
1 9 4 15 68
1 10 4 0 142
1 10 4 6 540
1 10 4 15 702
1 12 4 0 258
1 12 4 6 586
1 12 4 15 438
1 15 4 0 46
1 15 4 6 150
1 15 4 15 180
1 3 5 1 584
1 3 5 7 474
1 3 5 14 346
1 5 5 1 14
1 5 5 7 726
1 5 5 14 166
1 9 5 1 632
1 9 5 7 1168
1 9 5 14 30
1 10 5 1 672
1 10 5 7 50
1 10 5 14 778
1 12 5 1 240
1 12 5 7 258
1 12 5 14 38
1 15 5 1 402
1 15 5 7 1152
1 15 5 14 178
1 3 6 2 12
1 3 6 4 544
1 3 6 13 468
1 5 6 2 320
1 5 6 4 418
1 5 6 13 806
1 9 6 2 930
1 9 6 4 46
1 9 6 13 140
1 10 6 2 356
1 10 6 4 776
1 10 6 13 1098
1 12 6 2 84
1 12 6 4 920
1 12 6 13 150
1 15 6 2 70
1 15 6 4 372
1 15 6 13 194
1 3 7 3 534
1 3 7 5 248
1 3 7 12 266
1 5 7 3 30
1 5 7 5 330
1 5 7 12 896
1 9 7 3 84
1 9 7 5 744
1 9 7 12 24
1 10 7 3 580
1 10 7 5 1330
1 10 7 12 472
1 12 7 3 608
1 12 7 5 520
1 12 7 12 96
1 15 7 3 230
1 15 7 5 1228
1 15 7 12 562
1 3 8 3 1046
1 3 8 10 546
1 3 8 12 326
1 5 8 3 216
1 5 8 10 248
1 5 8 12 150
1 9 8 3 158
1 9 8 10 494
1 9 8 12 246
1 10 8 3 164
1 10 8 10 480
1 10 8 12 518
1 12 8 3 830
1 12 8 10 884
1 12 8 12 570
1 15 8 3 314
1 15 8 10 576
1 15 8 12 24
1 3 9 2 868
1 3 9 11 98
1 3 9 13 120
1 5 9 2 488
1 5 9 11 166
1 5 9 13 978
1 9 9 2 286
1 9 9 11 1548
1 9 9 13 542
1 10 9 2 286
1 10 9 11 178
1 10 9 13 524
1 12 9 2 44
1 12 9 11 364
1 12 9 13 164
1 15 9 2 186
1 15 9 11 198
1 15 9 13 558
1 3 10 1 1122
1 3 10 8 48
1 3 10 14 482
1 5 10 1 766
1 5 10 8 80
1 5 10 14 370
1 9 10 1 680
1 9 10 8 356
1 9 10 14 200
1 10 10 1 142
1 10 10 8 708
1 10 10 14 1016
1 12 10 1 320
1 12 10 8 572
1 12 10 14 482
1 15 10 1 626
1 15 10 8 212
1 15 10 14 464
1 3 11 0 1328
1 3 11 9 312
1 3 11 15 718
1 5 11 0 326
1 5 11 9 674
1 5 11 15 30
1 9 11 0 888
1 9 11 9 242
1 9 11 15 412
1 10 11 0 524
1 10 11 9 348
1 10 11 15 530
1 12 11 0 168
1 12 11 9 680
1 12 11 15 376
1 15 11 0 548
1 15 11 9 674
1 15 11 15 82
1 3 12 7 620
1 3 12 8 42
1 3 12 14 74
1 5 12 7 628
1 5 12 8 158
1 5 12 14 166
1 9 12 7 62
1 9 12 8 398
1 9 12 14 36
1 10 12 7 412
1 10 12 8 360
1 10 12 14 400
1 12 12 7 414
1 12 12 8 418
1 12 12 14 172
1 15 12 7 452
1 15 12 8 458
1 15 12 14 408
1 3 13 6 516
1 3 13 9 508
1 3 13 15 406
1 5 13 6 652
1 5 13 9 376
1 5 13 15 762
1 9 13 6 446
1 9 13 9 794
1 9 13 15 676
1 10 13 6 156
1 10 13 9 122
1 10 13 15 402
1 12 13 6 558
1 12 13 9 792
1 12 13 15 180
1 15 13 6 80
1 15 13 9 268
1 15 13 15 1028
1 3 14 5 434
1 3 14 10 740
1 3 14 12 32
1 5 14 5 116
1 5 14 10 128
1 5 14 12 406
1 9 14 5 30
1 9 14 10 54
1 9 14 12 96
1 10 14 5 168
1 10 14 10 552
1 10 14 12 264
1 12 14 5 72
1 12 14 10 1020
1 12 14 12 290
1 15 14 5 186
1 15 14 10 450
1 15 14 12 6
1 3 15 4 738
1 3 15 11 962
1 3 15 13 90
1 5 15 4 280
1 5 15 11 808
1 5 15 13 312
1 9 15 4 1112
1 9 15 11 194
1 9 15 13 52
1 10 15 4 1246
1 10 15 11 292
1 10 15 13 610
1 12 15 4 298
1 12 15 11 274
1 12 15 13 142
1 15 15 4 82
1 15 15 11 986
1 15 15 13 428
2 6 0 2 496
2 6 0 4 2
2 6 0 11 1168
2 9 0 2 52
2 9 0 4 506
2 9 0 11 38
2 10 0 2 330
2 10 0 4 758
2 10 0 11 564
2 12 0 2 686
2 12 0 4 790
2 12 0 11 568
2 15 0 2 362
2 15 0 4 442
2 15 0 11 612
2 6 1 3 148
2 6 1 5 416
2 6 1 10 664
2 9 1 3 116
2 9 1 5 578
2 9 1 10 58
2 10 1 3 144
2 10 1 5 398
2 10 1 10 492
2 12 1 3 24
2 12 1 5 18
2 12 1 10 264
2 15 1 3 648
2 15 1 5 28
2 15 1 10 702
2 6 2 0 726
2 6 2 6 440
2 6 2 9 646
2 9 2 0 432
2 9 2 6 802
2 9 2 9 290
2 10 2 0 146
2 10 2 6 12
2 10 2 9 526
2 12 2 0 1132
2 12 2 6 722
2 12 2 9 358
2 15 2 0 466
2 15 2 6 1300
2 15 2 9 454
2 6 3 1 676
2 6 3 7 794
2 6 3 8 338
2 9 3 1 62
2 9 3 7 318
2 9 3 8 368
2 10 3 1 584
2 10 3 7 216
2 10 3 8 550
2 12 3 1 198
2 12 3 7 248
2 12 3 8 374
2 15 3 1 548
2 15 3 7 110
2 15 3 8 90
2 6 4 0 108
2 6 4 6 636
2 6 4 15 1048
2 9 4 0 404
2 9 4 6 274
2 9 4 15 856
2 10 4 0 92
2 10 4 6 628
2 10 4 15 254
2 12 4 0 190
2 12 4 6 250
2 12 4 15 1884
2 15 4 0 922
2 15 4 6 308
2 15 4 15 210
2 6 5 1 90
2 6 5 7 566
2 6 5 14 176
2 9 5 1 900
2 9 5 7 622
2 9 5 14 992
2 10 5 1 876
2 10 5 7 512
2 10 5 14 194
2 12 5 1 218
2 12 5 7 62
2 12 5 14 4
2 15 5 1 746
2 15 5 7 24
2 15 5 14 170
2 6 6 2 384
2 6 6 4 488
2 6 6 13 376
2 9 6 2 108
2 9 6 4 528
2 9 6 13 738
2 10 6 2 882
2 10 6 4 152
2 10 6 13 224
2 12 6 2 290
2 12 6 4 286
2 12 6 13 996
2 15 6 2 186
2 15 6 4 1336
2 15 6 13 224
2 6 7 3 48
2 6 7 5 874
2 6 7 12 12
2 9 7 3 130
2 9 7 5 302
2 9 7 12 496
2 10 7 3 112
2 10 7 5 22
2 10 7 12 378
2 12 7 3 924
2 12 7 5 120
2 12 7 12 182
2 15 7 3 654
2 15 7 5 256
2 15 7 12 500
2 6 8 3 50
2 6 8 10 342
2 6 8 12 608
2 9 8 3 280
2 9 8 10 432
2 9 8 12 620
2 10 8 3 92
2 10 8 10 250
2 10 8 12 732
2 12 8 3 406
2 12 8 10 678
2 12 8 12 810
2 15 8 3 472
2 15 8 10 530
2 15 8 12 608
2 6 9 2 232
2 6 9 11 612
2 6 9 13 754
2 9 9 2 298
2 9 9 11 620
2 9 9 13 990
2 10 9 2 162
2 10 9 11 64
2 10 9 13 864
2 12 9 2 554
2 12 9 11 52
2 12 9 13 148
2 15 9 2 710
2 15 9 11 286
2 15 9 13 368
2 6 10 1 38
2 6 10 8 534
2 6 10 14 742
2 9 10 1 666
2 9 10 8 382
2 9 10 14 616
2 10 10 1 352
2 10 10 8 270
2 10 10 14 184
2 12 10 1 584
2 12 10 8 386
2 12 10 14 502
2 15 10 1 222
2 15 10 8 330
2 15 10 14 72
2 6 11 0 198
2 6 11 9 584
2 6 11 15 916
2 9 11 0 430
2 9 11 9 500
2 9 11 15 112
2 10 11 0 282
2 10 11 9 156
2 10 11 15 378
2 12 11 0 136
2 12 11 9 792
2 12 11 15 966
2 15 11 0 436
2 15 11 9 26
2 15 11 15 330
2 6 12 7 106
2 6 12 8 812
2 6 12 14 186
2 9 12 7 458
2 9 12 8 104
2 9 12 14 382
2 10 12 7 266
2 10 12 8 544
2 10 12 14 132
2 12 12 7 118
2 12 12 8 376
2 12 12 14 518
2 15 12 7 582
2 15 12 8 664
2 15 12 14 510
2 6 13 6 52
2 6 13 9 330
2 6 13 15 450
2 9 13 6 1344
2 9 13 9 1038
2 9 13 15 322
2 10 13 6 96
2 10 13 9 276
2 10 13 15 326
2 12 13 6 64
2 12 13 9 2
2 12 13 15 308
2 15 13 6 638
2 15 13 9 838
2 15 13 15 692
2 6 14 5 84
2 6 14 10 334
2 6 14 12 574
2 9 14 5 280
2 9 14 10 274
2 9 14 12 2
2 10 14 5 396
2 10 14 10 168
2 10 14 12 6
2 12 14 5 32
2 12 14 10 142
2 12 14 12 272
2 15 14 5 414
2 15 14 10 770
2 15 14 12 194
2 6 15 4 84
2 6 15 11 426
2 6 15 13 232
2 9 15 4 282
2 9 15 11 590
2 9 15 13 286
2 10 15 4 200
2 10 15 11 522
2 10 15 13 122
2 12 15 4 222
2 12 15 11 568
2 12 15 13 58
2 15 15 4 76
2 15 15 11 120
2 15 15 13 1548
3 7 0 2 644
3 7 0 4 506
3 7 0 11 152
3 8 0 2 456
3 8 0 4 290
3 8 0 11 940
3 11 0 2 796
3 11 0 4 1280
3 11 0 11 532
3 13 0 2 490
3 13 0 4 746
3 13 0 11 22
3 14 0 2 1078
3 14 0 4 904
3 14 0 11 424
3 7 1 3 400
3 7 1 5 516
3 7 1 10 42
3 8 1 3 722
3 8 1 5 142
3 8 1 10 814
3 11 1 3 434
3 11 1 5 642
3 11 1 10 298
3 13 1 3 64
3 13 1 5 536
3 13 1 10 286
3 14 1 3 10
3 14 1 5 348
3 14 1 10 634
3 7 2 0 338
3 7 2 6 252
3 7 2 9 382
3 8 2 0 862
3 8 2 6 814
3 8 2 9 146
3 11 2 0 1044
3 11 2 6 212
3 11 2 9 608
3 13 2 0 770
3 13 2 6 324
3 13 2 9 322
3 14 2 0 178
3 14 2 6 154
3 14 2 9 378
3 7 3 1 96
3 7 3 7 26
3 7 3 8 236
3 8 3 1 610
3 8 3 7 784
3 8 3 8 238
3 11 3 1 646
3 11 3 7 464
3 11 3 8 958
3 13 3 1 186
3 13 3 7 178
3 13 3 8 620
3 14 3 1 2
3 14 3 7 494
3 14 3 8 458
3 7 4 0 146
3 7 4 6 178
3 7 4 15 42
3 8 4 0 716
3 8 4 6 618
3 8 4 15 60
3 11 4 0 628
3 11 4 6 16
3 11 4 15 406
3 13 4 0 460
3 13 4 6 626
3 13 4 15 512
3 14 4 0 364
3 14 4 6 650
3 14 4 15 136
3 7 5 1 600
3 7 5 7 692
3 7 5 14 404
3 8 5 1 386
3 8 5 7 924
3 8 5 14 18
3 11 5 1 648
3 11 5 7 294
3 11 5 14 752
3 13 5 1 324
3 13 5 7 534
3 13 5 14 72
3 14 5 1 554
3 14 5 7 314
3 14 5 14 400
3 7 6 2 220
3 7 6 4 1074
3 7 6 13 664
3 8 6 2 400
3 8 6 4 402
3 8 6 13 1116
3 11 6 2 148
3 11 6 4 116
3 11 6 13 1072
3 13 6 2 368
3 13 6 4 808
3 13 6 13 1084
3 14 6 2 290
3 14 6 4 524
3 14 6 13 322
3 7 7 3 320
3 7 7 5 110
3 7 7 12 278
3 8 7 3 368
3 8 7 5 990
3 8 7 12 180
3 11 7 3 292
3 11 7 5 426
3 11 7 12 50
3 13 7 3 226
3 13 7 5 690
3 13 7 12 890
3 14 7 3 222
3 14 7 5 10
3 14 7 12 188
3 7 8 3 426
3 7 8 10 124
3 7 8 12 346
3 8 8 3 302
3 8 8 10 626
3 8 8 12 136
3 11 8 3 700
3 11 8 10 644
3 11 8 12 38
3 13 8 3 698
3 13 8 10 202
3 13 8 12 68
3 14 8 3 628
3 14 8 10 220
3 14 8 12 942
3 7 9 2 176
3 7 9 11 490
3 7 9 13 136
3 8 9 2 748
3 8 9 11 82
3 8 9 13 420
3 11 9 2 520
3 11 9 11 180
3 11 9 13 386
3 13 9 2 154
3 13 9 11 1058
3 13 9 13 180
3 14 9 2 14
3 14 9 11 778
3 14 9 13 302
3 7 10 1 190
3 7 10 8 748
3 7 10 14 490
3 8 10 1 194
3 8 10 8 974
3 8 10 14 700
3 11 10 1 536
3 11 10 8 712
3 11 10 14 260
3 13 10 1 114
3 13 10 8 630
3 13 10 14 188
3 14 10 1 538
3 14 10 8 172
3 14 10 14 166
3 7 11 0 1026
3 7 11 9 490
3 7 11 15 536
3 8 11 0 950
3 8 11 9 976
3 8 11 15 92
3 11 11 0 608
3 11 11 9 672
3 11 11 15 520
3 13 11 0 732
3 13 11 9 856
3 13 11 15 280
3 14 11 0 282
3 14 11 9 900
3 14 11 15 600
3 7 12 7 234
3 7 12 8 892
3 7 12 14 100
3 8 12 7 1078
3 8 12 8 924
3 8 12 14 218
3 11 12 7 172
3 11 12 8 72
3 11 12 14 106
3 13 12 7 930
3 13 12 8 644
3 13 12 14 18
3 14 12 7 1086
3 14 12 8 80
3 14 12 14 6
3 7 13 6 354
3 7 13 9 128
3 7 13 15 90
3 8 13 6 434
3 8 13 9 564
3 8 13 15 42
3 11 13 6 56
3 11 13 9 1392
3 11 13 15 1150
3 13 13 6 12
3 13 13 9 422
3 13 13 15 990
3 14 13 6 572
3 14 13 9 642
3 14 13 15 1056
3 7 14 5 176
3 7 14 10 468
3 7 14 12 548
3 8 14 5 538
3 8 14 10 380
3 8 14 12 592
3 11 14 5 108
3 11 14 10 192
3 11 14 12 32
3 13 14 5 418
3 13 14 10 310
3 13 14 12 22
3 14 14 5 708
3 14 14 10 260
3 14 14 12 136
3 7 15 4 592
3 7 15 11 478
3 7 15 13 232
3 8 15 4 78
3 8 15 11 960
3 8 15 13 1090
3 11 15 4 46
3 11 15 11 138
3 11 15 13 182
3 13 15 4 132
3 13 15 11 116
3 13 15 13 310
3 14 15 4 362
3 14 15 11 296
3 14 15 13 48
4 6 0 2 68
4 6 0 4 328
4 6 0 11 798
4 9 0 2 212
4 9 0 4 80
4 9 0 11 556
4 10 0 2 14
4 10 0 4 330
4 10 0 11 56
4 12 0 2 162
4 12 0 4 522
4 12 0 11 160
4 15 0 2 508
4 15 0 4 220
4 15 0 11 290
4 6 1 3 348
4 6 1 5 462
4 6 1 10 688
4 9 1 3 242
4 9 1 5 422
4 9 1 10 32
4 10 1 3 398
4 10 1 5 42
4 10 1 10 354
4 12 1 3 592
4 12 1 5 184
4 12 1 10 696
4 15 1 3 532
4 15 1 5 38
4 15 1 10 454
4 6 2 0 1328
4 6 2 6 180
4 6 2 9 222
4 9 2 0 8
4 9 2 6 254
4 9 2 9 112
4 10 2 0 220
4 10 2 6 306
4 10 2 9 74
4 12 2 0 460
4 12 2 6 612
4 12 2 9 168
4 15 2 0 60
4 15 2 6 734
4 15 2 9 1592
4 6 3 1 72
4 6 3 7 440
4 6 3 8 1180
4 9 3 1 504
4 9 3 7 410
4 9 3 8 294
4 10 3 1 370
4 10 3 7 336
4 10 3 8 552
4 12 3 1 562
4 12 3 7 46
4 12 3 8 782
4 15 3 1 816
4 15 3 7 30
4 15 3 8 344
4 6 4 0 458
4 6 4 6 442
4 6 4 15 566
4 9 4 0 866
4 9 4 6 526
4 9 4 15 184
4 10 4 0 676
4 10 4 6 730
4 10 4 15 190
4 12 4 0 2
4 12 4 6 208
4 12 4 15 408
4 15 4 0 1194
4 15 4 6 524
4 15 4 15 56
4 6 5 1 234
4 6 5 7 694
4 6 5 14 306
4 9 5 1 308
4 9 5 7 466
4 9 5 14 620
4 10 5 1 104
4 10 5 7 578
4 10 5 14 212
4 12 5 1 436
4 12 5 7 214
4 12 5 14 812
4 15 5 1 140
4 15 5 7 420
4 15 5 14 426
4 6 6 2 576
4 6 6 4 84
4 6 6 13 126
4 9 6 2 322
4 9 6 4 106
4 9 6 13 500
4 10 6 2 490
4 10 6 4 826
4 10 6 13 702
4 12 6 2 48
4 12 6 4 50
4 12 6 13 1078
4 15 6 2 844
4 15 6 4 846
4 15 6 13 128
4 6 7 3 778
4 6 7 5 1318
4 6 7 12 254
4 9 7 3 134
4 9 7 5 768
4 9 7 12 102
4 10 7 3 886
4 10 7 5 244
4 10 7 12 68
4 12 7 3 836
4 12 7 5 204
4 12 7 12 414
4 15 7 3 586
4 15 7 5 52
4 15 7 12 290
4 6 8 3 106
4 6 8 10 224
4 6 8 12 502
4 9 8 3 568
4 9 8 10 734
4 9 8 12 560
4 10 8 3 190
4 10 8 10 662
4 10 8 12 46
4 12 8 3 520
4 12 8 10 174
4 12 8 12 156
4 15 8 3 1096
4 15 8 10 128
4 15 8 12 584
4 6 9 2 146
4 6 9 11 280
4 6 9 13 404
4 9 9 2 166
4 9 9 11 146
4 9 9 13 38
4 10 9 2 370
4 10 9 11 36
4 10 9 13 238
4 12 9 2 400
4 12 9 11 582
4 12 9 13 802
4 15 9 2 574
4 15 9 11 264
4 15 9 13 166
4 6 10 1 170
4 6 10 8 512
4 6 10 14 1104
4 9 10 1 288
4 9 10 8 436
4 9 10 14 182
4 10 10 1 10
4 10 10 8 132
4 10 10 14 430
4 12 10 1 408
4 12 10 8 880
4 12 10 14 814
4 15 10 1 498
4 15 10 8 46
4 15 10 14 460
4 6 11 0 1102
4 6 11 9 328
4 6 11 15 162
4 9 11 0 388
4 9 11 9 890
4 9 11 15 444
4 10 11 0 808
4 10 11 9 774
4 10 11 15 230
4 12 11 0 164
4 12 11 9 150
4 12 11 15 88
4 15 11 0 282
4 15 11 9 482
4 15 11 15 254
4 6 12 7 136
4 6 12 8 1294
4 6 12 14 1264
4 9 12 7 872
4 9 12 8 160
4 9 12 14 10
4 10 12 7 288
4 10 12 8 284
4 10 12 14 370
4 12 12 7 128
4 12 12 8 766
4 12 12 14 30
4 15 12 7 338
4 15 12 8 314
4 15 12 14 468
4 6 13 6 758
4 6 13 9 616
4 6 13 15 304
4 9 13 6 652
4 9 13 9 422
4 9 13 15 1126
4 10 13 6 72
4 10 13 9 240
4 10 13 15 866
4 12 13 6 480
4 12 13 9 168
4 12 13 15 184
4 15 13 6 1104
4 15 13 9 890
4 15 13 15 566
4 6 14 5 220
4 6 14 10 458
4 6 14 12 66
4 9 14 5 60
4 9 14 10 1210
4 9 14 12 136
4 10 14 5 136
4 10 14 10 190
4 10 14 12 704
4 12 14 5 452
4 12 14 10 48
4 12 14 12 140
4 15 14 5 560
4 15 14 10 498
4 15 14 12 284
4 6 15 4 752
4 6 15 11 36
4 6 15 13 788
4 9 15 4 434
4 9 15 11 174
4 9 15 13 566
4 10 15 4 448
4 10 15 11 92
4 10 15 13 78
4 12 15 4 370
4 12 15 11 160
4 12 15 13 336
4 15 15 4 734
4 15 15 11 64
4 15 15 13 148
5 7 0 2 1320
5 7 0 4 432
5 7 0 11 238
5 8 0 2 328
5 8 0 4 670
5 8 0 11 660
5 11 0 2 346
5 11 0 4 128
5 11 0 11 46
5 13 0 2 232
5 13 0 4 894
5 13 0 11 856
5 14 0 2 82
5 14 0 4 544
5 14 0 11 914
5 7 1 3 318
5 7 1 5 132
5 7 1 10 570
5 8 1 3 524
5 8 1 5 156
5 8 1 10 472
5 11 1 3 170
5 11 1 5 120
5 11 1 10 138
5 13 1 3 492
5 13 1 5 98
5 13 1 10 562
5 14 1 3 842
5 14 1 5 28
5 14 1 10 154
5 7 2 0 790
5 7 2 6 68
5 7 2 9 44
5 8 2 0 374
5 8 2 6 240
5 8 2 9 486
5 11 2 0 44
5 11 2 6 218
5 11 2 9 248
5 13 2 0 300
5 13 2 6 122
5 13 2 9 410
5 14 2 0 622
5 14 2 6 234
5 14 2 9 262
5 7 3 1 678
5 7 3 7 534
5 7 3 8 546
5 8 3 1 630
5 8 3 7 426
5 8 3 8 44
5 11 3 1 118
5 11 3 7 446
5 11 3 8 50
5 13 3 1 586
5 13 3 7 206
5 13 3 8 294
5 14 3 1 332
5 14 3 7 254
5 14 3 8 432
5 7 4 0 86
5 7 4 6 318
5 7 4 15 348
5 8 4 0 68
5 8 4 6 464
5 8 4 15 106
5 11 4 0 1472
5 11 4 6 260
5 11 4 15 126
5 13 4 0 428
5 13 4 6 38
5 13 4 15 680
5 14 4 0 506
5 14 4 6 60
5 14 4 15 976
5 7 5 1 236
5 7 5 7 550
5 7 5 14 700
5 8 5 1 670
5 8 5 7 520
5 8 5 14 1018
5 11 5 1 814
5 11 5 7 470
5 11 5 14 564
5 13 5 1 614
5 13 5 7 816
5 13 5 14 434
5 14 5 1 366
5 14 5 7 416
5 14 5 14 874
5 7 6 2 256
5 7 6 4 510
5 7 6 13 38
5 8 6 2 186
5 8 6 4 234
5 8 6 13 134
5 11 6 2 524
5 11 6 4 556
5 11 6 13 356
5 13 6 2 146
5 13 6 4 294
5 13 6 13 450
5 14 6 2 222
5 14 6 4 198
5 14 6 13 726
5 7 7 3 880
5 7 7 5 570
5 7 7 12 544
5 8 7 3 152
5 8 7 5 438
5 8 7 12 76
5 11 7 3 268
5 11 7 5 112
5 11 7 12 32
5 13 7 3 56
5 13 7 5 94
5 13 7 12 1100
5 14 7 3 350
5 14 7 5 344
5 14 7 12 374
5 7 8 3 1410
5 7 8 10 926
5 7 8 12 348
5 8 8 3 210
5 8 8 10 618
5 8 8 12 110
5 11 8 3 248
5 11 8 10 1012
5 11 8 12 692
5 13 8 3 264
5 13 8 10 552
5 13 8 12 512
5 14 8 3 404
5 14 8 10 444
5 14 8 12 290
5 7 9 2 60
5 7 9 11 448
5 7 9 13 814
5 8 9 2 256
5 8 9 11 52
5 8 9 13 594
5 11 9 2 22
5 11 9 11 964
5 11 9 13 656
5 13 9 2 12
5 13 9 11 48
5 13 9 13 234
5 14 9 2 402
5 14 9 11 700
5 14 9 13 254
5 7 10 1 416
5 7 10 8 826
5 7 10 14 240
5 8 10 1 148
5 8 10 8 128
5 8 10 14 90
5 11 10 1 340
5 11 10 8 270
5 11 10 14 582
5 13 10 1 886
5 13 10 8 100
5 13 10 14 384
5 14 10 1 802
5 14 10 8 232
5 14 10 14 288
5 7 11 0 902
5 7 11 9 364
5 7 11 15 60
5 8 11 0 362
5 8 11 9 270
5 8 11 15 218
5 11 11 0 276
5 11 11 9 100
5 11 11 15 680
5 13 11 0 750
5 13 11 9 484
5 13 11 15 548
5 14 11 0 472
5 14 11 9 96
5 14 11 15 288
5 7 12 7 126
5 7 12 8 310
5 7 12 14 638
5 8 12 7 570
5 8 12 8 624
5 8 12 14 14
5 11 12 7 34
5 11 12 8 306
5 11 12 14 556
5 13 12 7 454
5 13 12 8 496
5 13 12 14 86
5 14 12 7 1556
5 14 12 8 1026
5 14 12 14 68
5 7 13 6 230
5 7 13 9 1002
5 7 13 15 476
5 8 13 6 98
5 8 13 9 550
5 8 13 15 56
5 11 13 6 144
5 11 13 9 1206
5 11 13 15 148
5 13 13 6 136
5 13 13 9 806
5 13 13 15 882
5 14 13 6 324
5 14 13 9 232
5 14 13 15 766
5 7 14 5 508
5 7 14 10 194
5 7 14 12 368
5 8 14 5 564
5 8 14 10 418
5 8 14 12 762
5 11 14 5 558
5 11 14 10 126
5 11 14 12 400
5 13 14 5 248
5 13 14 10 230
5 13 14 12 550
5 14 14 5 1072
5 14 14 10 662
5 14 14 12 710
5 7 15 4 1030
5 7 15 11 210
5 7 15 13 656
5 8 15 4 1070
5 8 15 11 154
5 8 15 13 760
5 11 15 4 424
5 11 15 11 790
5 11 15 13 236
5 13 15 4 50
5 13 15 11 176
5 13 15 13 466
5 14 15 4 122
5 14 15 11 578
5 14 15 13 216
6 8 0 2 440
6 8 0 4 98
6 8 0 11 502
6 11 0 2 142
6 11 0 4 680
6 11 0 11 382
6 13 0 2 682
6 13 0 4 728
6 13 0 11 136
6 14 0 2 320
6 14 0 4 134
6 14 0 11 334
6 8 1 3 78
6 8 1 5 940
6 8 1 10 90
6 11 1 3 686
6 11 1 5 988
6 11 1 10 244
6 13 1 3 910
6 13 1 5 978
6 13 1 10 216
6 14 1 3 190
6 14 1 5 1038
6 14 1 10 234
6 8 2 0 212
6 8 2 6 298
6 8 2 9 364
6 11 2 0 104
6 11 2 6 420
6 11 2 9 562
6 13 2 0 50
6 13 2 6 206
6 13 2 9 666
6 14 2 0 58
6 14 2 6 526
6 14 2 9 236
6 8 3 1 104
6 8 3 7 204
6 8 3 8 164
6 11 3 1 1026
6 11 3 7 516
6 11 3 8 22
6 13 3 1 746
6 13 3 7 78
6 13 3 8 158
6 14 3 1 114
6 14 3 7 256
6 14 3 8 642
6 8 4 0 248
6 8 4 6 666
6 8 4 15 1572
6 11 4 0 438
6 11 4 6 620
6 11 4 15 720
6 13 4 0 460
6 13 4 6 300
6 13 4 15 374
6 14 4 0 216
6 14 4 6 120
6 14 4 15 442
6 8 5 1 790
6 8 5 7 696
6 8 5 14 64
6 11 5 1 644
6 11 5 7 668
6 11 5 14 382
6 13 5 1 266
6 13 5 7 398
6 13 5 14 386
6 14 5 1 32
6 14 5 7 664
6 14 5 14 252
6 8 6 2 1252
6 8 6 4 484
6 8 6 13 166
6 11 6 2 562
6 11 6 4 546
6 11 6 13 328
6 13 6 2 238
6 13 6 4 124
6 13 6 13 578
6 14 6 2 52
6 14 6 4 340
6 14 6 13 270
6 8 7 3 566
6 8 7 5 290
6 8 7 12 160
6 11 7 3 156
6 11 7 5 328
6 11 7 12 618
6 13 7 3 340
6 13 7 5 220
6 13 7 12 926
6 14 7 3 204
6 14 7 5 342
6 14 7 12 1060
6 8 8 3 778
6 8 8 10 430
6 8 8 12 28
6 11 8 3 64
6 11 8 10 272
6 11 8 12 72
6 13 8 3 98
6 13 8 10 880
6 13 8 12 364
6 14 8 3 192
6 14 8 10 544
6 14 8 12 656
6 8 9 2 244
6 8 9 11 1554
6 8 9 13 10
6 11 9 2 156
6 11 9 11 252
6 11 9 13 276
6 13 9 2 326
6 13 9 11 680
6 13 9 13 510
6 14 9 2 728
6 14 9 11 316
6 14 9 13 398
6 8 10 1 174
6 8 10 8 8
6 8 10 14 204
6 11 10 1 304
6 11 10 8 806
6 11 10 14 1274
6 13 10 1 284
6 13 10 8 34
6 13 10 14 86
6 14 10 1 6
6 14 10 8 632
6 14 10 14 30
6 8 11 0 366
6 8 11 9 942
6 8 11 15 314
6 11 11 0 742
6 11 11 9 160
6 11 11 15 230
6 13 11 0 556
6 13 11 9 1410
6 13 11 15 258
6 14 11 0 704
6 14 11 9 68
6 14 11 15 1284
6 8 12 7 48
6 8 12 8 428
6 8 12 14 872
6 11 12 7 486
6 11 12 8 732
6 11 12 14 960
6 13 12 7 702
6 13 12 8 480
6 13 12 14 62
6 14 12 7 780
6 14 12 8 164
6 14 12 14 158
6 8 13 6 100
6 8 13 9 258
6 8 13 15 230
6 11 13 6 588
6 11 13 9 222
6 11 13 15 524
6 13 13 6 230
6 13 13 9 914
6 13 13 15 116
6 14 13 6 562
6 14 13 9 1182
6 14 13 15 606
6 8 14 5 528
6 8 14 10 886
6 8 14 12 454
6 11 14 5 596
6 11 14 10 132
6 11 14 12 232
6 13 14 5 1238
6 13 14 10 480
6 13 14 12 306
6 14 14 5 214
6 14 14 10 370
6 14 14 12 174
6 8 15 4 1264
6 8 15 11 204
6 8 15 13 140
6 11 15 4 310
6 11 15 11 1148
6 11 15 13 404
6 13 15 4 312
6 13 15 11 142
6 13 15 13 192
6 14 15 4 444
6 14 15 11 1106
6 14 15 13 602
7 9 0 2 1086
7 9 0 4 198
7 9 0 11 286
7 10 0 2 404
7 10 0 4 280
7 10 0 11 854
7 12 0 2 874
7 12 0 4 118
7 12 0 11 46
7 15 0 2 428
7 15 0 4 506
7 15 0 11 592
7 9 1 3 58
7 9 1 5 330
7 9 1 10 120
7 10 1 3 442
7 10 1 5 60
7 10 1 10 380
7 12 1 3 448
7 12 1 5 238
7 12 1 10 124
7 15 1 3 760
7 15 1 5 696
7 15 1 10 350
7 9 2 0 460
7 9 2 6 466
7 9 2 9 26
7 10 2 0 692
7 10 2 6 4
7 10 2 9 76
7 12 2 0 458
7 12 2 6 398
7 12 2 9 180
7 15 2 0 154
7 15 2 6 570
7 15 2 9 594
7 9 3 1 426
7 9 3 7 706
7 9 3 8 82
7 10 3 1 1728
7 10 3 7 146
7 10 3 8 102
7 12 3 1 376
7 12 3 7 384
7 12 3 8 320
7 15 3 1 1098
7 15 3 7 354
7 15 3 8 78
7 9 4 0 990
7 9 4 6 548
7 9 4 15 110
7 10 4 0 608
7 10 4 6 156
7 10 4 15 22
7 12 4 0 312
7 12 4 6 324
7 12 4 15 378
7 15 4 0 450
7 15 4 6 126
7 15 4 15 842
7 9 5 1 100
7 9 5 7 22
7 9 5 14 642
7 10 5 1 522
7 10 5 7 1188
7 10 5 14 354
7 12 5 1 172
7 12 5 7 110
7 12 5 14 24
7 15 5 1 468
7 15 5 7 356
7 15 5 14 6
7 9 6 2 38
7 9 6 4 1118
7 9 6 13 136
7 10 6 2 170
7 10 6 4 6
7 10 6 13 20
7 12 6 2 414
7 12 6 4 296
7 12 6 13 552
7 15 6 2 506
7 15 6 4 192
7 15 6 13 168
7 9 7 3 298
7 9 7 5 1040
7 9 7 12 734
7 10 7 3 194
7 10 7 5 1022
7 10 7 12 210
7 12 7 3 246
7 12 7 5 130
7 12 7 12 332
7 15 7 3 548
7 15 7 5 286
7 15 7 12 1056
7 9 8 3 340
7 9 8 10 216
7 9 8 12 530
7 10 8 3 388
7 10 8 10 670
7 10 8 12 396
7 12 8 3 364
7 12 8 10 352
7 12 8 12 626
7 15 8 3 724
7 15 8 10 2
7 15 8 12 188
7 9 9 2 244
7 9 9 11 184
7 9 9 13 182
7 10 9 2 256
7 10 9 11 438
7 10 9 13 322
7 12 9 2 198
7 12 9 11 546
7 12 9 13 634
7 15 9 2 754
7 15 9 11 972
7 15 9 13 266
7 9 10 1 238
7 9 10 8 86
7 9 10 14 442
7 10 10 1 342
7 10 10 8 700
7 10 10 14 86
7 12 10 1 170
7 12 10 8 504
7 12 10 14 616
7 15 10 1 748
7 15 10 8 420
7 15 10 14 456
7 9 11 0 224
7 9 11 9 270
7 9 11 15 602
7 10 11 0 40
7 10 11 9 114
7 10 11 15 390
7 12 11 0 602
7 12 11 9 142
7 12 11 15 576
7 15 11 0 238
7 15 11 9 334
7 15 11 15 18
7 9 12 7 208
7 9 12 8 162
7 9 12 14 768
7 10 12 7 142
7 10 12 8 452
7 10 12 14 436
7 12 12 7 774
7 12 12 8 402
7 12 12 14 1588
7 15 12 7 116
7 15 12 8 362
7 15 12 14 122
7 9 13 6 310
7 9 13 9 276
7 9 13 15 426
7 10 13 6 12
7 10 13 9 822
7 10 13 15 348
7 12 13 6 638
7 12 13 9 384
7 12 13 15 760
7 15 13 6 378
7 15 13 9 162
7 15 13 15 138
7 9 14 5 476
7 9 14 10 512
7 9 14 12 784
7 10 14 5 184
7 10 14 10 10
7 10 14 12 604
7 12 14 5 110
7 12 14 10 210
7 12 14 12 126
7 15 14 5 566
7 15 14 10 494
7 15 14 12 538
7 9 15 4 704
7 9 15 11 660
7 9 15 13 528
7 10 15 4 390
7 10 15 11 560
7 10 15 13 844
7 12 15 4 342
7 12 15 11 848
7 12 15 13 256
7 15 15 4 180
7 15 15 11 52
7 15 15 13 252
8 10 0 2 290
8 10 0 4 232
8 10 0 11 68
8 12 0 2 552
8 12 0 4 998
8 12 0 11 14
8 10 1 3 242
8 10 1 5 234
8 10 1 10 260
8 12 1 3 172
8 12 1 5 156
8 12 1 10 386
8 10 2 0 1276
8 10 2 6 668
8 10 2 9 102
8 12 2 0 316
8 12 2 6 190
8 12 2 9 206
8 10 3 1 320
8 10 3 7 160
8 10 3 8 112
8 12 3 1 518
8 12 3 7 368
8 12 3 8 814
8 10 4 0 278
8 10 4 6 472
8 10 4 15 786
8 12 4 0 124
8 12 4 6 540
8 12 4 15 210
8 10 5 1 470
8 10 5 7 256
8 10 5 14 660
8 12 5 1 226
8 12 5 7 330
8 12 5 14 504
8 10 6 2 200
8 10 6 4 238
8 10 6 13 322
8 12 6 2 608
8 12 6 4 538
8 12 6 13 442
8 10 7 3 338
8 10 7 5 232
8 10 7 12 182
8 12 7 3 228
8 12 7 5 98
8 12 7 12 518
8 10 8 3 656
8 10 8 10 34
8 10 8 12 152
8 12 8 3 452
8 12 8 10 78
8 12 8 12 196
8 10 9 2 504
8 10 9 11 288
8 10 9 13 428
8 12 9 2 248
8 12 9 11 28
8 12 9 13 458
8 10 10 1 564
8 10 10 8 208
8 10 10 14 74
8 12 10 1 252
8 12 10 8 1094
8 12 10 14 828
8 10 11 0 604
8 10 11 9 600
8 10 11 15 322
8 12 11 0 324
8 12 11 9 62
8 12 11 15 548
8 10 12 7 450
8 10 12 8 936
8 10 12 14 782
8 12 12 7 566
8 12 12 8 68
8 12 12 14 140
8 10 13 6 388
8 10 13 9 94
8 10 13 15 634
8 12 13 6 124
8 12 13 9 530
8 12 13 15 622
8 10 14 5 224
8 10 14 10 418
8 10 14 12 410
8 12 14 5 264
8 12 14 10 508
8 12 14 12 206
8 10 15 4 810
8 10 15 11 780
8 10 15 13 924
8 12 15 4 228
8 12 15 11 668
8 12 15 13 98
9 11 0 2 164
9 11 0 4 324
9 11 0 11 422
9 13 0 2 458
9 13 0 4 694
9 13 0 11 532
9 11 1 3 456
9 11 1 5 210
9 11 1 10 96
9 13 1 3 292
9 13 1 5 184
9 13 1 10 340
9 11 2 0 278
9 11 2 6 402
9 11 2 9 752
9 13 2 0 976
9 13 2 6 154
9 13 2 9 516
9 11 3 1 640
9 11 3 7 844
9 11 3 8 750
9 13 3 1 622
9 13 3 7 32
9 13 3 8 372
9 11 4 0 24
9 11 4 6 520
9 11 4 15 24
9 13 4 0 50
9 13 4 6 128
9 13 4 15 214
9 11 5 1 630
9 11 5 7 82
9 11 5 14 254
9 13 5 1 658
9 13 5 7 720
9 13 5 14 318
9 11 6 2 570
9 11 6 4 498
9 11 6 13 100
9 13 6 2 632
9 13 6 4 216
9 13 6 13 186
9 11 7 3 98
9 11 7 5 230
9 11 7 12 812
9 13 7 3 250
9 13 7 5 500
9 13 7 12 272
9 11 8 3 302
9 11 8 10 862
9 11 8 12 1028
9 13 8 3 158
9 13 8 10 374
9 13 8 12 308
9 11 9 2 280
9 11 9 11 890
9 11 9 13 932
9 13 9 2 164
9 13 9 11 488
9 13 9 13 1004
9 11 10 1 20
9 11 10 8 1262
9 11 10 14 788
9 13 10 1 322
9 13 10 8 302
9 13 10 14 194
9 11 11 0 458
9 11 11 9 378
9 11 11 15 652
9 13 11 0 52
9 13 11 9 1096
9 13 11 15 520
9 11 12 7 64
9 11 12 8 58
9 11 12 14 978
9 13 12 7 592
9 13 12 8 534
9 13 12 14 62
9 11 13 6 770
9 11 13 9 50
9 11 13 15 294
9 13 13 6 38
9 13 13 9 460
9 13 13 15 428
9 11 14 5 388
9 11 14 10 390
9 11 14 12 318
9 13 14 5 834
9 13 14 10 130
9 13 14 12 1086
9 11 15 4 640
9 11 15 11 646
9 11 15 13 48
9 13 15 4 430
9 13 15 11 44
9 13 15 13 936
10 14 0 2 164
10 14 0 4 406
10 14 0 11 258
10 14 1 3 14
10 14 1 5 280
10 14 1 10 1040
10 14 2 0 586
10 14 2 6 146
10 14 2 9 66
10 14 3 1 306
10 14 3 7 258
10 14 3 8 324
10 14 4 0 686
10 14 4 6 254
10 14 4 15 110
10 14 5 1 172
10 14 5 7 128
10 14 5 14 398
10 14 6 2 1116
10 14 6 4 222
10 14 6 13 680
10 14 7 3 306
10 14 7 5 4
10 14 7 12 958
10 14 8 3 572
10 14 8 10 164
10 14 8 12 340
10 14 9 2 362
10 14 9 11 350
10 14 9 13 238
10 14 10 1 86
10 14 10 8 966
10 14 10 14 2
10 14 11 0 474
10 14 11 9 226
10 14 11 15 0
10 14 12 7 46
10 14 12 8 214
10 14 12 14 308
10 14 13 6 4
10 14 13 9 370
10 14 13 15 518
10 14 14 5 748
10 14 14 10 198
10 14 14 12 382
10 14 15 4 484
10 14 15 11 44
10 14 15 13 632
11 15 0 2 280
11 15 0 4 474
11 15 0 11 492
11 15 1 3 108
11 15 1 5 1420
11 15 1 10 678
11 15 2 0 484
11 15 2 6 76
11 15 2 9 1142
11 15 3 1 112
11 15 3 7 556
11 15 3 8 412
11 15 4 0 466
11 15 4 6 198
11 15 4 15 878
11 15 5 1 1272
11 15 5 7 42
11 15 5 14 60
11 15 6 2 168
11 15 6 4 226
11 15 6 13 152
11 15 7 3 138
11 15 7 5 418
11 15 7 12 964
11 15 8 3 42
11 15 8 10 588
11 15 8 12 72
11 15 9 2 636
11 15 9 11 292
11 15 9 13 334
11 15 10 1 246
11 15 10 8 16
11 15 10 14 366
11 15 11 0 112
11 15 11 9 292
11 15 11 15 320
11 15 12 7 84
11 15 12 8 180
11 15 12 14 334
11 15 13 6 1110
11 15 13 9 556
11 15 13 15 236
11 15 14 5 212
11 15 14 10 1006
11 15 14 12 114
11 15 15 4 1590
11 15 15 11 388
11 15 15 13 240
12 14 0 2 40
12 14 0 4 400
12 14 0 11 40
12 14 1 3 908
12 14 1 5 312
12 14 1 10 334
12 14 2 0 550
12 14 2 6 976
12 14 2 9 866
12 14 3 1 208
12 14 3 7 188
12 14 3 8 20
12 14 4 0 110
12 14 4 6 1184
12 14 4 15 442
12 14 5 1 962
12 14 5 7 106
12 14 5 14 240
12 14 6 2 442
12 14 6 4 108
12 14 6 13 702
12 14 7 3 364
12 14 7 5 238
12 14 7 12 304
12 14 8 3 138
12 14 8 10 422
12 14 8 12 284
12 14 9 2 106
12 14 9 11 192
12 14 9 13 698
12 14 10 1 186
12 14 10 8 826
12 14 10 14 248
12 14 11 0 294
12 14 11 9 216
12 14 11 15 4512
12 14 12 7 244
12 14 12 8 6
12 14 12 14 1138
12 14 13 6 38
12 14 13 9 1232
12 14 13 15 294
12 14 14 5 482
12 14 14 10 930
12 14 14 12 282
12 14 15 4 418
12 14 15 11 4876
12 14 15 13 18
13 15 0 2 216
13 15 0 4 6
13 15 0 11 1470
13 15 1 3 826
13 15 1 5 34
13 15 1 10 394
13 15 2 0 408
13 15 2 6 130
13 15 2 9 314
13 15 3 1 694
13 15 3 7 124
13 15 3 8 126
13 15 4 0 458
13 15 4 6 334
13 15 4 15 496
13 15 5 1 34
13 15 5 7 1296
13 15 5 14 148
13 15 6 2 244
13 15 6 4 350
13 15 6 13 410
13 15 7 3 368
13 15 7 5 604
13 15 7 12 692
13 15 8 3 392
13 15 8 10 76
13 15 8 12 82
13 15 9 2 374
13 15 9 11 526
13 15 9 13 176
13 15 10 1 92
13 15 10 8 264
13 15 10 14 56
13 15 11 0 356
13 15 11 9 336
13 15 11 15 1014
13 15 12 7 898
13 15 12 8 422
13 15 12 14 62
13 15 13 6 94
13 15 13 9 540
13 15 13 15 248
13 15 14 5 568
13 15 14 10 446
13 15 14 12 134
13 15 15 4 324
13 15 15 11 200
13 15 15 13 638
