# KEY left=0x36 right=0x38
# GOOD_PAIRS_BEGIN count=16
# GOOD_PAIR 0xd4 0xff
# GOOD_PAIR 0xdf 0xf4
# GOOD_PAIR 0x24 0x6f
# GOOD_PAIR 0x2f 0x64
# GOOD_PAIR 0x34 0xbf
# GOOD_PAIR 0x3f 0xb4
# GOOD_PAIR 0x44 0xcf
# GOOD_PAIR 0x4f 0xc4
# GOOD_PAIR 0x14 0xaf
# GOOD_PAIR 0x1f 0xa4
# GOOD_PAIR 0x54 0x8f
# GOOD_PAIR 0x5f 0x84
# GOOD_PAIR 0x04 0xef
# GOOD_PAIR 0x0f 0xe4
# GOOD_PAIR 0x74 0x9f
# GOOD_PAIR 0x7f 0x94
# GOOD_PAIRS_END
0 2 0 2 484
0 2 0 4 238
0 2 0 11 152
0 4 0 2 56
0 4 0 4 16
0 4 0 11 190
0 8 0 2 478
0 8 0 4 74
0 8 0 11 920
0 11 0 2 726
0 11 0 4 172
0 11 0 11 334
0 13 0 2 164
0 13 0 4 254
0 13 0 11 152
0 14 0 2 174
0 14 0 4 114
0 14 0 11 64
0 2 1 3 918
0 2 1 5 28
0 2 1 10 500
0 4 1 3 626
0 4 1 5 490
0 4 1 10 358
0 8 1 3 890
0 8 1 5 636
0 8 1 10 750
0 11 1 3 544
0 11 1 5 322
0 11 1 10 118
0 13 1 3 76
0 13 1 5 442
0 13 1 10 16
0 14 1 3 14
0 14 1 5 942
0 14 1 10 708
0 2 2 0 130
0 2 2 6 780
0 2 2 9 866
0 4 2 0 796
0 4 2 6 518
0 4 2 9 86
0 8 2 0 188
0 8 2 6 156
0 8 2 9 514
0 11 2 0 598
0 11 2 6 128
0 11 2 9 908
0 13 2 0 842
0 13 2 6 568
0 13 2 9 1014
0 14 2 0 132
0 14 2 6 564
0 14 2 9 604
0 2 3 1 42
0 2 3 7 476
0 2 3 8 110
0 4 3 1 58
0 4 3 7 1232
0 4 3 8 922
0 8 3 1 590
0 8 3 7 274
0 8 3 8 110
0 11 3 1 410
0 11 3 7 58
0 11 3 8 164
0 13 3 1 764
0 13 3 7 422
0 13 3 8 948
0 14 3 1 758
0 14 3 7 468
0 14 3 8 438
0 2 4 0 260
0 2 4 6 918
0 2 4 15 288
0 4 4 0 102
0 4 4 6 700
0 4 4 15 774
0 8 4 0 542
0 8 4 6 344
0 8 4 15 1278
0 11 4 0 348
0 11 4 6 380
0 11 4 15 450
0 13 4 0 64
0 13 4 6 770
0 13 4 15 966
0 14 4 0 130
0 14 4 6 382
0 14 4 15 4924
0 2 5 1 78
0 2 5 7 234
0 2 5 14 168
0 4 5 1 184
0 4 5 7 520
0 4 5 14 260
0 8 5 1 152
0 8 5 7 1118
0 8 5 14 826
0 11 5 1 434
0 11 5 7 380
0 11 5 14 626
0 13 5 1 38
0 13 5 7 554
0 13 5 14 120
0 14 5 1 954
0 14 5 7 266
0 14 5 14 502
0 2 6 2 164
0 2 6 4 1388
0 2 6 13 32
0 4 6 2 50
0 4 6 4 160
0 4 6 13 72
0 8 6 2 632
0 8 6 4 150
0 8 6 13 382
0 11 6 2 314
0 11 6 4 162
0 11 6 13 184
0 13 6 2 290
0 13 6 4 58
0 13 6 13 244
0 14 6 2 480
0 14 6 4 594
0 14 6 13 12
0 2 7 3 372
0 2 7 5 178
0 2 7 12 128
0 4 7 3 94
0 4 7 5 122
0 4 7 12 496
0 8 7 3 254
0 8 7 5 406
0 8 7 12 120
0 11 7 3 72
0 11 7 5 88
0 11 7 12 260
0 13 7 3 278
0 13 7 5 250
0 13 7 12 186
0 14 7 3 50
0 14 7 5 408
0 14 7 12 44
0 2 8 3 254
0 2 8 10 550
0 2 8 12 630
0 4 8 3 552
0 4 8 10 204
0 4 8 12 1000
0 8 8 3 324
0 8 8 10 750
0 8 8 12 334
0 11 8 3 700
0 11 8 10 328
0 11 8 12 322
0 13 8 3 382
0 13 8 10 752
0 13 8 12 304
0 14 8 3 572
0 14 8 10 14
0 14 8 12 918
0 2 9 2 678
0 2 9 11 498
0 2 9 13 20
0 4 9 2 56
0 4 9 11 396
0 4 9 13 318
0 8 9 2 620
0 8 9 11 206
0 8 9 13 94
0 11 9 2 1076
0 11 9 11 902
0 11 9 13 450
0 13 9 2 132
0 13 9 11 428
0 13 9 13 526
0 14 9 2 102
0 14 9 11 308
0 14 9 13 518
0 2 10 1 280
0 2 10 8 92
0 2 10 14 292
0 4 10 1 114
0 4 10 8 228
0 4 10 14 644
0 8 10 1 266
0 8 10 8 690
0 8 10 14 1002
0 11 10 1 228
0 11 10 8 756
0 11 10 14 18
0 13 10 1 354
0 13 10 8 602
0 13 10 14 458
0 14 10 1 846
0 14 10 8 338
0 14 10 14 38
0 2 11 0 96
0 2 11 9 152
0 2 11 15 1394
0 4 11 0 348
0 4 11 9 60
0 4 11 15 30
0 8 11 0 672
0 8 11 9 408
0 8 11 15 116
0 11 11 0 1046
0 11 11 9 1016
0 11 11 15 720
0 13 11 0 478
0 13 11 9 1200
0 13 11 15 250
0 14 11 0 698
0 14 11 9 190
0 14 11 15 186
0 2 12 7 98
0 2 12 8 728
0 2 12 14 612
0 4 12 7 544
0 4 12 8 924
0 4 12 14 76
0 8 12 7 438
0 8 12 8 392
0 8 12 14 296
0 11 12 7 466
0 11 12 8 596
0 11 12 14 138
0 13 12 7 758
0 13 12 8 542
0 13 12 14 520
0 14 12 7 498
0 14 12 8 522
0 14 12 14 198
0 2 13 6 420
0 2 13 9 336
0 2 13 15 1118
0 4 13 6 364
0 4 13 9 670
0 4 13 15 12
0 8 13 6 212
0 8 13 9 14
0 8 13 15 52
0 11 13 6 756
0 11 13 9 304
0 11 13 15 352
0 13 13 6 462
0 13 13 9 344
0 13 13 15 332
0 14 13 6 422
0 14 13 9 64
0 14 13 15 396
0 2 14 5 490
0 2 14 10 670
0 2 14 12 258
0 4 14 5 902
0 4 14 10 424
0 4 14 12 452
0 8 14 5 270
0 8 14 10 118
0 8 14 12 214
0 11 14 5 1068
0 11 14 10 642
0 11 14 12 1044
0 13 14 5 50
0 13 14 10 1102
0 13 14 12 744
0 14 14 5 710
0 14 14 10 334
0 14 14 12 134
0 2 15 4 340
0 2 15 11 506
0 2 15 13 156
0 4 15 4 626
0 4 15 11 170
0 4 15 13 664
0 8 15 4 184
0 8 15 11 200
0 8 15 13 96
0 11 15 4 322
0 11 15 11 372
0 11 15 13 92
0 13 15 4 66
0 13 15 11 858
0 13 15 13 340
0 14 15 4 4828
0 14 15 11 66
0 14 15 13 40
1 3 0 2 580
1 3 0 4 268
1 3 0 11 88
1 5 0 2 426
1 5 0 4 630
1 5 0 11 692
1 9 0 2 1012
1 9 0 4 230
1 9 0 11 606
1 10 0 2 336
1 10 0 4 630
1 10 0 11 60
1 12 0 2 924
1 12 0 4 462
1 12 0 11 554
1 15 0 2 788
1 15 0 4 32
1 15 0 11 82
1 3 1 3 108
1 3 1 5 190
1 3 1 10 386
1 5 1 3 12
1 5 1 5 186
1 5 1 10 210
1 9 1 3 206
1 9 1 5 528
1 9 1 10 486
1 10 1 3 92
1 10 1 5 16
1 10 1 10 120
1 12 1 3 760
1 12 1 5 1316
1 12 1 10 100
1 15 1 3 248
1 15 1 5 516
1 15 1 10 186
1 3 2 0 574
1 3 2 6 486
1 3 2 9 552
1 5 2 0 596
1 5 2 6 292
1 5 2 9 850
1 9 2 0 76
1 9 2 6 514
1 9 2 9 88
1 10 2 0 252
1 10 2 6 526
1 10 2 9 612
1 12 2 0 830
1 12 2 6 92
1 12 2 9 192
1 15 2 0 76
1 15 2 6 378
1 15 2 9 746
1 3 3 1 458
1 3 3 7 234
1 3 3 8 978
1 5 3 1 570
1 5 3 7 62
1 5 3 8 304
1 9 3 1 230
1 9 3 7 462
1 9 3 8 274
1 10 3 1 260
1 10 3 7 276
1 10 3 8 276
1 12 3 1 782
1 12 3 7 44
1 12 3 8 856
1 15 3 1 512
1 15 3 7 122
1 15 3 8 284
1 3 4 0 248
1 3 4 6 244
1 3 4 15 94
1 5 4 0 92
1 5 4 6 200
1 5 4 15 210
1 9 4 0 920
1 9 4 6 1120
1 9 4 15 160
1 10 4 0 102
1 10 4 6 450
1 10 4 15 4736
1 12 4 0 320
1 12 4 6 132
1 12 4 15 460
1 15 4 0 332
1 15 4 6 182
1 15 4 15 78
1 3 5 1 68
1 3 5 7 428
1 3 5 14 208
1 5 5 1 208
1 5 5 7 1186
1 5 5 14 214
1 9 5 1 510
1 9 5 7 100
1 9 5 14 280
1 10 5 1 332
1 10 5 7 470
1 10 5 14 182
1 12 5 1 298
1 12 5 7 490
1 12 5 14 250
1 15 5 1 884
1 15 5 7 206
1 15 5 14 502
1 3 6 2 368
1 3 6 4 164
1 3 6 13 868
1 5 6 2 892
1 5 6 4 426
1 5 6 13 1144
1 9 6 2 416
1 9 6 4 720
1 9 6 13 164
1 10 6 2 852
1 10 6 4 1144
1 10 6 13 142
1 12 6 2 290
1 12 6 4 30
1 12 6 13 144
1 15 6 2 338
1 15 6 4 224
1 15 6 13 260
1 3 7 3 392
1 3 7 5 0
1 3 7 12 86
1 5 7 3 630
1 5 7 5 142
1 5 7 12 52
1 9 7 3 336
1 9 7 5 742
1 9 7 12 150
1 10 7 3 610
1 10 7 5 242
1 10 7 12 822
1 12 7 3 1210
1 12 7 5 130
1 12 7 12 256
1 15 7 3 378
1 15 7 5 280
1 15 7 12 346
1 3 8 3 654
1 3 8 10 318
1 3 8 12 626
1 5 8 3 636
1 5 8 10 532
1 5 8 12 300
1 9 8 3 66
1 9 8 10 232
1 9 8 12 470
1 10 8 3 1320
1 10 8 10 330
1 10 8 12 256
1 12 8 3 110
1 12 8 10 238
1 12 8 12 224
1 15 8 3 178
1 15 8 10 98
1 15 8 12 110
1 3 9 2 34
1 3 9 11 452
1 3 9 13 22
1 5 9 2 1132
1 5 9 11 78
1 5 9 13 158
1 9 9 2 22
1 9 9 11 226
1 9 9 13 720
1 10 9 2 482
1 10 9 11 866
1 10 9 13 382
1 12 9 2 56
1 12 9 11 72
1 12 9 13 116
1 15 9 2 360
1 15 9 11 992
1 15 9 13 118
1 3 10 1 80
1 3 10 8 788
1 3 10 14 126
1 5 10 1 434
1 5 10 8 432
1 5 10 14 646
1 9 10 1 190
1 9 10 8 696
1 9 10 14 822
1 10 10 1 462
1 10 10 8 480
1 10 10 14 744
1 12 10 1 284
1 12 10 8 166
1 12 10 14 404
1 15 10 1 254
1 15 10 8 556
1 15 10 14 86
1 3 11 0 130
1 3 11 9 658
1 3 11 15 550
1 5 11 0 958
1 5 11 9 22
1 5 11 15 524
1 9 11 0 604
1 9 11 9 930
1 9 11 15 372
1 10 11 0 708
1 10 11 9 312
1 10 11 15 140
1 12 11 0 102
1 12 11 9 158
1 12 11 15 762
1 15 11 0 864
1 15 11 9 76
1 15 11 15 500
1 3 12 7 668
1 3 12 8 168
1 3 12 14 1264
1 5 12 7 300
1 5 12 8 218
1 5 12 14 46
1 9 12 7 270
1 9 12 8 822
1 9 12 14 448
1 10 12 7 178
1 10 12 8 306
1 10 12 14 64
1 12 12 7 8
1 12 12 8 88
1 12 12 14 26
1 15 12 7 730
1 15 12 8 638
1 15 12 14 46
1 3 13 6 340
1 3 13 9 1018
1 3 13 15 58
1 5 13 6 1282
1 5 13 9 178
1 5 13 15 368
1 9 13 6 266
1 9 13 9 428
1 9 13 15 368
1 10 13 6 320
1 10 13 9 452
1 10 13 15 108
1 12 13 6 380
1 12 13 9 180
1 12 13 15 366
1 15 13 6 302
1 15 13 9 64
1 15 13 15 716
1 3 14 5 442
1 3 14 10 298
1 3 14 12 50
1 5 14 5 198
1 5 14 10 314
1 5 14 12 144
1 9 14 5 434
1 9 14 10 1100
1 9 14 12 212
1 10 14 5 120
1 10 14 10 898
1 10 14 12 162
1 12 14 5 642
1 12 14 10 880
1 12 14 12 370
1 15 14 5 1058
1 15 14 10 426
1 15 14 12 586
1 3 15 4 430
1 3 15 11 560
1 3 15 13 842
1 5 15 4 276
1 5 15 11 656
1 5 15 13 204
1 9 15 4 724
1 9 15 11 394
1 9 15 13 890
1 10 15 4 4538
1 10 15 11 702
1 10 15 13 538
1 12 15 4 82
1 12 15 11 1008
1 12 15 13 384
1 15 15 4 194
1 15 15 11 188
1 15 15 13 118
2 6 0 2 80
2 6 0 4 128
2 6 0 11 626
2 9 0 2 380
2 9 0 4 684
2 9 0 11 190
2 10 0 2 144
2 10 0 4 70
2 10 0 11 514
2 12 0 2 252
2 12 0 4 902
2 12 0 11 1010
2 15 0 2 848
2 15 0 4 726
2 15 0 11 4
2 6 1 3 488
2 6 1 5 642
2 6 1 10 308
2 9 1 3 70
2 9 1 5 1074
2 9 1 10 340
2 10 1 3 530
2 10 1 5 436
2 10 1 10 672
2 12 1 3 112
2 12 1 5 158
2 12 1 10 772
2 15 1 3 346
2 15 1 5 232
2 15 1 10 684
2 6 2 0 876
2 6 2 6 64
2 6 2 9 116
2 9 2 0 124
2 9 2 6 666
2 9 2 9 732
2 10 2 0 192
2 10 2 6 114
2 10 2 9 310
2 12 2 0 548
2 12 2 6 370
2 12 2 9 130
2 15 2 0 10
2 15 2 6 982
2 15 2 9 812
2 6 3 1 92
2 6 3 7 732
2 6 3 8 1156
2 9 3 1 366
2 9 3 7 244
2 9 3 8 312
2 10 3 1 558
2 10 3 7 550
2 10 3 8 72
2 12 3 1 432
2 12 3 7 442
2 12 3 8 190
2 15 3 1 60
2 15 3 7 392
2 15 3 8 468
2 6 4 0 446
2 6 4 6 722
2 6 4 15 5176
2 9 4 0 898
2 9 4 6 996
2 9 4 15 266
2 10 4 0 316
2 10 4 6 320
2 10 4 15 556
2 12 4 0 166
2 12 4 6 1332
2 12 4 15 322
2 15 4 0 186
2 15 4 6 336
2 15 4 15 378
2 6 5 1 604
2 6 5 7 248
2 6 5 14 996
2 9 5 1 784
2 9 5 7 266
2 9 5 14 448
2 10 5 1 646
2 10 5 7 630
2 10 5 14 450
2 12 5 1 20
2 12 5 7 640
2 12 5 14 652
2 15 5 1 20
2 15 5 7 400
2 15 5 14 222
2 6 6 2 1000
2 6 6 4 812
2 6 6 13 28
2 9 6 2 50
2 9 6 4 158
2 9 6 13 700
2 10 6 2 336
2 10 6 4 106
2 10 6 13 1074
2 12 6 2 1024
2 12 6 4 576
2 12 6 13 920
2 15 6 2 96
2 15 6 4 422
2 15 6 13 138
2 6 7 3 510
2 6 7 5 428
2 6 7 12 158
2 9 7 3 216
2 9 7 5 752
2 9 7 12 124
2 10 7 3 244
2 10 7 5 768
2 10 7 12 568
2 12 7 3 362
2 12 7 5 346
2 12 7 12 1010
2 15 7 3 442
2 15 7 5 184
2 15 7 12 116
2 6 8 3 374
2 6 8 10 952
2 6 8 12 42
2 9 8 3 62
2 9 8 10 166
2 9 8 12 682
2 10 8 3 428
2 10 8 10 4
2 10 8 12 446
2 12 8 3 106
2 12 8 10 44
2 12 8 12 82
2 15 8 3 570
2 15 8 10 314
2 15 8 12 142
2 6 9 2 138
2 6 9 11 736
2 6 9 13 48
2 9 9 2 86
2 9 9 11 908
2 9 9 13 594
2 10 9 2 38
2 10 9 11 74
2 10 9 13 172
2 12 9 2 178
2 12 9 11 282
2 12 9 13 484
2 15 9 2 364
2 15 9 11 522
2 15 9 13 216
2 6 10 1 38
2 6 10 8 296
2 6 10 14 570
2 9 10 1 582
2 9 10 8 918
2 9 10 14 1334
2 10 10 1 196
2 10 10 8 478
2 10 10 14 300
2 12 10 1 40
2 12 10 8 56
2 12 10 14 168
2 15 10 1 44
2 15 10 8 224
2 15 10 14 36
2 6 11 0 872
2 6 11 9 148
2 6 11 15 238
2 9 11 0 616
2 9 11 9 220
2 9 11 15 1050
2 10 11 0 484
2 10 11 9 372
2 10 11 15 760
2 12 11 0 42
2 12 11 9 222
2 12 11 15 734
2 15 11 0 122
2 15 11 9 68
2 15 11 15 86
2 6 12 7 320
2 6 12 8 628
2 6 12 14 700
2 9 12 7 688
2 9 12 8 644
2 9 12 14 294
2 10 12 7 236
2 10 12 8 1190
2 10 12 14 650
2 12 12 7 42
2 12 12 8 390
2 12 12 14 694
2 15 12 7 576
2 15 12 8 278
2 15 12 14 338
2 6 13 6 570
2 6 13 9 354
2 6 13 15 600
2 9 13 6 284
2 9 13 9 206
2 9 13 15 190
2 10 13 6 392
2 10 13 9 636
2 10 13 15 108
2 12 13 6 620
2 12 13 9 402
2 12 13 15 388
2 15 13 6 180
2 15 13 9 454
2 15 13 15 46
2 6 14 5 312
2 6 14 10 516
2 6 14 12 190
2 9 14 5 1164
2 9 14 10 200
2 9 14 12 444
2 10 14 5 348
2 10 14 10 114
2 10 14 12 234
2 12 14 5 328
2 12 14 10 494
2 12 14 12 904
2 15 14 5 6
2 15 14 10 788
2 15 14 12 204
2 6 15 4 4406
2 6 15 11 178
2 6 15 13 202
2 9 15 4 594
2 9 15 11 354
2 9 15 13 296
2 10 15 4 182
2 10 15 11 914
2 10 15 13 524
2 12 15 4 314
2 12 15 11 448
2 12 15 13 934
2 15 15 4 346
2 15 15 11 166
2 15 15 13 20
3 7 0 2 360
3 7 0 4 1176
3 7 0 11 432
3 8 0 2 114
3 8 0 4 80
3 8 0 11 282
3 11 0 2 318
3 11 0 4 156
3 11 0 11 12
3 13 0 2 414
3 13 0 4 386
3 13 0 11 634
3 14 0 2 186
3 14 0 4 356
3 14 0 11 2
3 7 1 3 496
3 7 1 5 330
3 7 1 10 322
3 8 1 3 30
3 8 1 5 320
3 8 1 10 562
3 11 1 3 186
3 11 1 5 88
3 11 1 10 466
3 13 1 3 116
3 13 1 5 578
3 13 1 10 456
3 14 1 3 120
3 14 1 5 530
3 14 1 10 1160
3 7 2 0 738
3 7 2 6 776
3 7 2 9 646
3 8 2 0 698
3 8 2 6 540
3 8 2 9 60
3 11 2 0 322
3 11 2 6 904
3 11 2 9 642
3 13 2 0 190
3 13 2 6 680
3 13 2 9 596
3 14 2 0 204
3 14 2 6 202
3 14 2 9 68
3 7 3 1 390
3 7 3 7 180
3 7 3 8 30
3 8 3 1 100
3 8 3 7 282
3 8 3 8 482
3 11 3 1 190
3 11 3 7 310
3 11 3 8 92
3 13 3 1 658
3 13 3 7 204
3 13 3 8 294
3 14 3 1 102
3 14 3 7 202
3 14 3 8 288
3 7 4 0 832
3 7 4 6 72
3 7 4 15 2
3 8 4 0 584
3 8 4 6 324
3 8 4 15 38
3 11 4 0 824
3 11 4 6 362
3 11 4 15 5168
3 13 4 0 372
3 13 4 6 226
3 13 4 15 836
3 14 4 0 1078
3 14 4 6 126
3 14 4 15 568
3 7 5 1 678
3 7 5 7 424
3 7 5 14 122
3 8 5 1 402
3 8 5 7 688
3 8 5 14 94
3 11 5 1 66
3 11 5 7 638
3 11 5 14 668
3 13 5 1 822
3 13 5 7 1438
3 13 5 14 554
3 14 5 1 714
3 14 5 7 198
3 14 5 14 310
3 7 6 2 972
3 7 6 4 68
3 7 6 13 458
3 8 6 2 394
3 8 6 4 420
3 8 6 13 156
3 11 6 2 788
3 11 6 4 244
3 11 6 13 398
3 13 6 2 638
3 13 6 4 232
3 13 6 13 506
3 14 6 2 136
3 14 6 4 192
3 14 6 13 264
3 7 7 3 156
3 7 7 5 408
3 7 7 12 100
3 8 7 3 172
3 8 7 5 198
3 8 7 12 236
3 11 7 3 412
3 11 7 5 178
3 11 7 12 704
3 13 7 3 64
3 13 7 5 898
3 13 7 12 706
3 14 7 3 214
3 14 7 5 938
3 14 7 12 458
3 7 8 3 506
3 7 8 10 78
3 7 8 12 150
3 8 8 3 538
3 8 8 10 200
3 8 8 12 244
3 11 8 3 10
3 11 8 10 42
3 11 8 12 290
3 13 8 3 202
3 13 8 10 128
3 13 8 12 88
3 14 8 3 358
3 14 8 10 306
3 14 8 12 136
3 7 9 2 162
3 7 9 11 292
3 7 9 13 430
3 8 9 2 982
3 8 9 11 60
3 8 9 13 238
3 11 9 2 572
3 11 9 11 292
3 11 9 13 400
3 13 9 2 662
3 13 9 11 222
3 13 9 13 406
3 14 9 2 350
3 14 9 11 92
3 14 9 13 144
3 7 10 1 108
3 7 10 8 654
3 7 10 14 708
3 8 10 1 692
3 8 10 8 90
3 8 10 14 66
3 11 10 1 286
3 11 10 8 842
3 11 10 14 120
3 13 10 1 314
3 13 10 8 198
3 13 10 14 658
3 14 10 1 20
3 14 10 8 438
3 14 10 14 20
3 7 11 0 588
3 7 11 9 602
3 7 11 15 974
3 8 11 0 446
3 8 11 9 148
3 8 11 15 808
3 11 11 0 324
3 11 11 9 120
3 11 11 15 18
3 13 11 0 438
3 13 11 9 716
3 13 11 15 182
3 14 11 0 18
3 14 11 9 250
3 14 11 15 860
3 7 12 7 542
3 7 12 8 108
3 7 12 14 1076
3 8 12 7 112
3 8 12 8 330
3 8 12 14 418
3 11 12 7 814
3 11 12 8 162
3 11 12 14 394
3 13 12 7 52
3 13 12 8 110
3 13 12 14 6
3 14 12 7 656
3 14 12 8 746
3 14 12 14 268
3 7 13 6 188
3 7 13 9 956
3 7 13 15 1078
3 8 13 6 590
3 8 13 9 202
3 8 13 15 276
3 11 13 6 244
3 11 13 9 148
3 11 13 15 202
3 13 13 6 252
3 13 13 9 228
3 13 13 15 1062
3 14 13 6 238
3 14 13 9 756
3 14 13 15 494
3 7 14 5 38
3 7 14 10 670
3 7 14 12 192
3 8 14 5 0
3 8 14 10 382
3 8 14 12 234
3 11 14 5 618
3 11 14 10 1028
3 11 14 12 14
3 13 14 5 394
3 13 14 10 26
3 13 14 12 18
3 14 14 5 16
3 14 14 10 640
3 14 14 12 102
3 7 15 4 358
3 7 15 11 268
3 7 15 13 714
3 8 15 4 60
3 8 15 11 38
3 8 15 13 306
3 11 15 4 4590
3 11 15 11 248
3 11 15 13 460
3 13 15 4 554
3 13 15 11 22
3 13 15 13 172
3 14 15 4 164
3 14 15 11 562
3 14 15 13 486
4 6 0 2 148
4 6 0 4 162
4 6 0 11 506
4 9 0 2 646
4 9 0 4 16
4 9 0 11 344
4 10 0 2 740
4 10 0 4 852
4 10 0 11 2
4 12 0 2 216
4 12 0 4 1722
4 12 0 11 494
4 15 0 2 506
4 15 0 4 488
4 15 0 11 46
4 6 1 3 238
4 6 1 5 678
4 6 1 10 312
4 9 1 3 406
4 9 1 5 322
4 9 1 10 14
4 10 1 3 166
4 10 1 5 1114
4 10 1 10 534
4 12 1 3 412
4 12 1 5 104
4 12 1 10 1306
4 15 1 3 448
4 15 1 5 1034
4 15 1 10 232
4 6 2 0 928
4 6 2 6 238
4 6 2 9 310
4 9 2 0 972
4 9 2 6 112
4 9 2 9 270
4 10 2 0 302
4 10 2 6 6
4 10 2 9 598
4 12 2 0 1194
4 12 2 6 782
4 12 2 9 708
4 15 2 0 268
4 15 2 6 90
4 15 2 9 1090
4 6 3 1 32
4 6 3 7 44
4 6 3 8 474
4 9 3 1 410
4 9 3 7 490
4 9 3 8 488
4 10 3 1 876
4 10 3 7 822
4 10 3 8 520
4 12 3 1 288
4 12 3 7 124
4 12 3 8 212
4 15 3 1 300
4 15 3 7 368
4 15 3 8 64
4 6 4 0 176
4 6 4 6 1350
4 6 4 15 14
4 9 4 0 694
4 9 4 6 180
4 9 4 15 214
4 10 4 0 264
4 10 4 6 230
4 10 4 15 1126
4 12 4 0 88
4 12 4 6 714
4 12 4 15 5422
4 15 4 0 378
4 15 4 6 208
4 15 4 15 304
4 6 5 1 498
4 6 5 7 348
4 6 5 14 612
4 9 5 1 666
4 9 5 7 300
4 9 5 14 78
4 10 5 1 504
4 10 5 7 524
4 10 5 14 690
4 12 5 1 44
4 12 5 7 942
4 12 5 14 852
4 15 5 1 154
4 15 5 7 410
4 15 5 14 254
4 6 6 2 228
4 6 6 4 194
4 6 6 13 408
4 9 6 2 810
4 9 6 4 344
4 9 6 13 664
4 10 6 2 458
4 10 6 4 18
4 10 6 13 64
4 12 6 2 142
4 12 6 4 566
4 12 6 13 1776
4 15 6 2 0
4 15 6 4 836
4 15 6 13 160
4 6 7 3 438
4 6 7 5 316
4 6 7 12 22
4 9 7 3 76
4 9 7 5 94
4 9 7 12 126
4 10 7 3 188
4 10 7 5 1014
4 10 7 12 234
4 12 7 3 72
4 12 7 5 282
4 12 7 12 162
4 15 7 3 298
4 15 7 5 766
4 15 7 12 554
4 6 8 3 8
4 6 8 10 82
4 6 8 12 80
4 9 8 3 460
4 9 8 10 120
4 9 8 12 212
4 10 8 3 264
4 10 8 10 626
4 10 8 12 852
4 12 8 3 140
4 12 8 10 168
4 12 8 12 576
4 15 8 3 678
4 15 8 10 730
4 15 8 12 386
4 6 9 2 828
4 6 9 11 14
4 6 9 13 110
4 9 9 2 380
4 9 9 11 444
4 9 9 13 350
4 10 9 2 1166
4 10 9 11 154
4 10 9 13 58
4 12 9 2 80
4 12 9 11 388
4 12 9 13 302
4 15 9 2 914
4 15 9 11 898
4 15 9 13 158
4 6 10 1 644
4 6 10 8 56
4 6 10 14 1082
4 9 10 1 246
4 9 10 8 260
4 9 10 14 58
4 10 10 1 606
4 10 10 8 574
4 10 10 14 660
4 12 10 1 610
4 12 10 8 556
4 12 10 14 892
4 15 10 1 282
4 15 10 8 76
4 15 10 14 670
4 6 11 0 740
4 6 11 9 58
4 6 11 15 694
4 9 11 0 198
4 9 11 9 304
4 9 11 15 578
4 10 11 0 510
4 10 11 9 42
4 10 11 15 82
4 12 11 0 464
4 12 11 9 392
4 12 11 15 408
4 15 11 0 188
4 15 11 9 82
4 15 11 15 340
4 6 12 7 78
4 6 12 8 170
4 6 12 14 728
4 9 12 7 576
4 9 12 8 566
4 9 12 14 1102
4 10 12 7 614
4 10 12 8 44
4 10 12 14 154
4 12 12 7 124
4 12 12 8 340
4 12 12 14 374
4 15 12 7 184
4 15 12 8 18
4 15 12 14 94
4 6 13 6 388
4 6 13 9 506
4 6 13 15 24
4 9 13 6 154
4 9 13 9 546
4 9 13 15 32
4 10 13 6 978
4 10 13 9 478
4 10 13 15 104
4 12 13 6 230
4 12 13 9 72
4 12 13 15 66
4 15 13 6 378
4 15 13 9 46
4 15 13 15 280
4 6 14 5 248
4 6 14 10 398
4 6 14 12 554
4 9 14 5 198
4 9 14 10 224
4 9 14 12 26
4 10 14 5 678
4 10 14 10 736
4 10 14 12 438
4 12 14 5 546
4 12 14 10 112
4 12 14 12 350
4 15 14 5 1252
4 15 14 10 198
4 15 14 12 570
4 6 15 4 80
4 6 15 11 614
4 6 15 13 376
4 9 15 4 196
4 9 15 11 174
4 9 15 13 320
4 10 15 4 520
4 10 15 11 522
4 10 15 13 212
4 12 15 4 4432
4 12 15 11 60
4 12 15 13 94
4 15 15 4 774
4 15 15 11 396
4 15 15 13 290
5 7 0 2 96
5 7 0 4 366
5 7 0 11 476
5 8 0 2 190
5 8 0 4 320
5 8 0 11 778
5 11 0 2 122
5 11 0 4 290
5 11 0 11 30
5 13 0 2 352
5 13 0 4 296
5 13 0 11 172
5 14 0 2 496
5 14 0 4 814
5 14 0 11 16
5 7 1 3 778
5 7 1 5 122
5 7 1 10 582
5 8 1 3 568
5 8 1 5 132
5 8 1 10 518
5 11 1 3 642
5 11 1 5 670
5 11 1 10 464
5 13 1 3 30
5 13 1 5 130
5 13 1 10 116
5 14 1 3 220
5 14 1 5 110
5 14 1 10 60
5 7 2 0 12
5 7 2 6 1110
5 7 2 9 88
5 8 2 0 230
5 8 2 6 262
5 8 2 9 590
5 11 2 0 766
5 11 2 6 88
5 11 2 9 114
5 13 2 0 24
5 13 2 6 348
5 13 2 9 674
5 14 2 0 204
5 14 2 6 736
5 14 2 9 402
5 7 3 1 1264
5 7 3 7 812
5 7 3 8 818
5 8 3 1 472
5 8 3 7 944
5 8 3 8 228
5 11 3 1 576
5 11 3 7 20
5 11 3 8 318
5 13 3 1 10
5 13 3 7 34
5 13 3 8 46
5 14 3 1 1032
5 14 3 7 602
5 14 3 8 358
5 7 4 0 374
5 7 4 6 2
5 7 4 15 796
5 8 4 0 460
5 8 4 6 582
5 8 4 15 5298
5 11 4 0 164
5 11 4 6 946
5 11 4 15 686
5 13 4 0 316
5 13 4 6 96
5 13 4 15 94
5 14 4 0 606
5 14 4 6 36
5 14 4 15 582
5 7 5 1 452
5 7 5 7 236
5 7 5 14 388
5 8 5 1 1064
5 8 5 7 222
5 8 5 14 846
5 11 5 1 150
5 11 5 7 766
5 11 5 14 658
5 13 5 1 282
5 13 5 7 758
5 13 5 14 312
5 14 5 1 472
5 14 5 7 986
5 14 5 14 64
5 7 6 2 214
5 7 6 4 726
5 7 6 13 136
5 8 6 2 432
5 8 6 4 784
5 8 6 13 374
5 11 6 2 260
5 11 6 4 182
5 11 6 13 86
5 13 6 2 1258
5 13 6 4 282
5 13 6 13 148
5 14 6 2 72
5 14 6 4 808
5 14 6 13 178
5 7 7 3 130
5 7 7 5 208
5 7 7 12 772
5 8 7 3 320
5 8 7 5 808
5 8 7 12 368
5 11 7 3 500
5 11 7 5 684
5 11 7 12 262
5 13 7 3 448
5 13 7 5 182
5 13 7 12 944
5 14 7 3 152
5 14 7 5 478
5 14 7 12 334
5 7 8 3 670
5 7 8 10 530
5 7 8 12 368
5 8 8 3 816
5 8 8 10 258
5 8 8 12 202
5 11 8 3 312
5 11 8 10 1004
5 11 8 12 60
5 13 8 3 518
5 13 8 10 336
5 13 8 12 316
5 14 8 3 330
5 14 8 10 652
5 14 8 12 12
5 7 9 2 172
5 7 9 11 174
5 7 9 13 386
5 8 9 2 296
5 8 9 11 456
5 8 9 13 520
5 11 9 2 790
5 11 9 11 1386
5 11 9 13 16
5 13 9 2 58
5 13 9 11 138
5 13 9 13 1004
5 14 9 2 856
5 14 9 11 78
5 14 9 13 352
5 7 10 1 218
5 7 10 8 510
5 7 10 14 106
5 8 10 1 112
5 8 10 8 332
5 8 10 14 160
5 11 10 1 608
5 11 10 8 230
5 11 10 14 148
5 13 10 1 598
5 13 10 8 366
5 13 10 14 206
5 14 10 1 140
5 14 10 8 640
5 14 10 14 100
5 7 11 0 544
5 7 11 9 240
5 7 11 15 484
5 8 11 0 248
5 8 11 9 372
5 8 11 15 176
5 11 11 0 88
5 11 11 9 180
5 11 11 15 36
5 13 11 0 848
5 13 11 9 56
5 13 11 15 32
5 14 11 0 670
5 14 11 9 20
5 14 11 15 272
5 7 12 7 642
5 7 12 8 8
5 7 12 14 44
5 8 12 7 776
5 8 12 8 8
5 8 12 14 214
5 11 12 7 330
5 11 12 8 130
5 11 12 14 138
5 13 12 7 286
5 13 12 8 552
5 13 12 14 408
5 14 12 7 320
5 14 12 8 34
5 14 12 14 380
5 7 13 6 30
5 7 13 9 2
5 7 13 15 508
5 8 13 6 284
5 8 13 9 10
5 8 13 15 444
5 11 13 6 34
5 11 13 9 62
5 11 13 15 492
5 13 13 6 596
5 13 13 9 422
5 13 13 15 118
5 14 13 6 122
5 14 13 9 18
5 14 13 15 60
5 7 14 5 588
5 7 14 10 584
5 7 14 12 808
5 8 14 5 406
5 8 14 10 1064
5 8 14 12 308
5 11 14 5 168
5 11 14 10 322
5 11 14 12 238
5 13 14 5 648
5 13 14 10 262
5 13 14 12 40
5 14 14 5 706
5 14 14 10 274
5 14 14 12 204
5 7 15 4 78
5 7 15 11 346
5 7 15 13 412
5 8 15 4 5684
5 8 15 11 170
5 8 15 13 416
5 11 15 4 22
5 11 15 11 814
5 11 15 13 700
5 13 15 4 208
5 13 15 11 466
5 13 15 13 146
5 14 15 4 348
5 14 15 11 212
5 14 15 13 22
6 8 0 2 296
6 8 0 4 158
6 8 0 11 92
6 11 0 2 58
6 11 0 4 224
6 11 0 11 66
6 13 0 2 112
6 13 0 4 506
6 13 0 11 358
6 14 0 2 76
6 14 0 4 422
6 14 0 11 408
6 8 1 3 436
6 8 1 5 18
6 8 1 10 340
6 11 1 3 90
6 11 1 5 358
6 11 1 10 472
6 13 1 3 144
6 13 1 5 32
6 13 1 10 534
6 14 1 3 570
6 14 1 5 6
6 14 1 10 176
6 8 2 0 70
6 8 2 6 442
6 8 2 9 212
6 11 2 0 666
6 11 2 6 198
6 11 2 9 450
6 13 2 0 760
6 13 2 6 516
6 13 2 9 504
6 14 2 0 456
6 14 2 6 362
6 14 2 9 926
6 8 3 1 234
6 8 3 7 340
6 8 3 8 332
6 11 3 1 636
6 11 3 7 104
6 11 3 8 662
6 13 3 1 364
6 13 3 7 634
6 13 3 8 190
6 14 3 1 482
6 14 3 7 550
6 14 3 8 126
6 8 4 0 522
6 8 4 6 292
6 8 4 15 916
6 11 4 0 416
6 11 4 6 926
6 11 4 15 550
6 13 4 0 244
6 13 4 6 200
6 13 4 15 122
6 14 4 0 24
6 14 4 6 648
6 14 4 15 194
6 8 5 1 224
6 8 5 7 96
6 8 5 14 570
6 11 5 1 748
6 11 5 7 1024
6 11 5 14 406
6 13 5 1 204
6 13 5 7 176
6 13 5 14 624
6 14 5 1 352
6 14 5 7 2
6 14 5 14 166
6 8 6 2 856
6 8 6 4 146
6 8 6 13 122
6 11 6 2 1118
6 11 6 4 510
6 11 6 13 4
6 13 6 2 554
6 13 6 4 944
6 13 6 13 306
6 14 6 2 36
6 14 6 4 132
6 14 6 13 176
6 8 7 3 150
6 8 7 5 376
6 8 7 12 572
6 11 7 3 82
6 11 7 5 724
6 11 7 12 522
6 13 7 3 1216
6 13 7 5 28
6 13 7 12 328
6 14 7 3 406
6 14 7 5 434
6 14 7 12 388
6 8 8 3 764
6 8 8 10 514
6 8 8 12 592
6 11 8 3 1054
6 11 8 10 536
6 11 8 12 508
6 13 8 3 718
6 13 8 10 180
6 13 8 12 398
6 14 8 3 920
6 14 8 10 242
6 14 8 12 456
6 8 9 2 402
6 8 9 11 126
6 8 9 13 588
6 11 9 2 1052
6 11 9 11 38
6 11 9 13 1710
6 13 9 2 396
6 13 9 11 584
6 13 9 13 1252
6 14 9 2 92
6 14 9 11 462
6 14 9 13 196
6 8 10 1 210
6 8 10 8 30
6 8 10 14 872
6 11 10 1 170
6 11 10 8 184
6 11 10 14 324
6 13 10 1 1232
6 13 10 8 376
6 13 10 14 18
6 14 10 1 196
6 14 10 8 712
6 14 10 14 222
6 8 11 0 1258
6 8 11 9 482
6 8 11 15 608
6 11 11 0 130
6 11 11 9 48
6 11 11 15 46
6 13 11 0 568
6 13 11 9 76
6 13 11 15 276
6 14 11 0 48
6 14 11 9 168
6 14 11 15 68
6 8 12 7 894
6 8 12 8 94
6 8 12 14 80
6 11 12 7 108
6 11 12 8 846
6 11 12 14 308
6 13 12 7 466
6 13 12 8 178
6 13 12 14 1100
6 14 12 7 908
6 14 12 8 462
6 14 12 14 1052
6 8 13 6 698
6 8 13 9 324
6 8 13 15 776
6 11 13 6 120
6 11 13 9 22
6 11 13 15 674
6 13 13 6 206
6 13 13 9 290
6 13 13 15 106
6 14 13 6 140
6 14 13 9 226
6 14 13 15 20
6 8 14 5 498
6 8 14 10 248
6 8 14 12 530
6 11 14 5 196
6 11 14 10 142
6 11 14 12 298
6 13 14 5 510
6 13 14 10 88
6 13 14 12 112
6 14 14 5 156
6 14 14 10 132
6 14 14 12 174
6 8 15 4 176
6 8 15 11 834
6 8 15 13 242
6 11 15 4 138
6 11 15 11 352
6 11 15 13 494
6 13 15 4 52
6 13 15 11 344
6 13 15 13 388
6 14 15 4 628
6 14 15 11 66
6 14 15 13 926
7 9 0 2 292
7 9 0 4 394
7 9 0 11 1024
7 10 0 2 454
7 10 0 4 392
7 10 0 11 230
7 12 0 2 770
7 12 0 4 190
7 12 0 11 404
7 15 0 2 220
7 15 0 4 562
7 15 0 11 552
7 9 1 3 188
7 9 1 5 1158
7 9 1 10 598
7 10 1 3 82
7 10 1 5 330
7 10 1 10 32
7 12 1 3 614
7 12 1 5 54
7 12 1 10 252
7 15 1 3 1254
7 15 1 5 136
7 15 1 10 532
7 9 2 0 362
7 9 2 6 240
7 9 2 9 418
7 10 2 0 8
7 10 2 6 232
7 10 2 9 214
7 12 2 0 742
7 12 2 6 218
7 12 2 9 956
7 15 2 0 164
7 15 2 6 586
7 15 2 9 98
7 9 3 1 160
7 9 3 7 304
7 9 3 8 302
7 10 3 1 136
7 10 3 7 500
7 10 3 8 246
7 12 3 1 474
7 12 3 7 460
7 12 3 8 676
7 15 3 1 748
7 15 3 7 362
7 15 3 8 838
7 9 4 0 142
7 9 4 6 454
7 9 4 15 4634
7 10 4 0 414
7 10 4 6 114
7 10 4 15 582
7 12 4 0 110
7 12 4 6 186
7 12 4 15 688
7 15 4 0 248
7 15 4 6 8
7 15 4 15 760
7 9 5 1 124
7 9 5 7 572
7 9 5 14 694
7 10 5 1 72
7 10 5 7 164
7 10 5 14 560
7 12 5 1 696
7 12 5 7 58
7 12 5 14 216
7 15 5 1 1042
7 15 5 7 270
7 15 5 14 122
7 9 6 2 42
7 9 6 4 990
7 9 6 13 704
7 10 6 2 812
7 10 6 4 272
7 10 6 13 214
7 12 6 2 780
7 12 6 4 896
7 12 6 13 150
7 15 6 2 664
7 15 6 4 518
7 15 6 13 772
7 9 7 3 500
7 9 7 5 172
7 9 7 12 298
7 10 7 3 268
7 10 7 5 486
7 10 7 12 74
7 12 7 3 284
7 12 7 5 604
7 12 7 12 562
7 15 7 3 234
7 15 7 5 516
7 15 7 12 526
7 9 8 3 308
7 9 8 10 484
7 9 8 12 334
7 10 8 3 18
7 10 8 10 226
7 10 8 12 78
7 12 8 3 848
7 12 8 10 510
7 12 8 12 566
7 15 8 3 352
7 15 8 10 280
7 15 8 12 788
7 9 9 2 450
7 9 9 11 8
7 9 9 13 140
7 10 9 2 318
7 10 9 11 1112
7 10 9 13 272
7 12 9 2 442
7 12 9 11 224
7 12 9 13 1192
7 15 9 2 522
7 15 9 11 124
7 15 9 13 682
7 9 10 1 318
7 9 10 8 476
7 9 10 14 124
7 10 10 1 462
7 10 10 8 344
7 10 10 14 188
7 12 10 1 450
7 12 10 8 288
7 12 10 14 92
7 15 10 1 422
7 15 10 8 180
7 15 10 14 536
7 9 11 0 686
7 9 11 9 334
7 9 11 15 490
7 10 11 0 370
7 10 11 9 1312
7 10 11 15 736
7 12 11 0 152
7 12 11 9 444
7 12 11 15 490
7 15 11 0 438
7 15 11 9 458
7 15 11 15 274
7 9 12 7 454
7 9 12 8 398
7 9 12 14 452
7 10 12 7 638
7 10 12 8 334
7 10 12 14 652
7 12 12 7 1284
7 12 12 8 86
7 12 12 14 80
7 15 12 7 38
7 15 12 8 334
7 15 12 14 914
7 9 13 6 662
7 9 13 9 322
7 9 13 15 88
7 10 13 6 262
7 10 13 9 154
7 10 13 15 342
7 12 13 6 110
7 12 13 9 572
7 12 13 15 446
7 15 13 6 486
7 15 13 9 304
7 15 13 15 310
7 9 14 5 502
7 9 14 10 570
7 9 14 12 434
7 10 14 5 632
7 10 14 10 462
7 10 14 12 614
7 12 14 5 78
7 12 14 10 326
7 12 14 12 682
7 15 14 5 176
7 15 14 10 298
7 15 14 12 208
7 9 15 4 4444
7 9 15 11 504
7 9 15 13 538
7 10 15 4 436
7 10 15 11 92
7 10 15 13 816
7 12 15 4 664
7 12 15 11 374
7 12 15 13 386
7 15 15 4 750
7 15 15 11 288
7 15 15 13 372
8 10 0 2 116
8 10 0 4 578
8 10 0 11 754
8 12 0 2 764
8 12 0 4 530
8 12 0 11 506
8 10 1 3 100
8 10 1 5 1312
8 10 1 10 926
8 12 1 3 898
8 12 1 5 174
8 12 1 10 436
8 10 2 0 698
8 10 2 6 292
8 10 2 9 140
8 12 2 0 110
8 12 2 6 174
8 12 2 9 274
8 10 3 1 126
8 10 3 7 400
8 10 3 8 90
8 12 3 1 544
8 12 3 7 282
8 12 3 8 296
8 10 4 0 692
8 10 4 6 138
8 10 4 15 402
8 12 4 0 36
8 12 4 6 392
8 12 4 15 432
8 10 5 1 288
8 10 5 7 6
8 10 5 14 96
8 12 5 1 524
8 12 5 7 1136
8 12 5 14 188
8 10 6 2 212
8 10 6 4 86
8 10 6 13 334
8 12 6 2 602
8 12 6 4 614
8 12 6 13 262
8 10 7 3 208
8 10 7 5 388
8 10 7 12 648
8 12 7 3 450
8 12 7 5 416
8 12 7 12 328
8 10 8 3 540
8 10 8 10 354
8 10 8 12 350
8 12 8 3 190
8 12 8 10 556
8 12 8 12 580
8 10 9 2 92
8 10 9 11 192
8 10 9 13 38
8 12 9 2 54
8 12 9 11 346
8 12 9 13 702
8 10 10 1 320
8 10 10 8 386
8 10 10 14 536
8 12 10 1 522
8 12 10 8 436
8 12 10 14 800
8 10 11 0 726
8 10 11 9 962
8 10 11 15 400
8 12 11 0 8
8 12 11 9 188
8 12 11 15 1156
8 10 12 7 870
8 10 12 8 720
8 10 12 14 6
8 12 12 7 328
8 12 12 8 100
8 12 12 14 1438
8 10 13 6 848
8 10 13 9 698
8 10 13 15 572
8 12 13 6 66
8 12 13 9 300
8 12 13 15 194
8 10 14 5 926
8 10 14 10 768
8 10 14 12 666
8 12 14 5 10
8 12 14 10 194
8 12 14 12 986
8 10 15 4 76
8 10 15 11 850
8 10 15 13 494
8 12 15 4 152
8 12 15 11 630
8 12 15 13 650
9 11 0 2 580
9 11 0 4 170
9 11 0 11 214
9 13 0 2 176
9 13 0 4 108
9 13 0 11 92
9 11 1 3 990
9 11 1 5 232
9 11 1 10 660
9 13 1 3 1212
9 13 1 5 464
9 13 1 10 318
9 11 2 0 166
9 11 2 6 76
9 11 2 9 598
9 13 2 0 8
9 13 2 6 514
9 13 2 9 240
9 11 3 1 456
9 11 3 7 376
9 11 3 8 324
9 13 3 1 486
9 13 3 7 486
9 13 3 8 416
9 11 4 0 866
9 11 4 6 598
9 11 4 15 502
9 13 4 0 632
9 13 4 6 780
9 13 4 15 916
9 11 5 1 408
9 11 5 7 600
9 11 5 14 622
9 13 5 1 326
9 13 5 7 66
9 13 5 14 650
9 11 6 2 548
9 11 6 4 78
9 11 6 13 698
9 13 6 2 510
9 13 6 4 176
9 13 6 13 372
9 11 7 3 302
9 11 7 5 330
9 11 7 12 30
9 13 7 3 826
9 13 7 5 274
9 13 7 12 224
9 11 8 3 292
9 11 8 10 72
9 11 8 12 766
9 13 8 3 94
9 13 8 10 54
9 13 8 12 138
9 11 9 2 608
9 11 9 11 10
9 11 9 13 524
9 13 9 2 346
9 13 9 11 618
9 13 9 13 1156
9 11 10 1 204
9 11 10 8 482
9 11 10 14 628
9 13 10 1 920
9 13 10 8 216
9 13 10 14 370
9 11 11 0 604
9 11 11 9 324
9 11 11 15 724
9 13 11 0 160
9 13 11 9 286
9 13 11 15 750
9 11 12 7 216
9 11 12 8 142
9 11 12 14 848
9 13 12 7 1008
9 13 12 8 860
9 13 12 14 608
9 11 13 6 902
9 11 13 9 700
9 11 13 15 374
9 13 13 6 558
9 13 13 9 802
9 13 13 15 298
9 11 14 5 138
9 11 14 10 54
9 11 14 12 564
9 13 14 5 564
9 13 14 10 960
9 13 14 12 630
9 11 15 4 252
9 11 15 11 136
9 11 15 13 66
9 13 15 4 390
9 13 15 11 848
9 13 15 13 218
10 14 0 2 320
10 14 0 4 730
10 14 0 11 62
10 14 1 3 280
10 14 1 5 114
10 14 1 10 108
10 14 2 0 494
10 14 2 6 272
10 14 2 9 26
10 14 3 1 10
10 14 3 7 308
10 14 3 8 412
10 14 4 0 636
10 14 4 6 66
10 14 4 15 188
10 14 5 1 1158
10 14 5 7 384
10 14 5 14 396
10 14 6 2 122
10 14 6 4 282
10 14 6 13 480
10 14 7 3 102
10 14 7 5 310
10 14 7 12 296
10 14 8 3 836
10 14 8 10 1198
10 14 8 12 716
10 14 9 2 262
10 14 9 11 696
10 14 9 13 146
10 14 10 1 136
10 14 10 8 288
10 14 10 14 4
10 14 11 0 582
10 14 11 9 672
10 14 11 15 126
10 14 12 7 1038
10 14 12 8 126
10 14 12 14 228
10 14 13 6 322
10 14 13 9 958
10 14 13 15 1220
10 14 14 5 72
10 14 14 10 792
10 14 14 12 216
10 14 15 4 204
10 14 15 11 852
10 14 15 13 200
11 15 0 2 44
11 15 0 4 466
11 15 0 11 336
11 15 1 3 722
11 15 1 5 234
11 15 1 10 10
11 15 2 0 448
11 15 2 6 388
11 15 2 9 90
11 15 3 1 862
11 15 3 7 624
11 15 3 8 24
11 15 4 0 444
11 15 4 6 74
11 15 4 15 556
11 15 5 1 388
11 15 5 7 684
11 15 5 14 40
11 15 6 2 496
11 15 6 4 182
11 15 6 13 532
11 15 7 3 130
11 15 7 5 548
11 15 7 12 178
11 15 8 3 486
11 15 8 10 446
11 15 8 12 458
11 15 9 2 1254
11 15 9 11 692
11 15 9 13 554
11 15 10 1 84
11 15 10 8 272
11 15 10 14 84
11 15 11 0 260
11 15 11 9 344
11 15 11 15 666
11 15 12 7 530
11 15 12 8 394
11 15 12 14 36
11 15 13 6 862
11 15 13 9 1058
11 15 13 15 326
11 15 14 5 644
11 15 14 10 412
11 15 14 12 116
11 15 15 4 324
11 15 15 11 294
11 15 15 13 202
12 14 0 2 530
12 14 0 4 228
12 14 0 11 450
12 14 1 3 172
12 14 1 5 138
12 14 1 10 56
12 14 2 0 536
12 14 2 6 1136
12 14 2 9 66
12 14 3 1 682
12 14 3 7 156
12 14 3 8 340
12 14 4 0 374
12 14 4 6 458
12 14 4 15 304
12 14 5 1 250
12 14 5 7 78
12 14 5 14 1050
12 14 6 2 776
12 14 6 4 284
12 14 6 13 226
12 14 7 3 320
12 14 7 5 1260
12 14 7 12 530
12 14 8 3 368
12 14 8 10 458
12 14 8 12 722
12 14 9 2 150
12 14 9 11 658
12 14 9 13 20
12 14 10 1 640
12 14 10 8 106
12 14 10 14 328
12 14 11 0 88
12 14 11 9 34
12 14 11 15 142
12 14 12 7 168
12 14 12 8 870
12 14 12 14 600
12 14 13 6 306
12 14 13 9 108
12 14 13 15 104
12 14 14 5 516
12 14 14 10 400
12 14 14 12 424
12 14 15 4 366
12 14 15 11 674
12 14 15 13 1022
13 15 0 2 520
13 15 0 4 82
13 15 0 11 324
13 15 1 3 132
13 15 1 5 746
13 15 1 10 266
13 15 2 0 156
13 15 2 6 150
13 15 2 9 470
13 15 3 1 1110
13 15 3 7 146
13 15 3 8 152
13 15 4 0 54
13 15 4 6 308
13 15 4 15 4936
13 15 5 1 198
13 15 5 7 384
13 15 5 14 102
13 15 6 2 48
13 15 6 4 40
13 15 6 13 340
13 15 7 3 488
13 15 7 5 124
13 15 7 12 56
13 15 8 3 802
13 15 8 10 564
13 15 8 12 290
13 15 9 2 214
13 15 9 11 912
13 15 9 13 328
13 15 10 1 452
13 15 10 8 82
13 15 10 14 578
13 15 11 0 156
13 15 11 9 98
13 15 11 15 90
13 15 12 7 344
13 15 12 8 588
13 15 12 14 138
13 15 13 6 806
13 15 13 9 586
13 15 13 15 388
13 15 14 5 124
13 15 14 10 412
13 15 14 12 26
13 15 15 4 5258
13 15 15 11 62
13 15 15 13 484
