# KEY left=0x24 right=0x1f
# GOOD_PAIRS_BEGIN count=2
# GOOD_PAIR 0x3c 0x7e
# GOOD_PAIR 0x3e 0x7c
# GOOD_PAIRS_END
0 2 0 2 1320
0 2 0 4 3146
0 2 0 6 4594
0 4 0 2 182
0 4 0 4 866
0 4 0 6 1348
0 8 0 2 1760
0 8 0 4 4510
0 8 0 6 4304
0 2 1 3 1586
0 2 1 5 830
0 2 1 7 756
0 4 1 3 2498
0 4 1 5 1644
0 4 1 7 750
0 8 1 3 562
0 8 1 5 720
0 8 1 7 2118
0 2 2 0 40
0 2 2 4 2586
0 2 2 6 1330
0 4 2 0 84
0 4 2 4 4692
0 4 2 6 1896
0 8 2 0 1586
0 8 2 4 2112
0 8 2 6 868
0 2 3 1 652
0 2 3 5 6244
0 2 3 7 2642
0 4 3 1 5980
0 4 3 5 286
0 4 3 7 4870
0 8 3 1 3024
0 8 3 5 3960
0 8 3 7 374
0 2 4 0 3610
0 2 4 2 3168
0 2 4 6 198
0 4 4 0 6720
0 4 4 2 188
0 4 4 6 3298
0 8 4 0 4464
0 8 4 2 2624
0 8 4 6 760
0 2 5 1 4592
0 2 5 3 1900
0 2 5 7 1700
0 4 5 1 216
0 4 5 3 1636
0 4 5 7 594
0 8 5 1 662
0 8 5 3 2058
0 8 5 7 3262
0 2 6 0 906
0 2 6 2 1746
0 2 6 4 902
0 4 6 0 1490
0 4 6 2 2146
0 4 6 4 604
0 8 6 0 534
0 8 6 2 3458
0 8 6 4 1094
0 2 7 1 1868
0 2 7 3 894
0 2 7 5 2450
0 4 7 1 1904
0 4 7 3 422
0 4 7 5 674
0 8 7 1 3064
0 8 7 3 3010
0 8 7 5 2432
0 2 8 10 4956
0 2 8 12 1716
0 2 8 14 1348
0 4 8 10 4850
0 4 8 12 118
0 4 8 14 3224
0 8 8 10 1338
0 8 8 12 786
0 8 8 14 3060
0 2 9 11 1660
0 2 9 13 4300
0 2 9 15 776
0 4 9 11 828
0 4 9 13 420
0 4 9 15 1270
0 8 9 11 3690
0 8 9 13 1236
0 8 9 15 1466
0 2 10 8 876
0 2 10 12 1984
0 2 10 14 5470
0 4 10 8 158
0 4 10 12 530
0 4 10 14 3270
0 8 10 8 3298
0 8 10 12 324
0 8 10 14 682
0 2 11 9 4618
0 2 11 13 4060
0 2 11 15 3016
0 4 11 9 332
0 4 11 13 1598
0 4 11 15 5234
0 8 11 9 702
0 8 11 13 4184
0 8 11 15 4554
0 2 12 8 1934
0 2 12 10 5436
0 2 12 14 702
0 4 12 8 1886
0 4 12 10 360
0 4 12 14 2700
0 8 12 8 1940
0 8 12 10 4742
0 8 12 14 1074
0 2 13 9 918
0 2 13 11 1108
0 2 13 15 426
0 4 13 9 4800
0 4 13 11 2212
0 4 13 15 950
0 8 13 9 6968
0 8 13 11 2678
0 8 13 15 4092
0 2 14 8 2860
0 2 14 10 562
0 2 14 12 604
0 4 14 8 2552
0 4 14 10 2702
0 4 14 12 1656
0 8 14 8 1060
0 8 14 10 578
0 8 14 12 2130
0 2 15 9 3260
0 2 15 11 988
0 2 15 13 1670
0 4 15 9 3086
0 4 15 11 2836
0 4 15 13 1660
0 8 15 9 1452
0 8 15 11 178
0 8 15 13 1086
1 3 0 2 5312
1 3 0 4 716
1 3 0 6 2460
1 5 0 2 3554
1 5 0 4 4200
1 5 0 6 5210
1 9 0 2 124
1 9 0 4 2994
1 9 0 6 1086
1 3 1 3 4830
1 3 1 5 1420
1 3 1 7 898
1 5 1 3 2290
1 5 1 5 1122
1 5 1 7 1744
1 9 1 3 1012
1 9 1 5 2226
1 9 1 7 74
1 3 2 0 474
1 3 2 4 2144
1 3 2 6 1504
1 5 2 0 1926
1 5 2 4 452
1 5 2 6 2664
1 9 2 0 1194
1 9 2 4 2664
1 9 2 6 620
1 3 3 1 1718
1 3 3 5 586
1 3 3 7 4930
1 5 3 1 74
1 5 3 5 4066
1 5 3 7 3800
1 9 3 1 4812
1 9 3 5 3648
1 9 3 7 2252
1 3 4 0 8
1 3 4 2 5056
1 3 4 6 5080
1 5 4 0 612
1 5 4 2 796
1 5 4 6 160
1 9 4 0 170
1 9 4 2 1252
1 9 4 6 468
1 3 5 1 2948
1 3 5 3 1290
1 3 5 7 4174
1 5 5 1 1808
1 5 5 3 4112
1 5 5 7 2702
1 9 5 1 4658
1 9 5 3 2890
1 9 5 7 5026
1 3 6 0 422
1 3 6 2 3472
1 3 6 4 3914
1 5 6 0 4704
1 5 6 2 2886
1 5 6 4 2828
1 9 6 0 3472
1 9 6 2 816
1 9 6 4 2758
1 3 7 1 738
1 3 7 3 998
1 3 7 5 976
1 5 7 1 2588
1 5 7 3 4780
1 5 7 5 2288
1 9 7 1 2962
1 9 7 3 4666
1 9 7 5 4126
1 3 8 10 172
1 3 8 12 682
1 3 8 14 174
1 5 8 10 3224
1 5 8 12 1188
1 5 8 14 2416
1 9 8 10 2422
1 9 8 12 2066
1 9 8 14 7702
1 3 9 11 4790
1 3 9 13 2466
1 3 9 15 2666
1 5 9 11 2574
1 5 9 13 3014
1 5 9 15 594
1 9 9 11 48
1 9 9 13 1320
1 9 9 15 116
1 3 10 8 1352
1 3 10 12 1458
1 3 10 14 1480
1 5 10 8 3270
1 5 10 12 518
1 5 10 14 1166
1 9 10 8 1240
1 9 10 12 1560
1 9 10 14 7524
1 3 11 9 1164
1 3 11 13 6074
1 3 11 15 616
1 5 11 9 2108
1 5 11 13 446
1 5 11 15 926
1 9 11 9 1388
1 9 11 13 3192
1 9 11 15 1460
1 3 12 8 876
1 3 12 10 920
1 3 12 14 6710
1 5 12 8 914
1 5 12 10 1046
1 5 12 14 5180
1 9 12 8 992
1 9 12 10 74
1 9 12 14 4036
1 3 13 9 1398
1 3 13 11 4028
1 3 13 15 938
1 5 13 9 2464
1 5 13 11 5012
1 5 13 15 1648
1 9 13 9 1706
1 9 13 11 514
1 9 13 15 390
1 3 14 8 54
1 3 14 10 2784
1 3 14 12 500
1 5 14 8 1848
1 5 14 10 4266
1 5 14 12 666
1 9 14 8 62
1 9 14 10 3102
1 9 14 12 3072
1 3 15 9 4912
1 3 15 11 2864
1 3 15 13 2978
1 5 15 9 1962
1 5 15 11 1582
1 5 15 13 6398
1 9 15 9 5588
1 9 15 11 62
1 9 15 13 1494
2 6 0 2 566
2 6 0 4 1230
2 6 0 6 2538
2 10 0 2 3814
2 10 0 4 2
2 10 0 6 3994
2 6 1 3 2536
2 6 1 5 1570
2 6 1 7 990
2 10 1 3 2034
2 10 1 5 1488
2 10 1 7 6222
2 6 2 0 4580
2 6 2 4 3994
2 6 2 6 1080
2 10 2 0 3796
2 10 2 4 1708
2 10 2 6 50
2 6 3 1 892
2 6 3 5 1230
2 6 3 7 3576
2 10 3 1 564
2 10 3 5 1360
2 10 3 7 2978
2 6 4 0 166
2 6 4 2 2024
2 6 4 6 5114
2 10 4 0 1368
2 10 4 2 4294
2 10 4 6 4258
2 6 5 1 4612
2 6 5 3 444
2 6 5 7 574
2 10 5 1 2310
2 10 5 3 2600
2 10 5 7 4444
2 6 6 0 1948
2 6 6 2 5002
2 6 6 4 960
2 10 6 0 298
2 10 6 2 530
2 10 6 4 4820
2 6 7 1 3864
2 6 7 3 1278
2 6 7 5 3326
2 10 7 1 1044
2 10 7 3 1104
2 10 7 5 944
2 6 8 10 2032
2 6 8 12 3194
2 6 8 14 2020
2 10 8 10 5332
2 10 8 12 810
2 10 8 14 1252
2 6 9 11 70
2 6 9 13 4540
2 6 9 15 64
2 10 9 11 3154
2 10 9 13 4912
2 10 9 15 7290
2 6 10 8 4060
2 6 10 12 1910
2 6 10 14 6250
2 10 10 8 70
2 10 10 12 2306
2 10 10 14 616
2 6 11 9 2478
2 6 11 13 556
2 6 11 15 58
2 10 11 9 3106
2 10 11 13 728
2 10 11 15 208
2 6 12 8 18
2 6 12 10 116
2 6 12 14 1772
2 10 12 8 3164
2 10 12 10 2566
2 10 12 14 1394
2 6 13 9 2128
2 6 13 11 2378
2 6 13 15 26
2 10 13 9 2568
2 10 13 11 50
2 10 13 15 3834
2 6 14 8 4118
2 6 14 10 6078
2 6 14 12 630
2 10 14 8 4536
2 10 14 10 3694
2 10 14 12 2124
2 6 15 9 460
2 6 15 11 1918
2 6 15 13 258
2 10 15 9 5916
2 10 15 11 1886
2 10 15 13 5072
3 7 0 2 2826
3 7 0 4 4314
3 7 0 6 1200
3 11 0 2 248
3 11 0 4 2968
3 11 0 6 778
3 7 1 3 1256
3 7 1 5 6364
3 7 1 7 148
3 11 1 3 2022
3 11 1 5 560
3 11 1 7 3158
3 7 2 0 2814
3 7 2 4 158
3 7 2 6 310
3 11 2 0 1036
3 11 2 4 1308
3 11 2 6 4426
3 7 3 1 2778
3 7 3 5 1878
3 7 3 7 1752
3 11 3 1 1590
3 11 3 5 4460
3 11 3 7 1196
3 7 4 0 1538
3 7 4 2 3718
3 7 4 6 2436
3 11 4 0 2644
3 11 4 2 4894
3 11 4 6 6066
3 7 5 1 1878
3 7 5 3 1002
3 7 5 7 2198
3 11 5 1 2862
3 11 5 3 1066
3 11 5 7 3576
3 7 6 0 1018
3 7 6 2 1606
3 7 6 4 2050
3 11 6 0 2448
3 11 6 2 232
3 11 6 4 4156
3 7 7 1 1706
3 7 7 3 2812
3 7 7 5 3702
3 11 7 1 1434
3 11 7 3 3112
3 11 7 5 3464
3 7 8 10 466
3 7 8 12 2104
3 7 8 14 2378
3 11 8 10 2682
3 11 8 12 1992
3 11 8 14 1686
3 7 9 11 4166
3 7 9 13 1752
3 7 9 15 3518
3 11 9 11 4434
3 11 9 13 1282
3 11 9 15 536
3 7 10 8 1982
3 7 10 12 4026
3 7 10 14 6482
3 11 10 8 2772
3 11 10 12 8156
3 11 10 14 810
3 7 11 9 6572
3 7 11 13 2044
3 7 11 15 12
3 11 11 9 1572
3 11 11 13 1940
3 11 11 15 574
3 7 12 8 2306
3 7 12 10 6934
3 7 12 14 4480
3 11 12 8 2544
3 11 12 10 4634
3 11 12 14 3256
3 7 13 9 270
3 7 13 11 1304
3 7 13 15 3446
3 11 13 9 2410
3 11 13 11 56
3 11 13 15 1386
3 7 14 8 196
3 7 14 10 2824
3 7 14 12 8130
3 11 14 8 820
3 11 14 10 3004
3 11 14 12 774
3 7 15 9 1938
3 7 15 11 4600
3 7 15 13 1192
3 11 15 9 214
3 11 15 11 4990
3 11 15 13 502
4 6 0 2 2646
4 6 0 4 1118
4 6 0 6 1292
4 12 0 2 2772
4 12 0 4 2820
4 12 0 6 1786
4 6 1 3 504
4 6 1 5 472
4 6 1 7 5060
4 12 1 3 2522
4 12 1 5 654
4 12 1 7 3832
4 6 2 0 2996
4 6 2 4 60
4 6 2 6 2764
4 12 2 0 3698
4 12 2 4 4000
4 12 2 6 438
4 6 3 1 666
4 6 3 5 1978
4 6 3 7 392
4 12 3 1 1592
4 12 3 5 2700
4 12 3 7 1924
4 6 4 0 1332
4 6 4 2 5096
4 6 4 6 1096
4 12 4 0 1254
4 12 4 2 48
4 12 4 6 3552
4 6 5 1 4680
4 6 5 3 2344
4 6 5 7 14
4 12 5 1 2626
4 12 5 3 2360
4 12 5 7 2710
4 6 6 0 1428
4 6 6 2 2314
4 6 6 4 5028
4 12 6 0 362
4 12 6 2 7090
4 12 6 4 528
4 6 7 1 392
4 6 7 3 318
4 6 7 5 2978
4 12 7 1 4684
4 12 7 3 1190
4 12 7 5 1140
4 6 8 10 888
4 6 8 12 272
4 6 8 14 2030
4 12 8 10 2664
4 12 8 12 2248
4 12 8 14 2184
4 6 9 11 4940
4 6 9 13 8
4 6 9 15 4548
4 12 9 11 4354
4 12 9 13 2084
4 12 9 15 3830
4 6 10 8 2340
4 6 10 12 1100
4 6 10 14 3762
4 12 10 8 1362
4 12 10 12 3286
4 12 10 14 992
4 6 11 9 3540
4 6 11 13 1232
4 6 11 15 2930
4 12 11 9 5636
4 12 11 13 3476
4 12 11 15 1100
4 6 12 8 498
4 6 12 10 748
4 6 12 14 3258
4 12 12 8 7456
4 12 12 10 124
4 12 12 14 3426
4 6 13 9 4420
4 6 13 11 452
4 6 13 15 3380
4 12 13 9 792
4 12 13 11 230
4 12 13 15 1922
4 6 14 8 3296
4 6 14 10 2382
4 6 14 12 2866
4 12 14 8 3280
4 12 14 10 520
4 12 14 12 204
4 6 15 9 5174
4 6 15 11 2810
4 6 15 13 2476
4 12 15 9 2258
4 12 15 11 3686
4 12 15 13 2890
5 7 0 2 4174
5 7 0 4 6396
5 7 0 6 3006
5 13 0 2 618
5 13 0 4 6762
5 13 0 6 6302
5 7 1 3 904
5 7 1 5 2112
5 7 1 7 2100
5 13 1 3 3404
5 13 1 5 3522
5 13 1 7 5106
5 7 2 0 1496
5 7 2 4 1564
5 7 2 6 880
5 13 2 0 106
5 13 2 4 1178
5 13 2 6 148
5 7 3 1 1866
5 7 3 5 890
5 7 3 7 7034
5 13 3 1 5012
5 13 3 5 5498
5 13 3 7 2612
5 7 4 0 7694
5 7 4 2 4930
5 7 4 6 3564
5 13 4 0 1600
5 13 4 2 2468
5 13 4 6 252
5 7 5 1 1978
5 7 5 3 4644
5 7 5 7 2894
5 13 5 1 832
5 13 5 3 2656
5 13 5 7 230
5 7 6 0 616
5 7 6 2 2512
5 7 6 4 2230
5 13 6 0 2116
5 13 6 2 2638
5 13 6 4 2562
5 7 7 1 3676
5 7 7 3 6432
5 7 7 5 3442
5 13 7 1 4762
5 13 7 3 3926
5 13 7 5 2456
5 7 8 10 4258
5 7 8 12 432
5 7 8 14 2588
5 13 8 10 202
5 13 8 12 4268
5 13 8 14 1376
5 7 9 11 3108
5 7 9 13 3882
5 7 9 15 582
5 13 9 11 72
5 13 9 13 768
5 13 9 15 4260
5 7 10 8 602
5 7 10 12 256
5 7 10 14 2932
5 13 10 8 1792
5 13 10 12 100
5 13 10 14 3042
5 7 11 9 848
5 7 11 13 2280
5 7 11 15 1654
5 13 11 9 140
5 13 11 13 1852
5 13 11 15 4052
5 7 12 8 928
5 7 12 10 1804
5 7 12 14 2760
5 13 12 8 574
5 13 12 10 2154
5 13 12 14 1278
5 7 13 9 564
5 7 13 11 412
5 7 13 15 78
5 13 13 9 120
5 13 13 11 3342
5 13 13 15 36
5 7 14 8 3760
5 7 14 10 1682
5 7 14 12 1846
5 13 14 8 2072
5 13 14 10 3964
5 13 14 12 456
5 7 15 9 3044
5 7 15 11 3462
5 7 15 13 188
5 13 15 9 5684
5 13 15 11 2902
5 13 15 13 3118
6 14 0 2 3274
6 14 0 4 3414
6 14 0 6 1850
6 14 1 3 3028
6 14 1 5 3832
6 14 1 7 60
6 14 2 0 324
6 14 2 4 1820
6 14 2 6 3044
6 14 3 1 1640
6 14 3 5 2810
6 14 3 7 1848
6 14 4 0 1098
6 14 4 2 672
6 14 4 6 1444
6 14 5 1 860
6 14 5 3 3134
6 14 5 7 4530
6 14 6 0 1110
6 14 6 2 778
6 14 6 4 3860
6 14 7 1 466
6 14 7 3 198
6 14 7 5 1386
6 14 8 10 1204
6 14 8 12 230
6 14 8 14 1090
6 14 9 11 3910
6 14 9 13 1990
6 14 9 15 224
6 14 10 8 2344
6 14 10 12 322
6 14 10 14 2410
6 14 11 9 862
6 14 11 13 1534
6 14 11 15 1196
6 14 12 8 5974
6 14 12 10 1844
6 14 12 14 5764
6 14 13 9 1536
6 14 13 11 3254
6 14 13 15 190
6 14 14 8 1024
6 14 14 10 3996
6 14 14 12 1648
6 14 15 9 62
6 14 15 11 1082
6 14 15 13 1276
7 15 0 2 82
7 15 0 4 1462
7 15 0 6 5342
7 15 1 3 600
7 15 1 5 3966
7 15 1 7 1912
7 15 2 0 2130
7 15 2 4 162
7 15 2 6 6522
7 15 3 1 3104
7 15 3 5 2788
7 15 3 7 4584
7 15 4 0 78
7 15 4 2 504
7 15 4 6 4236
7 15 5 1 1232
7 15 5 3 916
7 15 5 7 2346
7 15 6 0 7196
7 15 6 2 2476
7 15 6 4 662
7 15 7 1 3554
7 15 7 3 3244
7 15 7 5 4642
7 15 8 10 2240
7 15 8 12 5510
7 15 8 14 2010
7 15 9 11 676
7 15 9 13 3296
7 15 9 15 2002
7 15 10 8 2222
7 15 10 12 3024
7 15 10 14 2568
7 15 11 9 3208
7 15 11 13 3576
7 15 11 15 528
7 15 12 8 1040
7 15 12 10 864
7 15 12 14 2406
7 15 13 9 2712
7 15 13 11 4276
7 15 13 15 956
7 15 14 8 240
7 15 14 10 102
7 15 14 12 7022
7 15 15 9 1328
7 15 15 11 1946
7 15 15 13 2916
8 10 0 2 1404
8 10 0 4 3880
8 10 0 6 2610
8 12 0 2 694
8 12 0 4 1054
8 12 0 6 3660
8 10 1 3 4284
8 10 1 5 1416
8 10 1 7 2316
8 12 1 3 1180
8 12 1 5 2454
8 12 1 7 2684
8 10 2 0 3606
8 10 2 4 2894
8 10 2 6 8168
8 12 2 0 4074
8 12 2 4 1418
8 12 2 6 1642
8 10 3 1 2668
8 10 3 5 2928
8 10 3 7 354
8 12 3 1 1232
8 12 3 5 3568
8 12 3 7 438
8 10 4 0 1766
8 10 4 2 1304
8 10 4 6 3284
8 12 4 0 1898
8 12 4 2 88
8 12 4 6 3674
8 10 5 1 4428
8 10 5 3 4792
8 10 5 7 296
8 12 5 1 410
8 12 5 3 412
8 12 5 7 2322
8 10 6 0 1664
8 10 6 2 412
8 10 6 4 1314
8 12 6 0 2448
8 12 6 2 616
8 12 6 4 2040
8 10 7 1 30
8 10 7 3 308
8 10 7 5 2274
8 12 7 1 1792
8 12 7 3 4360
8 12 7 5 2786
8 10 8 10 2908
8 10 8 12 1470
8 10 8 14 2532
8 12 8 10 3524
8 12 8 12 2524
8 12 8 14 1538
8 10 9 11 380
8 10 9 13 3806
8 10 9 15 848
8 12 9 11 5152
8 12 9 13 5180
8 12 9 15 6568
8 10 10 8 1430
8 10 10 12 252
8 10 10 14 1758
8 12 10 8 1500
8 12 10 12 1514
8 12 10 14 2316
8 10 11 9 2050
8 10 11 13 2508
8 10 11 15 2468
8 12 11 9 1528
8 12 11 13 5198
8 12 11 15 3264
8 10 12 8 2916
8 10 12 10 1318
8 10 12 14 628
8 12 12 8 3392
8 12 12 10 4030
8 12 12 14 1726
8 10 13 9 332
8 10 13 11 2722
8 10 13 15 886
8 12 13 9 1720
8 12 13 11 1240
8 12 13 15 6038
8 10 14 8 336
8 10 14 10 4548
8 10 14 12 3010
8 12 14 8 5972
8 12 14 10 4354
8 12 14 12 3216
8 10 15 9 2656
8 10 15 11 1342
8 10 15 13 1446
8 12 15 9 1224
8 12 15 11 5236
8 12 15 13 122
9 11 0 2 812
9 11 0 4 3350
9 11 0 6 3032
9 13 0 2 1904
9 13 0 4 2228
9 13 0 6 542
9 11 1 3 1662
9 11 1 5 1484
9 11 1 7 4118
9 13 1 3 3538
9 13 1 5 1770
9 13 1 7 6042
9 11 2 0 2010
9 11 2 4 6392
9 11 2 6 4492
9 13 2 0 904
9 13 2 4 3434
9 13 2 6 1424
9 11 3 1 1796
9 11 3 5 1740
9 11 3 7 1334
9 13 3 1 394
9 13 3 5 188
9 13 3 7 3366
9 11 4 0 4882
9 11 4 2 1322
9 11 4 6 1232
9 13 4 0 1700
9 13 4 2 528
9 13 4 6 1044
9 11 5 1 5654
9 11 5 3 3524
9 11 5 7 1030
9 13 5 1 4132
9 13 5 3 4002
9 13 5 7 484
9 11 6 0 884
9 11 6 2 2534
9 11 6 4 4336
9 13 6 0 2712
9 13 6 2 6818
9 13 6 4 2564
9 11 7 1 3122
9 11 7 3 2034
9 11 7 5 152
9 13 7 1 4916
9 13 7 3 486
9 13 7 5 1160
9 11 8 10 684
9 11 8 12 1340
9 11 8 14 862
9 13 8 10 1056
9 13 8 12 1026
9 13 8 14 3992
9 11 9 11 3312
9 11 9 13 4774
9 11 9 15 392
9 13 9 11 1592
9 13 9 13 6744
9 13 9 15 692
9 11 10 8 2682
9 11 10 12 640
9 11 10 14 3676
9 13 10 8 2014
9 13 10 12 3444
9 13 10 14 366
9 11 11 9 878
9 11 11 13 3364
9 11 11 15 1930
9 13 11 9 172
9 13 11 13 516
9 13 11 15 5490
9 11 12 8 2586
9 11 12 10 1454
9 11 12 14 2074
9 13 12 8 3282
9 13 12 10 580
9 13 12 14 932
9 11 13 9 2578
9 11 13 11 2044
9 11 13 15 164
9 13 13 9 966
9 13 13 11 456
9 13 13 15 5160
9 11 14 8 204
9 11 14 10 2800
9 11 14 12 18
9 13 14 8 944
9 13 14 10 7468
9 13 14 12 3038
9 11 15 9 146
9 11 15 11 5098
9 11 15 13 680
9 13 15 9 1836
9 13 15 11 1130
9 13 15 13 936
10 14 0 2 1040
10 14 0 4 50
10 14 0 6 2736
10 14 1 3 6086
10 14 1 5 10
10 14 1 7 2344
10 14 2 0 3454
10 14 2 4 1244
10 14 2 6 2654
10 14 3 1 1450
10 14 3 5 604
10 14 3 7 894
10 14 4 0 1142
10 14 4 2 306
10 14 4 6 214
10 14 5 1 604
10 14 5 3 312
10 14 5 7 1728
10 14 6 0 3506
10 14 6 2 2760
10 14 6 4 1966
10 14 7 1 6062
10 14 7 3 1928
10 14 7 5 450
10 14 8 10 2232
10 14 8 12 1494
10 14 8 14 6142
10 14 9 11 2138
10 14 9 13 8136
10 14 9 15 330
10 14 10 8 4582
10 14 10 12 3390
10 14 10 14 2096
10 14 11 9 3046
10 14 11 13 2656
10 14 11 15 2432
10 14 12 8 306
10 14 12 10 2136
10 14 12 14 674
10 14 13 9 2654
10 14 13 11 2878
10 14 13 15 188
10 14 14 8 2644
10 14 14 10 656
10 14 14 12 2946
10 14 15 9 3676
10 14 15 11 3140
10 14 15 13 1020
11 15 0 2 1000
11 15 0 4 260
11 15 0 6 1002
11 15 1 3 1426
11 15 1 5 2462
11 15 1 7 6470
11 15 2 0 438
11 15 2 4 3372
11 15 2 6 4056
11 15 3 1 1318
11 15 3 5 1414
11 15 3 7 4200
11 15 4 0 1860
11 15 4 2 2168
11 15 4 6 3698
11 15 5 1 1768
11 15 5 3 580
11 15 5 7 4396
11 15 6 0 2962
11 15 6 2 2562
11 15 6 4 470
11 15 7 1 1278
11 15 7 3 1624
11 15 7 5 5578
11 15 8 10 280
11 15 8 12 1570
11 15 8 14 728
11 15 9 11 414
11 15 9 13 4170
11 15 9 15 428
11 15 10 8 1568
11 15 10 12 292
11 15 10 14 6154
11 15 11 9 2628
11 15 11 13 3398
11 15 11 15 1908
11 15 12 8 5464
11 15 12 10 496
11 15 12 14 520
11 15 13 9 2876
11 15 13 11 3078
11 15 13 15 2250
11 15 14 8 4290
11 15 14 10 1488
11 15 14 12 3590
11 15 15 9 830
11 15 15 11 1390
11 15 15 13 1772
12 14 0 2 1270
12 14 0 4 1850
12 14 0 6 910
12 14 1 3 2026
12 14 1 5 750
12 14 1 7 2110
12 14 2 0 1498
12 14 2 4 2490
12 14 2 6 3852
12 14 3 1 4432
12 14 3 5 3594
12 14 3 7 4384
12 14 4 0 788
12 14 4 2 1452
12 14 4 6 784
12 14 5 1 1192
12 14 5 3 1196
12 14 5 7 888
12 14 6 0 968
12 14 6 2 156
12 14 6 4 6024
12 14 7 1 1122
12 14 7 3 1550
12 14 7 5 484
12 14 8 10 6106
12 14 8 12 3422
12 14 8 14 4306
12 14 9 11 2050
12 14 9 13 1810
12 14 9 15 1878
12 14 10 8 1568
12 14 10 12 4154
12 14 10 14 2168
12 14 11 9 1832
12 14 11 13 3838
12 14 11 15 1912
12 14 12 8 998
12 14 12 10 1590
12 14 12 14 3038
12 14 13 9 3130
12 14 13 11 318
12 14 13 15 1584
12 14 14 8 5128
12 14 14 10 3150
12 14 14 12 5454
12 14 15 9 1046
12 14 15 11 2746
12 14 15 13 2358
13 15 0 2 4626
13 15 0 4 762
13 15 0 6 2030
13 15 1 3 942
13 15 1 5 2600
13 15 1 7 978
13 15 2 0 4026
13 15 2 4 1752
13 15 2 6 2558
13 15 3 1 792
13 15 3 5 864
13 15 3 7 2336
13 15 4 0 2024
13 15 4 2 666
13 15 4 6 4420
13 15 5 1 1584
13 15 5 3 916
13 15 5 7 320
13 15 6 0 3386
13 15 6 2 3904
13 15 6 4 1966
13 15 7 1 318
13 15 7 3 1508
13 15 7 5 4252
13 15 8 10 2406
13 15 8 12 1004
13 15 8 14 2126
13 15 9 11 1910
13 15 9 13 1594
13 15 9 15 2616
13 15 10 8 4800
13 15 10 12 306
13 15 10 14 4352
13 15 11 9 912
13 15 11 13 5142
13 15 11 15 990
13 15 12 8 3276
13 15 12 10 4854
13 15 12 14 756
13 15 13 9 2072
13 15 13 11 540
13 15 13 15 860
13 15 14 8 2620
13 15 14 10 914
13 15 14 12 4858
13 15 15 9 1310
13 15 15 11 754
13 15 15 13 3320
