# KEY left=0xf5 right=0xae
# GOOD_PAIRS_BEGIN count=4
# GOOD_PAIR 0x1d 0x3f
# GOOD_PAIR 0x1f 0x3d
# GOOD_PAIR 0x7d 0xff
# GOOD_PAIR 0x7f 0xfd
# GOOD_PAIRS_END
0 2 0 2 2788
0 2 0 4 4126
0 2 0 6 5474
0 4 0 2 60
0 4 0 4 180
0 4 0 6 346
0 8 0 2 3036
0 8 0 4 720
0 8 0 6 1818
0 2 1 3 658
0 2 1 5 1884
0 2 1 7 3208
0 4 1 3 1396
0 4 1 5 4768
0 4 1 7 468
0 8 1 3 2826
0 8 1 5 3948
0 8 1 7 1504
0 2 2 0 2402
0 2 2 4 2400
0 2 2 6 4068
0 4 2 0 1984
0 4 2 4 1864
0 4 2 6 1928
0 8 2 0 4070
0 8 2 4 1196
0 8 2 6 1252
0 2 3 1 2466
0 2 3 5 3780
0 2 3 7 1326
0 4 3 1 1058
0 4 3 5 3892
0 4 3 7 7748
0 8 3 1 714
0 8 3 5 64
0 8 3 7 2952
0 2 4 0 4456
0 2 4 2 1002
0 2 4 6 172
0 4 4 0 3346
0 4 4 2 2874
0 4 4 6 3100
0 8 4 0 2444
0 8 4 2 870
0 8 4 6 2218
0 2 5 1 2976
0 2 5 3 2204
0 2 5 7 1762
0 4 5 1 3338
0 4 5 3 3260
0 4 5 7 132
0 8 5 1 4090
0 8 5 3 2982
0 8 5 7 1980
0 2 6 0 2728
0 2 6 2 2106
0 2 6 4 562
0 4 6 0 824
0 4 6 2 2544
0 4 6 4 1386
0 8 6 0 256
0 8 6 2 5532
0 8 6 4 372
0 2 7 1 4620
0 2 7 3 1678
0 2 7 5 3456
0 4 7 1 136
0 4 7 3 3572
0 4 7 5 382
0 8 7 1 506
0 8 7 3 1108
0 8 7 5 2230
0 2 8 10 2094
0 2 8 12 120
0 2 8 14 178
0 4 8 10 3974
0 4 8 12 2714
0 4 8 14 4684
0 8 8 10 1320
0 8 8 12 746
0 8 8 14 7764
0 2 9 11 2688
0 2 9 13 2642
0 2 9 15 5014
0 4 9 11 3208
0 4 9 13 3172
0 4 9 15 1230
0 8 9 11 9690
0 8 9 13 4378
0 8 9 15 608
0 2 10 8 644
0 2 10 12 2050
0 2 10 14 1804
0 4 10 8 3206
0 4 10 12 4052
0 4 10 14 344
0 8 10 8 6456
0 8 10 12 3028
0 8 10 14 52
0 2 11 9 3302
0 2 11 13 1474
0 2 11 15 136
0 4 11 9 1576
0 4 11 13 362
0 4 11 15 7380
0 8 11 9 3652
0 8 11 13 872
0 8 11 15 3002
0 2 12 8 1728
0 2 12 10 3712
0 2 12 14 2526
0 4 12 8 990
0 4 12 10 3056
0 4 12 14 616
0 8 12 8 5250
0 8 12 10 1274
0 8 12 14 1604
0 2 13 9 1056
0 2 13 11 3710
0 2 13 15 2812
0 4 13 9 5190
0 4 13 11 1890
0 4 13 15 2466
0 8 13 9 694
0 8 13 11 1268
0 8 13 15 3548
0 2 14 8 2480
0 2 14 10 34
0 2 14 12 4292
0 4 14 8 3166
0 4 14 10 298
0 4 14 12 858
0 8 14 8 1286
0 8 14 10 726
0 8 14 12 4616
0 2 15 9 2264
0 2 15 11 3806
0 2 15 13 5462
0 4 15 9 2486
0 4 15 11 398
0 4 15 13 496
0 8 15 9 2588
0 8 15 11 72
0 8 15 13 814
1 3 0 2 54
1 3 0 4 1818
1 3 0 6 930
1 5 0 2 394
1 5 0 4 802
1 5 0 6 3764
1 9 0 2 2172
1 9 0 4 1124
1 9 0 6 1480
1 3 1 3 3990
1 3 1 5 626
1 3 1 7 538
1 5 1 3 3180
1 5 1 5 152
1 5 1 7 1318
1 9 1 3 236
1 9 1 5 2710
1 9 1 7 412
1 3 2 0 52
1 3 2 4 1982
1 3 2 6 1490
1 5 2 0 176
1 5 2 4 1826
1 5 2 6 552
1 9 2 0 2944
1 9 2 4 2042
1 9 2 6 1298
1 3 3 1 134
1 3 3 5 5078
1 3 3 7 1164
1 5 3 1 5596
1 5 3 5 2768
1 5 3 7 2658
1 9 3 1 3106
1 9 3 5 3704
1 9 3 7 2338
1 3 4 0 1426
1 3 4 2 876
1 3 4 6 1364
1 5 4 0 3142
1 5 4 2 1026
1 5 4 6 1070
1 9 4 0 1894
1 9 4 2 1180
1 9 4 6 4124
1 3 5 1 1944
1 3 5 3 2926
1 3 5 7 24
1 5 5 1 1866
1 5 5 3 2806
1 5 5 7 3164
1 9 5 1 2258
1 9 5 3 1336
1 9 5 7 2218
1 3 6 0 2742
1 3 6 2 524
1 3 6 4 406
1 5 6 0 346
1 5 6 2 774
1 5 6 4 756
1 9 6 0 740
1 9 6 2 928
1 9 6 4 288
1 3 7 1 3988
1 3 7 3 2678
1 3 7 5 2750
1 5 7 1 144
1 5 7 3 1562
1 5 7 5 2290
1 9 7 1 1920
1 9 7 3 220
1 9 7 5 2902
1 3 8 10 5796
1 3 8 12 1514
1 3 8 14 4868
1 5 8 10 846
1 5 8 12 1618
1 5 8 14 780
1 9 8 10 2014
1 9 8 12 1078
1 9 8 14 870
1 3 9 11 1996
1 3 9 13 1236
1 3 9 15 1842
1 5 9 11 2346
1 5 9 13 1126
1 5 9 15 270
1 9 9 11 2440
1 9 9 13 5564
1 9 9 15 668
1 3 10 8 18
1 3 10 12 284
1 3 10 14 2112
1 5 10 8 430
1 5 10 12 1356
1 5 10 14 572
1 9 10 8 1294
1 9 10 12 1210
1 9 10 14 5958
1 3 11 9 1110
1 3 11 13 2548
1 3 11 15 2704
1 5 11 9 1692
1 5 11 13 6504
1 5 11 15 3530
1 9 11 9 1956
1 9 11 13 3620
1 9 11 15 2094
1 3 12 8 1802
1 3 12 10 3814
1 3 12 14 5920
1 5 12 8 2990
1 5 12 10 4178
1 5 12 14 446
1 9 12 8 6108
1 9 12 10 2944
1 9 12 14 1394
1 3 13 9 3914
1 3 13 11 2392
1 3 13 15 6518
1 5 13 9 152
1 5 13 11 1714
1 5 13 15 416
1 9 13 9 808
1 9 13 11 1658
1 9 13 15 1178
1 3 14 8 66
1 3 14 10 2548
1 3 14 12 968
1 5 14 8 3784
1 5 14 10 4324
1 5 14 12 486
1 9 14 8 2472
1 9 14 10 1048
1 9 14 12 2508
1 3 15 9 70
1 3 15 11 2134
1 3 15 13 3612
1 5 15 9 3030
1 5 15 11 1468
1 5 15 13 82
1 9 15 9 1352
1 9 15 11 484
1 9 15 13 82
2 6 0 2 3332
2 6 0 4 432
2 6 0 6 2400
2 10 0 2 2730
2 10 0 4 2722
2 10 0 6 618
2 6 1 3 866
2 6 1 5 34
2 6 1 7 2454
2 10 1 3 5608
2 10 1 5 288
2 10 1 7 3514
2 6 2 0 2702
2 6 2 4 196
2 6 2 6 3778
2 10 2 0 4502
2 10 2 4 1378
2 10 2 6 250
2 6 3 1 622
2 6 3 5 2932
2 6 3 7 2044
2 10 3 1 1910
2 10 3 5 458
2 10 3 7 990
2 6 4 0 676
2 6 4 2 2238
2 6 4 6 4160
2 10 4 0 3730
2 10 4 2 5140
2 10 4 6 2616
2 6 5 1 2720
2 6 5 3 4146
2 6 5 7 1438
2 10 5 1 1270
2 10 5 3 140
2 10 5 7 3978
2 6 6 0 324
2 6 6 2 968
2 6 6 4 1092
2 10 6 0 172
2 10 6 2 2370
2 10 6 4 6306
2 6 7 1 962
2 6 7 3 1462
2 6 7 5 690
2 10 7 1 1226
2 10 7 3 88
2 10 7 5 2950
2 6 8 10 2744
2 6 8 12 3334
2 6 8 14 1458
2 10 8 10 3378
2 10 8 12 3050
2 10 8 14 4666
2 6 9 11 468
2 6 9 13 948
2 6 9 15 792
2 10 9 11 498
2 10 9 13 220
2 10 9 15 1420
2 6 10 8 3476
2 6 10 12 4480
2 6 10 14 2814
2 10 10 8 616
2 10 10 12 5360
2 10 10 14 2656
2 6 11 9 390
2 6 11 13 5060
2 6 11 15 1202
2 10 11 9 672
2 10 11 13 1410
2 10 11 15 1150
2 6 12 8 2474
2 6 12 10 4304
2 6 12 14 1060
2 10 12 8 1690
2 10 12 10 1162
2 10 12 14 2534
2 6 13 9 1412
2 6 13 11 1082
2 6 13 15 2554
2 10 13 9 2428
2 10 13 11 5296
2 10 13 15 366
2 6 14 8 4384
2 6 14 10 4256
2 6 14 12 2816
2 10 14 8 2294
2 10 14 10 1246
2 10 14 12 900
2 6 15 9 530
2 6 15 11 818
2 6 15 13 3668
2 10 15 9 2180
2 10 15 11 454
2 10 15 13 4518
3 7 0 2 1534
3 7 0 4 1656
3 7 0 6 3248
3 11 0 2 1736
3 11 0 4 1504
3 11 0 6 7270
3 7 1 3 3002
3 7 1 5 1872
3 7 1 7 4578
3 11 1 3 1446
3 11 1 5 2726
3 11 1 7 4192
3 7 2 0 594
3 7 2 4 4216
3 7 2 6 1008
3 11 2 0 2402
3 11 2 4 3912
3 11 2 6 1586
3 7 3 1 5626
3 7 3 5 2674
3 7 3 7 4036
3 11 3 1 4612
3 11 3 5 3630
3 11 3 7 1236
3 7 4 0 58
3 7 4 2 2152
3 7 4 6 7226
3 11 4 0 3220
3 11 4 2 2376
3 11 4 6 2490
3 7 5 1 874
3 7 5 3 1670
3 7 5 7 2708
3 11 5 1 2036
3 11 5 3 2754
3 11 5 7 2202
3 7 6 0 4446
3 7 6 2 4564
3 7 6 4 2074
3 11 6 0 2486
3 11 6 2 1706
3 11 6 4 520
3 7 7 1 3570
3 7 7 3 2884
3 7 7 5 3124
3 11 7 1 1476
3 11 7 3 688
3 11 7 5 574
3 7 8 10 5234
3 7 8 12 830
3 7 8 14 3954
3 11 8 10 1246
3 11 8 12 4344
3 11 8 14 656
3 7 9 11 280
3 7 9 13 3610
3 7 9 15 4310
3 11 9 11 402
3 11 9 13 594
3 11 9 15 1970
3 7 10 8 1716
3 7 10 12 2690
3 7 10 14 2232
3 11 10 8 1234
3 11 10 12 5704
3 11 10 14 3558
3 7 11 9 5184
3 7 11 13 4636
3 7 11 15 308
3 11 11 9 1176
3 11 11 13 1966
3 11 11 15 4782
3 7 12 8 394
3 7 12 10 394
3 7 12 14 664
3 11 12 8 1500
3 11 12 10 2308
3 11 12 14 2944
3 7 13 9 300
3 7 13 11 2704
3 7 13 15 6214
3 11 13 9 758
3 11 13 11 1568
3 11 13 15 1456
3 7 14 8 1250
3 7 14 10 134
3 7 14 12 1214
3 11 14 8 3688
3 11 14 10 2
3 11 14 12 688
3 7 15 9 906
3 7 15 11 4480
3 7 15 13 4736
3 11 15 9 764
3 11 15 11 674
3 11 15 13 1686
4 6 0 2 1820
4 6 0 4 1348
4 6 0 6 392
4 12 0 2 2926
4 12 0 4 284
4 12 0 6 2998
4 6 1 3 458
4 6 1 5 1120
4 6 1 7 604
4 12 1 3 4524
4 12 1 5 4366
4 12 1 7 354
4 6 2 0 4174
4 6 2 4 1924
4 6 2 6 5104
4 12 2 0 424
4 12 2 4 12
4 12 2 6 1274
4 6 3 1 716
4 6 3 5 820
4 6 3 7 1376
4 12 3 1 856
4 12 3 5 4002
4 12 3 7 3370
4 6 4 0 2474
4 6 4 2 162
4 6 4 6 1466
4 12 4 0 1908
4 12 4 2 2714
4 12 4 6 2856
4 6 5 1 2766
4 6 5 3 1016
4 6 5 7 3370
4 12 5 1 496
4 12 5 3 4644
4 12 5 7 3692
4 6 6 0 54
4 6 6 2 4994
4 6 6 4 1858
4 12 6 0 1772
4 12 6 2 590
4 12 6 4 958
4 6 7 1 246
4 6 7 3 2022
4 6 7 5 546
4 12 7 1 4778
4 12 7 3 284
4 12 7 5 1084
4 6 8 10 124
4 6 8 12 2234
4 6 8 14 22
4 12 8 10 4178
4 12 8 12 1522
4 12 8 14 1008
4 6 9 11 3664
4 6 9 13 2902
4 6 9 15 4656
4 12 9 11 1070
4 12 9 13 3332
4 12 9 15 108
4 6 10 8 4160
4 6 10 12 1030
4 6 10 14 746
4 12 10 8 1422
4 12 10 12 646
4 12 10 14 2882
4 6 11 9 5222
4 6 11 13 2632
4 6 11 15 928
4 12 11 9 1058
4 12 11 13 3256
4 12 11 15 3788
4 6 12 8 3336
4 6 12 10 1150
4 6 12 14 1968
4 12 12 8 5918
4 12 12 10 3576
4 12 12 14 228
4 6 13 9 848
4 6 13 11 2106
4 6 13 15 1884
4 12 13 9 7638
4 12 13 11 1022
4 12 13 15 4956
4 6 14 8 120
4 6 14 10 4218
4 6 14 12 2908
4 12 14 8 3270
4 12 14 10 2072
4 12 14 12 2284
4 6 15 9 4384
4 6 15 11 552
4 6 15 13 6966
4 12 15 9 978
4 12 15 11 5034
4 12 15 13 5334
5 7 0 2 1030
5 7 0 4 6
5 7 0 6 3780
5 13 0 2 4074
5 13 0 4 714
5 13 0 6 440
5 7 1 3 882
5 7 1 5 1668
5 7 1 7 3192
5 13 1 3 1684
5 13 1 5 1448
5 13 1 7 1380
5 7 2 0 2598
5 7 2 4 3790
5 7 2 6 2792
5 13 2 0 450
5 13 2 4 4676
5 13 2 6 586
5 7 3 1 2736
5 7 3 5 298
5 7 3 7 784
5 13 3 1 460
5 13 3 5 3950
5 13 3 7 3510
5 7 4 0 958
5 7 4 2 3720
5 7 4 6 290
5 13 4 0 2650
5 13 4 2 778
5 13 4 6 2328
5 7 5 1 810
5 7 5 3 1228
5 7 5 7 2706
5 13 5 1 1502
5 13 5 3 1906
5 13 5 7 1004
5 7 6 0 5204
5 7 6 2 3266
5 7 6 4 1222
5 13 6 0 2400
5 13 6 2 1846
5 13 6 4 3834
5 7 7 1 1994
5 7 7 3 2540
5 7 7 5 3182
5 13 7 1 3796
5 13 7 3 662
5 13 7 5 590
5 7 8 10 184
5 7 8 12 7622
5 7 8 14 482
5 13 8 10 4954
5 13 8 12 2186
5 13 8 14 3824
5 7 9 11 2900
5 7 9 13 3134
5 7 9 15 2218
5 13 9 11 1536
5 13 9 13 1658
5 13 9 15 5572
5 7 10 8 1124
5 7 10 12 2498
5 7 10 14 2824
5 13 10 8 976
5 13 10 12 1770
5 13 10 14 778
5 7 11 9 4240
5 7 11 13 1500
5 7 11 15 3708
5 13 11 9 1262
5 13 11 13 1870
5 13 11 15 2454
5 7 12 8 296
5 7 12 10 1884
5 7 12 14 3006
5 13 12 8 2894
5 13 12 10 6300
5 13 12 14 930
5 7 13 9 4506
5 7 13 11 3156
5 7 13 15 4042
5 13 13 9 500
5 13 13 11 3734
5 13 13 15 2932
5 7 14 8 420
5 7 14 10 2806
5 7 14 12 330
5 13 14 8 2112
5 13 14 10 5788
5 13 14 12 250
5 7 15 9 990
5 7 15 11 4690
5 7 15 13 1202
5 13 15 9 4348
5 13 15 11 1478
5 13 15 13 3200
6 14 0 2 4100
6 14 0 4 2880
6 14 0 6 1684
6 14 1 3 4680
6 14 1 5 720
6 14 1 7 5402
6 14 2 0 960
6 14 2 4 156
6 14 2 6 1044
6 14 3 1 1148
6 14 3 5 4620
6 14 3 7 1150
6 14 4 0 1414
6 14 4 2 4204
6 14 4 6 2726
6 14 5 1 4662
6 14 5 3 2632
6 14 5 7 3988
6 14 6 0 4550
6 14 6 2 3068
6 14 6 4 3402
6 14 7 1 1514
6 14 7 3 4972
6 14 7 5 2220
6 14 8 10 3876
6 14 8 12 7694
6 14 8 14 1418
6 14 9 11 1012
6 14 9 13 1040
6 14 9 15 3038
6 14 10 8 4270
6 14 10 12 1504
6 14 10 14 580
6 14 11 9 4684
6 14 11 13 2776
6 14 11 15 1452
6 14 12 8 2898
6 14 12 10 3392
6 14 12 14 1902
6 14 13 9 2174
6 14 13 11 382
6 14 13 15 1050
6 14 14 8 1308
6 14 14 10 3162
6 14 14 12 2544
6 14 15 9 6076
6 14 15 11 1806
6 14 15 13 2098
7 15 0 2 2678
7 15 0 4 1832
7 15 0 6 4298
7 15 1 3 1128
7 15 1 5 3978
7 15 1 7 3052
7 15 2 0 688
7 15 2 4 208
7 15 2 6 836
7 15 3 1 970
7 15 3 5 206
7 15 3 7 132
7 15 4 0 582
7 15 4 2 4248
7 15 4 6 16
7 15 5 1 2900
7 15 5 3 672
7 15 5 7 1374
7 15 6 0 784
7 15 6 2 5042
7 15 6 4 1398
7 15 7 1 186
7 15 7 3 336
7 15 7 5 3000
7 15 8 10 402
7 15 8 12 58
7 15 8 14 4462
7 15 9 11 1462
7 15 9 13 5822
7 15 9 15 6064
7 15 10 8 68
7 15 10 12 730
7 15 10 14 2758
7 15 11 9 2038
7 15 11 13 2316
7 15 11 15 424
7 15 12 8 1662
7 15 12 10 5754
7 15 12 14 4812
7 15 13 9 438
7 15 13 11 816
7 15 13 15 2548
7 15 14 8 3394
7 15 14 10 2000
7 15 14 12 550
7 15 15 9 1514
7 15 15 11 2176
7 15 15 13 4638
8 10 0 2 2226
8 10 0 4 840
8 10 0 6 540
8 12 0 2 4708
8 12 0 4 5018
8 12 0 6 6084
8 10 1 3 7198
8 10 1 5 194
8 10 1 7 352
8 12 1 3 6918
8 12 1 5 2560
8 12 1 7 1512
8 10 2 0 3206
8 10 2 4 3322
8 10 2 6 202
8 12 2 0 3340
8 12 2 4 894
8 12 2 6 1298
8 10 3 1 2884
8 10 3 5 914
8 10 3 7 3156
8 12 3 1 2010
8 12 3 5 192
8 12 3 7 3636
8 10 4 0 3432
8 10 4 2 1914
8 10 4 6 4726
8 12 4 0 1404
8 12 4 2 5222
8 12 4 6 7368
8 10 5 1 1404
8 10 5 3 586
8 10 5 7 2260
8 12 5 1 2728
8 12 5 3 3194
8 12 5 7 1032
8 10 6 0 192
8 10 6 2 4432
8 10 6 4 1356
8 12 6 0 2256
8 12 6 2 2646
8 12 6 4 2776
8 10 7 1 3076
8 10 7 3 1954
8 10 7 5 2794
8 12 7 1 5122
8 12 7 3 3808
8 12 7 5 3958
8 10 8 10 3346
8 10 8 12 1620
8 10 8 14 1486
8 12 8 10 1194
8 12 8 12 446
8 12 8 14 1728
8 10 9 11 308
8 10 9 13 1584
8 10 9 15 2430
8 12 9 11 2384
8 12 9 13 412
8 12 9 15 1022
8 10 10 8 2200
8 10 10 12 848
8 10 10 14 4190
8 12 10 8 120
8 12 10 12 1662
8 12 10 14 3030
8 10 11 9 5104
8 10 11 13 180
8 10 11 15 102
8 12 11 9 2008
8 12 11 13 2104
8 12 11 15 4998
8 10 12 8 2714
8 10 12 10 1458
8 10 12 14 1984
8 12 12 8 3722
8 12 12 10 3000
8 12 12 14 4446
8 10 13 9 1492
8 10 13 11 546
8 10 13 15 460
8 12 13 9 950
8 12 13 11 232
8 12 13 15 3340
8 10 14 8 7052
8 10 14 10 1900
8 10 14 12 386
8 12 14 8 210
8 12 14 10 3074
8 12 14 12 328
8 10 15 9 3144
8 10 15 11 1278
8 10 15 13 1242
8 12 15 9 8052
8 12 15 11 3336
8 12 15 13 434
9 11 0 2 1398
9 11 0 4 2354
9 11 0 6 904
9 13 0 2 4814
9 13 0 4 270
9 13 0 6 420
9 11 1 3 1202
9 11 1 5 2152
9 11 1 7 4972
9 13 1 3 3042
9 13 1 5 712
9 13 1 7 2708
9 11 2 0 2902
9 11 2 4 2534
9 11 2 6 40
9 13 2 0 3668
9 13 2 4 4252
9 13 2 6 3428
9 11 3 1 784
9 11 3 5 612
9 11 3 7 1252
9 13 3 1 2232
9 13 3 5 5356
9 13 3 7 96
9 11 4 0 1932
9 11 4 2 2358
9 11 4 6 1426
9 13 4 0 1196
9 13 4 2 1364
9 13 4 6 646
9 11 5 1 3098
9 11 5 3 1244
9 11 5 7 3538
9 13 5 1 866
9 13 5 3 2900
9 13 5 7 462
9 11 6 0 488
9 11 6 2 1038
9 11 6 4 2896
9 13 6 0 4464
9 13 6 2 468
9 13 6 4 3726
9 11 7 1 1396
9 11 7 3 5574
9 11 7 5 976
9 13 7 1 1984
9 13 7 3 3116
9 13 7 5 698
9 11 8 10 694
9 11 8 12 1040
9 11 8 14 2182
9 13 8 10 756
9 13 8 12 1000
9 13 8 14 478
9 11 9 11 1910
9 11 9 13 2124
9 11 9 15 114
9 13 9 11 1314
9 13 9 13 4942
9 13 9 15 938
9 11 10 8 1864
9 11 10 12 1430
9 11 10 14 4700
9 13 10 8 4196
9 13 10 12 2906
9 13 10 14 712
9 11 11 9 2094
9 11 11 13 608
9 11 11 15 166
9 13 11 9 1680
9 13 11 13 2480
9 13 11 15 398
9 11 12 8 3240
9 11 12 10 1652
9 11 12 14 452
9 13 12 8 28
9 13 12 10 3030
9 13 12 14 254
9 11 13 9 4736
9 11 13 11 2818
9 11 13 15 1030
9 13 13 9 598
9 13 13 11 3698
9 13 13 15 2516
9 11 14 8 1654
9 11 14 10 4336
9 11 14 12 1142
9 13 14 8 2340
9 13 14 10 2952
9 13 14 12 3560
9 11 15 9 1460
9 11 15 11 3590
9 11 15 13 4980
9 13 15 9 3954
9 13 15 11 1884
9 13 15 13 4176
10 14 0 2 2530
10 14 0 4 5444
10 14 0 6 522
10 14 1 3 1876
10 14 1 5 424
10 14 1 7 1706
10 14 2 0 2812
10 14 2 4 4400
10 14 2 6 2394
10 14 3 1 5424
10 14 3 5 1438
10 14 3 7 4624
10 14 4 0 1416
10 14 4 2 1972
10 14 4 6 3830
10 14 5 1 4112
10 14 5 3 362
10 14 5 7 2112
10 14 6 0 664
10 14 6 2 5676
10 14 6 4 4098
10 14 7 1 2162
10 14 7 3 1106
10 14 7 5 1158
10 14 8 10 1816
10 14 8 12 2824
10 14 8 14 1700
10 14 9 11 394
10 14 9 13 58
10 14 9 15 3276
10 14 10 8 2306
10 14 10 12 1592
10 14 10 14 4224
10 14 11 9 1354
10 14 11 13 2294
10 14 11 15 4014
10 14 12 8 7564
10 14 12 10 1372
10 14 12 14 3706
10 14 13 9 3672
10 14 13 11 6330
10 14 13 15 6720
10 14 14 8 2460
10 14 14 10 3040
10 14 14 12 1544
10 14 15 9 1576
10 14 15 11 264
10 14 15 13 974
11 15 0 2 1730
11 15 0 4 7958
11 15 0 6 2718
11 15 1 3 2044
11 15 1 5 6378
11 15 1 7 5944
11 15 2 0 2406
11 15 2 4 4116
11 15 2 6 4698
11 15 3 1 886
11 15 3 5 3454
11 15 3 7 2438
11 15 4 0 1402
11 15 4 2 1494
11 15 4 6 2328
11 15 5 1 4984
11 15 5 3 8916
11 15 5 7 944
11 15 6 0 3854
11 15 6 2 4444
11 15 6 4 4944
11 15 7 1 2854
11 15 7 3 2526
11 15 7 5 4650
11 15 8 10 3456
11 15 8 12 3836
11 15 8 14 724
11 15 9 11 934
11 15 9 13 390
11 15 9 15 360
11 15 10 8 2104
11 15 10 12 1730
11 15 10 14 4080
11 15 11 9 952
11 15 11 13 1770
11 15 11 15 2096
11 15 12 8 954
11 15 12 10 930
11 15 12 14 1914
11 15 13 9 3258
11 15 13 11 98
11 15 13 15 3314
11 15 14 8 1118
11 15 14 10 2800
11 15 14 12 94
11 15 15 9 3146
11 15 15 11 3114
11 15 15 13 1642
12 14 0 2 6980
12 14 0 4 484
12 14 0 6 234
12 14 1 3 280
12 14 1 5 1442
12 14 1 7 2592
12 14 2 0 640
12 14 2 4 2828
12 14 2 6 7178
12 14 3 1 3142
12 14 3 5 2310
12 14 3 7 5162
12 14 4 0 1224
12 14 4 2 3726
12 14 4 6 214
12 14 5 1 686
12 14 5 3 502
12 14 5 7 4802
12 14 6 0 2614
12 14 6 2 520
12 14 6 4 2830
12 14 7 1 2936
12 14 7 3 542
12 14 7 5 4424
12 14 8 10 1012
12 14 8 12 580
12 14 8 14 1366
12 14 9 11 3692
12 14 9 13 2948
12 14 9 15 3640
12 14 10 8 2390
12 14 10 12 3450
12 14 10 14 2820
12 14 11 9 4474
12 14 11 13 2774
12 14 11 15 2308
12 14 12 8 5204
12 14 12 10 480
12 14 12 14 448
12 14 13 9 2558
12 14 13 11 1612
12 14 13 15 2074
12 14 14 8 1350
12 14 14 10 1090
12 14 14 12 316
12 14 15 9 614
12 14 15 11 226
12 14 15 13 3316
13 15 0 2 4562
13 15 0 4 1578
13 15 0 6 3578
13 15 1 3 2656
13 15 1 5 892
13 15 1 7 1782
13 15 2 0 3902
13 15 2 4 2258
13 15 2 6 2032
13 15 3 1 2888
13 15 3 5 738
13 15 3 7 1292
13 15 4 0 966
13 15 4 2 406
13 15 4 6 6012
13 15 5 1 798
13 15 5 3 2930
13 15 5 7 2086
13 15 6 0 1134
13 15 6 2 458
13 15 6 4 4306
13 15 7 1 3062
13 15 7 3 706
13 15 7 5 5560
13 15 8 10 848
13 15 8 12 3590
13 15 8 14 2574
13 15 9 11 5334
13 15 9 13 1222
13 15 9 15 1230
13 15 10 8 3600
13 15 10 12 1502
13 15 10 14 1724
13 15 11 9 2396
13 15 11 13 3368
13 15 11 15 6264
13 15 12 8 3784
13 15 12 10 398
13 15 12 14 3240
13 15 13 9 2012
13 15 13 11 1630
13 15 13 15 2848
13 15 14 8 684
13 15 14 10 2732
13 15 14 12 1526
13 15 15 9 1346
13 15 15 11 1376
13 15 15 13 3326
