# KEY left=0x9c right=0x45
# GOOD_PAIRS_BEGIN count=4
# GOOD_PAIR 0x54 0x76
# GOOD_PAIR 0x56 0x74
# GOOD_PAIR 0x14 0x96
# GOOD_PAIR 0x16 0x94
# GOOD_PAIRS_END
0 2 0 2 2184
0 2 0 4 184
0 2 0 6 1870
0 4 0 2 5184
0 4 0 4 1232
0 4 0 6 2934
0 8 0 2 2006
0 8 0 4 6474
0 8 0 6 2530
0 2 1 3 4654
0 2 1 5 2530
0 2 1 7 1686
0 4 1 3 2068
0 4 1 5 4680
0 4 1 7 3024
0 8 1 3 544
0 8 1 5 3340
0 8 1 7 4366
0 2 2 0 390
0 2 2 4 1230
0 2 2 6 538
0 4 2 0 3656
0 4 2 4 330
0 4 2 6 2598
0 8 2 0 1120
0 8 2 4 2754
0 8 2 6 216
0 2 3 1 3320
0 2 3 5 2878
0 2 3 7 2380
0 4 3 1 798
0 4 3 5 362
0 4 3 7 2256
0 8 3 1 3702
0 8 3 5 728
0 8 3 7 4792
0 2 4 0 274
0 2 4 2 1782
0 2 4 6 3596
0 4 4 0 152
0 4 4 2 1370
0 4 4 6 1268
0 8 4 0 3530
0 8 4 2 858
0 8 4 6 1254
0 2 5 1 3506
0 2 5 3 730
0 2 5 7 4232
0 4 5 1 586
0 4 5 3 1488
0 4 5 7 1010
0 8 5 1 1724
0 8 5 3 1166
0 8 5 7 1524
0 2 6 0 2030
0 2 6 2 396
0 2 6 4 1990
0 4 6 0 392
0 4 6 2 1742
0 4 6 4 204
0 8 6 0 1508
0 8 6 2 1454
0 8 6 4 366
0 2 7 1 1158
0 2 7 3 1148
0 2 7 5 1026
0 4 7 1 3664
0 4 7 3 2392
0 4 7 5 1626
0 8 7 1 1348
0 8 7 3 1560
0 8 7 5 688
0 2 8 10 2862
0 2 8 12 914
0 2 8 14 4230
0 4 8 10 660
0 4 8 12 294
0 4 8 14 2006
0 8 8 10 2904
0 8 8 12 618
0 8 8 14 3164
0 2 9 11 3730
0 2 9 13 1212
0 2 9 15 1110
0 4 9 11 3054
0 4 9 13 1696
0 4 9 15 1898
0 8 9 11 1762
0 8 9 13 132
0 8 9 15 474
0 2 10 8 1724
0 2 10 12 1588
0 2 10 14 3964
0 4 10 8 1934
0 4 10 12 1468
0 4 10 14 758
0 8 10 8 1290
0 8 10 12 3838
0 8 10 14 42
0 2 11 9 338
0 2 11 13 3080
0 2 11 15 2172
0 4 11 9 1618
0 4 11 13 602
0 4 11 15 3068
0 8 11 9 94
0 8 11 13 2202
0 8 11 15 2074
0 2 12 8 1550
0 2 12 10 2062
0 2 12 14 746
0 4 12 8 1660
0 4 12 10 2320
0 4 12 14 1268
0 8 12 8 1374
0 8 12 10 3074
0 8 12 14 3114
0 2 13 9 1500
0 2 13 11 4644
0 2 13 15 1484
0 4 13 9 190
0 4 13 11 1456
0 4 13 15 88
0 8 13 9 1506
0 8 13 11 1068
0 8 13 15 1028
0 2 14 8 1532
0 2 14 10 26
0 2 14 12 1736
0 4 14 8 3470
0 4 14 10 2220
0 4 14 12 182
0 8 14 8 492
0 8 14 10 364
0 8 14 12 5412
0 2 15 9 730
0 2 15 11 98
0 2 15 13 3950
0 4 15 9 116
0 4 15 11 4176
0 4 15 13 6228
0 8 15 9 1250
0 8 15 11 2256
0 8 15 13 5184
1 3 0 2 38
1 3 0 4 2524
1 3 0 6 2632
1 5 0 2 572
1 5 0 4 1980
1 5 0 6 3016
1 9 0 2 1802
1 9 0 4 1694
1 9 0 6 2634
1 3 1 3 1738
1 3 1 5 4570
1 3 1 7 1110
1 5 1 3 4668
1 5 1 5 220
1 5 1 7 1892
1 9 1 3 176
1 9 1 5 150
1 9 1 7 2386
1 3 2 0 1656
1 3 2 4 2006
1 3 2 6 1930
1 5 2 0 2120
1 5 2 4 4800
1 5 2 6 82
1 9 2 0 1114
1 9 2 4 290
1 9 2 6 3534
1 3 3 1 2642
1 3 3 5 1984
1 3 3 7 2372
1 5 3 1 1052
1 5 3 5 8336
1 5 3 7 2942
1 9 3 1 4068
1 9 3 5 1520
1 9 3 7 1728
1 3 4 0 6012
1 3 4 2 240
1 3 4 6 1038
1 5 4 0 824
1 5 4 2 4212
1 5 4 6 804
1 9 4 0 850
1 9 4 2 2726
1 9 4 6 7660
1 3 5 1 2448
1 3 5 3 1986
1 3 5 7 5122
1 5 5 1 354
1 5 5 3 2194
1 5 5 7 3054
1 9 5 1 1186
1 9 5 3 2200
1 9 5 7 374
1 3 6 0 6634
1 3 6 2 1394
1 3 6 4 4170
1 5 6 0 2350
1 5 6 2 3230
1 5 6 4 4532
1 9 6 0 4380
1 9 6 2 3750
1 9 6 4 1120
1 3 7 1 1146
1 3 7 3 726
1 3 7 5 844
1 5 7 1 2714
1 5 7 3 1260
1 5 7 5 1318
1 9 7 1 4116
1 9 7 3 2898
1 9 7 5 5260
1 3 8 10 5386
1 3 8 12 328
1 3 8 14 2256
1 5 8 10 1806
1 5 8 12 2120
1 5 8 14 2210
1 9 8 10 3142
1 9 8 12 504
1 9 8 14 152
1 3 9 11 3734
1 3 9 13 886
1 3 9 15 3748
1 5 9 11 3556
1 5 9 13 2146
1 5 9 15 1004
1 9 9 11 1284
1 9 9 13 1358
1 9 9 15 384
1 3 10 8 538
1 3 10 12 1638
1 3 10 14 2680
1 5 10 8 4694
1 5 10 12 372
1 5 10 14 84
1 9 10 8 4026
1 9 10 12 1772
1 9 10 14 8746
1 3 11 9 1214
1 3 11 13 5592
1 3 11 15 2
1 5 11 9 4082
1 5 11 13 318
1 5 11 15 4654
1 9 11 9 446
1 9 11 13 1940
1 9 11 15 6730
1 3 12 8 68
1 3 12 10 2046
1 3 12 14 210
1 5 12 8 3482
1 5 12 10 2806
1 5 12 14 442
1 9 12 8 5460
1 9 12 10 7006
1 9 12 14 4644
1 3 13 9 7222
1 3 13 11 4366
1 3 13 15 742
1 5 13 9 2954
1 5 13 11 1052
1 5 13 15 1914
1 9 13 9 4080
1 9 13 11 3446
1 9 13 15 2076
1 3 14 8 678
1 3 14 10 1648
1 3 14 12 2272
1 5 14 8 796
1 5 14 10 1026
1 5 14 12 1912
1 9 14 8 1984
1 9 14 10 1492
1 9 14 12 750
1 3 15 9 1032
1 3 15 11 714
1 3 15 13 504
1 5 15 9 144
1 5 15 11 1750
1 5 15 13 2126
1 9 15 9 4590
1 9 15 11 1118
1 9 15 13 3954
2 6 0 2 2488
2 6 0 4 240
2 6 0 6 3498
2 10 0 2 1962
2 10 0 4 14
2 10 0 6 646
2 6 1 3 1442
2 6 1 5 1530
2 6 1 7 200
2 10 1 3 2334
2 10 1 5 1514
2 10 1 7 302
2 6 2 0 1122
2 6 2 4 2148
2 6 2 6 2028
2 10 2 0 876
2 10 2 4 1962
2 10 2 6 8518
2 6 3 1 2336
2 6 3 5 1110
2 6 3 7 946
2 10 3 1 402
2 10 3 5 70
2 10 3 7 2830
2 6 4 0 7880
2 6 4 2 2160
2 6 4 6 3024
2 10 4 0 1260
2 10 4 2 1890
2 10 4 6 1350
2 6 5 1 296
2 6 5 3 3336
2 6 5 7 1548
2 10 5 1 2128
2 10 5 3 114
2 10 5 7 2078
2 6 6 0 468
2 6 6 2 154
2 6 6 4 4730
2 10 6 0 230
2 10 6 2 2630
2 10 6 4 946
2 6 7 1 300
2 6 7 3 278
2 6 7 5 1200
2 10 7 1 152
2 10 7 3 1676
2 10 7 5 3278
2 6 8 10 3894
2 6 8 12 5278
2 6 8 14 4248
2 10 8 10 504
2 10 8 12 1330
2 10 8 14 3824
2 6 9 11 1598
2 6 9 13 598
2 6 9 15 1520
2 10 9 11 398
2 10 9 13 1786
2 10 9 15 4718
2 6 10 8 1046
2 6 10 12 1354
2 6 10 14 512
2 10 10 8 1942
2 10 10 12 4018
2 10 10 14 2872
2 6 11 9 5774
2 6 11 13 2020
2 6 11 15 1938
2 10 11 9 7236
2 10 11 13 900
2 10 11 15 722
2 6 12 8 64
2 6 12 10 5802
2 6 12 14 2840
2 10 12 8 106
2 10 12 10 946
2 10 12 14 2540
2 6 13 9 2000
2 6 13 11 4560
2 6 13 15 108
2 10 13 9 3958
2 10 13 11 2352
2 10 13 15 3246
2 6 14 8 1930
2 6 14 10 6414
2 6 14 12 978
2 10 14 8 1760
2 10 14 10 3196
2 10 14 12 98
2 6 15 9 180
2 6 15 11 724
2 6 15 13 2868
2 10 15 9 3536
2 10 15 11 174
2 10 15 13 504
3 7 0 2 1160
3 7 0 4 2150
3 7 0 6 2044
3 11 0 2 406
3 11 0 4 1318
3 11 0 6 924
3 7 1 3 42
3 7 1 5 2070
3 7 1 7 2274
3 11 1 3 7532
3 11 1 5 4870
3 11 1 7 500
3 7 2 0 4106
3 7 2 4 186
3 7 2 6 964
3 11 2 0 2214
3 11 2 4 3180
3 11 2 6 818
3 7 3 1 4
3 7 3 5 1074
3 7 3 7 650
3 11 3 1 2076
3 11 3 5 3058
3 11 3 7 4892
3 7 4 0 1150
3 7 4 2 1708
3 7 4 6 816
3 11 4 0 2428
3 11 4 2 126
3 11 4 6 5592
3 7 5 1 2898
3 7 5 3 2222
3 7 5 7 1552
3 11 5 1 662
3 11 5 3 3580
3 11 5 7 960
3 7 6 0 2392
3 7 6 2 3552
3 7 6 4 4854
3 11 6 0 350
3 11 6 2 4072
3 11 6 4 3374
3 7 7 1 5688
3 7 7 3 4174
3 7 7 5 2042
3 11 7 1 980
3 11 7 3 1730
3 11 7 5 836
3 7 8 10 3022
3 7 8 12 2566
3 7 8 14 4104
3 11 8 10 1382
3 11 8 12 26
3 11 8 14 1352
3 7 9 11 956
3 7 9 13 3438
3 7 9 15 3924
3 11 9 11 48
3 11 9 13 1106
3 11 9 15 1898
3 7 10 8 3954
3 7 10 12 4308
3 7 10 14 2994
3 11 10 8 2220
3 11 10 12 4110
3 11 10 14 1028
3 7 11 9 2640
3 7 11 13 5472
3 7 11 15 400
3 11 11 9 4116
3 11 11 13 1556
3 11 11 15 1412
3 7 12 8 1222
3 7 12 10 776
3 7 12 14 1256
3 11 12 8 1474
3 11 12 10 2508
3 11 12 14 1936
3 7 13 9 1504
3 7 13 11 3994
3 7 13 15 1822
3 11 13 9 82
3 11 13 11 1080
3 11 13 15 1216
3 7 14 8 1590
3 7 14 10 3598
3 7 14 12 2564
3 11 14 8 2446
3 11 14 10 1546
3 11 14 12 6790
3 7 15 9 904
3 7 15 11 1688
3 7 15 13 1564
3 11 15 9 486
3 11 15 11 4122
3 11 15 13 2214
4 6 0 2 866
4 6 0 4 4196
4 6 0 6 6780
4 12 0 2 3850
4 12 0 4 2444
4 12 0 6 1112
4 6 1 3 456
4 6 1 5 44
4 6 1 7 2170
4 12 1 3 1554
4 12 1 5 106
4 12 1 7 3812
4 6 2 0 704
4 6 2 4 970
4 6 2 6 2590
4 12 2 0 1540
4 12 2 4 1272
4 12 2 6 3266
4 6 3 1 5334
4 6 3 5 3272
4 6 3 7 3850
4 12 3 1 1862
4 12 3 5 2580
4 12 3 7 3158
4 6 4 0 2740
4 6 4 2 1310
4 6 4 6 5838
4 12 4 0 4242
4 12 4 2 2540
4 12 4 6 5170
4 6 5 1 714
4 6 5 3 808
4 6 5 7 4920
4 12 5 1 916
4 12 5 3 792
4 12 5 7 992
4 6 6 0 750
4 6 6 2 2146
4 6 6 4 2212
4 12 6 0 2638
4 12 6 2 3746
4 12 6 4 128
4 6 7 1 4274
4 6 7 3 542
4 6 7 5 2398
4 12 7 1 1202
4 12 7 3 1398
4 12 7 5 2574
4 6 8 10 2810
4 6 8 12 2504
4 6 8 14 5246
4 12 8 10 598
4 12 8 12 138
4 12 8 14 2070
4 6 9 11 1822
4 6 9 13 1682
4 6 9 15 630
4 12 9 11 656
4 12 9 13 5344
4 12 9 15 1842
4 6 10 8 936
4 6 10 12 2860
4 6 10 14 3814
4 12 10 8 1194
4 12 10 12 1964
4 12 10 14 928
4 6 11 9 2192
4 6 11 13 4152
4 6 11 15 2904
4 12 11 9 2374
4 12 11 13 4062
4 12 11 15 3132
4 6 12 8 400
4 6 12 10 2738
4 6 12 14 202
4 12 12 8 5000
4 12 12 10 478
4 12 12 14 468
4 6 13 9 304
4 6 13 11 4778
4 6 13 15 3208
4 12 13 9 904
4 12 13 11 1850
4 12 13 15 1558
4 6 14 8 1104
4 6 14 10 1602
4 6 14 12 1826
4 12 14 8 1834
4 12 14 10 2484
4 12 14 12 422
4 6 15 9 3010
4 6 15 11 386
4 6 15 13 428
4 12 15 9 1730
4 12 15 11 1456
4 12 15 13 1732
5 7 0 2 1740
5 7 0 4 3746
5 7 0 6 1246
5 13 0 2 1726
5 13 0 4 1430
5 13 0 6 698
5 7 1 3 384
5 7 1 5 422
5 7 1 7 3236
5 13 1 3 2324
5 13 1 5 976
5 13 1 7 674
5 7 2 0 3610
5 7 2 4 626
5 7 2 6 2624
5 13 2 0 4602
5 13 2 4 5158
5 13 2 6 3612
5 7 3 1 396
5 7 3 5 1258
5 7 3 7 3776
5 13 3 1 942
5 13 3 5 2928
5 13 3 7 3000
5 7 4 0 468
5 7 4 2 2406
5 7 4 6 2114
5 13 4 0 2066
5 13 4 2 2594
5 13 4 6 402
5 7 5 1 970
5 7 5 3 2372
5 7 5 7 2532
5 13 5 1 1452
5 13 5 3 1042
5 13 5 7 4802
5 7 6 0 478
5 7 6 2 4114
5 7 6 4 3362
5 13 6 0 3126
5 13 6 2 500
5 13 6 4 2902
5 7 7 1 8120
5 7 7 3 1396
5 7 7 5 36
5 13 7 1 2062
5 13 7 3 4314
5 13 7 5 6188
5 7 8 10 184
5 7 8 12 1580
5 7 8 14 5530
5 13 8 10 728
5 13 8 12 944
5 13 8 14 620
5 7 9 11 3192
5 7 9 13 1258
5 7 9 15 2354
5 13 9 11 2626
5 13 9 13 826
5 13 9 15 914
5 7 10 8 3762
5 7 10 12 3138
5 7 10 14 1130
5 13 10 8 308
5 13 10 12 1846
5 13 10 14 1052
5 7 11 9 3906
5 7 11 13 2086
5 7 11 15 5144
5 13 11 9 2750
5 13 11 13 1104
5 13 11 15 1820
5 7 12 8 4124
5 7 12 10 4266
5 7 12 14 3182
5 13 12 8 2152
5 13 12 10 2468
5 13 12 14 1288
5 7 13 9 2824
5 7 13 11 506
5 7 13 15 7578
5 13 13 9 608
5 13 13 11 168
5 13 13 15 670
5 7 14 8 660
5 7 14 10 1528
5 7 14 12 1308
5 13 14 8 2902
5 13 14 10 2044
5 13 14 12 2194
5 7 15 9 870
5 7 15 11 2828
5 7 15 13 1820
5 13 15 9 2664
5 13 15 11 2674
5 13 15 13 1238
6 14 0 2 3152
6 14 0 4 1516
6 14 0 6 3494
6 14 1 3 2448
6 14 1 5 4026
6 14 1 7 726
6 14 2 0 3904
6 14 2 4 1188
6 14 2 6 6558
6 14 3 1 454
6 14 3 5 3256
6 14 3 7 1458
6 14 4 0 2708
6 14 4 2 4534
6 14 4 6 4194
6 14 5 1 3402
6 14 5 3 2140
6 14 5 7 1616
6 14 6 0 3094
6 14 6 2 1584
6 14 6 4 4398
6 14 7 1 5490
6 14 7 3 1472
6 14 7 5 1658
6 14 8 10 2136
6 14 8 12 1202
6 14 8 14 1838
6 14 9 11 2240
6 14 9 13 3852
6 14 9 15 2674
6 14 10 8 52
6 14 10 12 4582
6 14 10 14 334
6 14 11 9 98
6 14 11 13 2194
6 14 11 15 840
6 14 12 8 2096
6 14 12 10 4358
6 14 12 14 1600
6 14 13 9 3306
6 14 13 11 4200
6 14 13 15 1814
6 14 14 8 1932
6 14 14 10 3532
6 14 14 12 1460
6 14 15 9 1956
6 14 15 11 4504
6 14 15 13 5646
7 15 0 2 1110
7 15 0 4 1674
7 15 0 6 3984
7 15 1 3 1276
7 15 1 5 1136
7 15 1 7 5172
7 15 2 0 1472
7 15 2 4 742
7 15 2 6 5168
7 15 3 1 5136
7 15 3 5 2720
7 15 3 7 2390
7 15 4 0 2844
7 15 4 2 3774
7 15 4 6 2628
7 15 5 1 2178
7 15 5 3 390
7 15 5 7 578
7 15 6 0 1148
7 15 6 2 1656
7 15 6 4 1008
7 15 7 1 1214
7 15 7 3 3222
7 15 7 5 816
7 15 8 10 802
7 15 8 12 2442
7 15 8 14 3756
7 15 9 11 3050
7 15 9 13 1358
7 15 9 15 5468
7 15 10 8 1092
7 15 10 12 1310
7 15 10 14 1558
7 15 11 9 1088
7 15 11 13 1062
7 15 11 15 2652
7 15 12 8 3470
7 15 12 10 2930
7 15 12 14 1072
7 15 13 9 1496
7 15 13 11 3494
7 15 13 15 2424
7 15 14 8 5468
7 15 14 10 2288
7 15 14 12 286
7 15 15 9 1140
7 15 15 11 390
7 15 15 13 2722
8 10 0 2 3468
8 10 0 4 816
8 10 0 6 1078
8 12 0 2 632
8 12 0 4 1846
8 12 0 6 3028
8 10 1 3 2030
8 10 1 5 1782
8 10 1 7 5692
8 12 1 3 1412
8 12 1 5 2696
8 12 1 7 4692
8 10 2 0 4706
8 10 2 4 1388
8 10 2 6 1362
8 12 2 0 5954
8 12 2 4 1594
8 12 2 6 588
8 10 3 1 602
8 10 3 5 596
8 10 3 7 1962
8 12 3 1 986
8 12 3 5 4820
8 12 3 7 4326
8 10 4 0 2284
8 10 4 2 588
8 10 4 6 3160
8 12 4 0 2036
8 12 4 2 3048
8 12 4 6 3806
8 10 5 1 5618
8 10 5 3 56
8 10 5 7 1220
8 12 5 1 1550
8 12 5 3 3634
8 12 5 7 1276
8 10 6 0 2606
8 10 6 2 5868
8 10 6 4 14
8 12 6 0 2352
8 12 6 2 650
8 12 6 4 3526
8 10 7 1 208
8 10 7 3 196
8 10 7 5 782
8 12 7 1 2754
8 12 7 3 2082
8 12 7 5 1656
8 10 8 10 1432
8 10 8 12 2448
8 10 8 14 2556
8 12 8 10 1880
8 12 8 12 86
8 12 8 14 4138
8 10 9 11 3042
8 10 9 13 2404
8 10 9 15 1936
8 12 9 11 344
8 12 9 13 978
8 12 9 15 2640
8 10 10 8 990
8 10 10 12 4282
8 10 10 14 2444
8 12 10 8 2910
8 12 10 12 4174
8 12 10 14 1006
8 10 11 9 5478
8 10 11 13 1170
8 10 11 15 1994
8 12 11 9 2050
8 12 11 13 2246
8 12 11 15 1314
8 10 12 8 2930
8 10 12 10 396
8 10 12 14 2148
8 12 12 8 2622
8 12 12 10 1156
8 12 12 14 4136
8 10 13 9 1434
8 10 13 11 2330
8 10 13 15 1222
8 12 13 9 2622
8 12 13 11 3326
8 12 13 15 2704
8 10 14 8 3458
8 10 14 10 786
8 10 14 12 960
8 12 14 8 748
8 12 14 10 2126
8 12 14 12 582
8 10 15 9 814
8 10 15 11 5026
8 10 15 13 3878
8 12 15 9 960
8 12 15 11 2890
8 12 15 13 1206
9 11 0 2 476
9 11 0 4 4654
9 11 0 6 5190
9 13 0 2 384
9 13 0 4 640
9 13 0 6 2376
9 11 1 3 4188
9 11 1 5 2608
9 11 1 7 2764
9 13 1 3 42
9 13 1 5 5676
9 13 1 7 910
9 11 2 0 5506
9 11 2 4 64
9 11 2 6 248
9 13 2 0 1718
9 13 2 4 298
9 13 2 6 374
9 11 3 1 3190
9 11 3 5 2378
9 11 3 7 1080
9 13 3 1 1118
9 13 3 5 5696
9 13 3 7 5044
9 11 4 0 1332
9 11 4 2 1868
9 11 4 6 4950
9 13 4 0 648
9 13 4 2 1896
9 13 4 6 4352
9 11 5 1 6672
9 11 5 3 1844
9 11 5 7 24
9 13 5 1 5224
9 13 5 3 2968
9 13 5 7 58
9 11 6 0 1216
9 11 6 2 4134
9 11 6 4 2764
9 13 6 0 2294
9 13 6 2 3612
9 13 6 4 1418
9 11 7 1 2178
9 11 7 3 2350
9 11 7 5 3646
9 13 7 1 5782
9 13 7 3 2666
9 13 7 5 2216
9 11 8 10 3766
9 11 8 12 1994
9 11 8 14 2182
9 13 8 10 1716
9 13 8 12 3842
9 13 8 14 3270
9 11 9 11 1308
9 11 9 13 1406
9 11 9 15 1030
9 13 9 11 306
9 13 9 13 3134
9 13 9 15 118
9 11 10 8 350
9 11 10 12 3926
9 11 10 14 8318
9 13 10 8 84
9 13 10 12 1678
9 13 10 14 84
9 11 11 9 3510
9 11 11 13 1342
9 11 11 15 3004
9 13 11 9 1528
9 13 11 13 4498
9 13 11 15 342
9 11 12 8 2874
9 11 12 10 4836
9 11 12 14 3408
9 13 12 8 3260
9 13 12 10 516
9 13 12 14 3652
9 11 13 9 5522
9 11 13 11 2994
9 11 13 15 1022
9 13 13 9 4798
9 13 13 11 3936
9 13 13 15 3398
9 11 14 8 618
9 11 14 10 4134
9 11 14 12 3110
9 13 14 8 340
9 13 14 10 2102
9 13 14 12 1010
9 11 15 9 3704
9 11 15 11 794
9 11 15 13 4024
9 13 15 9 2334
9 13 15 11 1224
9 13 15 13 2080
10 14 0 2 4574
10 14 0 4 6230
10 14 0 6 3064
10 14 1 3 376
10 14 1 5 316
10 14 1 7 1878
10 14 2 0 2620
10 14 2 4 1716
10 14 2 6 2154
10 14 3 1 428
10 14 3 5 784
10 14 3 7 1212
10 14 4 0 874
10 14 4 2 524
10 14 4 6 3730
10 14 5 1 1410
10 14 5 3 1872
10 14 5 7 410
10 14 6 0 4604
10 14 6 2 4266
10 14 6 4 2484
10 14 7 1 3514
10 14 7 3 3696
10 14 7 5 228
10 14 8 10 514
10 14 8 12 2472
10 14 8 14 306
10 14 9 11 2654
10 14 9 13 836
10 14 9 15 210
10 14 10 8 3876
10 14 10 12 3942
10 14 10 14 2408
10 14 11 9 1376
10 14 11 13 2858
10 14 11 15 868
10 14 12 8 122
10 14 12 10 764
10 14 12 14 2134
10 14 13 9 1100
10 14 13 11 2140
10 14 13 15 5578
10 14 14 8 1750
10 14 14 10 2468
10 14 14 12 1830
10 14 15 9 1252
10 14 15 11 3284
10 14 15 13 942
11 15 0 2 2344
11 15 0 4 3476
11 15 0 6 1154
11 15 1 3 280
11 15 1 5 2958
11 15 1 7 3472
11 15 2 0 7114
11 15 2 4 170
11 15 2 6 1308
11 15 3 1 2506
11 15 3 5 572
11 15 3 7 356
11 15 4 0 4968
11 15 4 2 474
11 15 4 6 2716
11 15 5 1 2094
11 15 5 3 3834
11 15 5 7 408
11 15 6 0 3258
11 15 6 2 6612
11 15 6 4 5482
11 15 7 1 64
11 15 7 3 3354
11 15 7 5 4490
11 15 8 10 1130
11 15 8 12 1010
11 15 8 14 434
11 15 9 11 644
11 15 9 13 2068
11 15 9 15 1970
11 15 10 8 546
11 15 10 12 3230
11 15 10 14 3180
11 15 11 9 560
11 15 11 13 28
11 15 11 15 1484
11 15 12 8 796
11 15 12 10 434
11 15 12 14 190
11 15 13 9 1666
11 15 13 11 2580
11 15 13 15 848
11 15 14 8 2694
11 15 14 10 380
11 15 14 12 3498
11 15 15 9 184
11 15 15 11 1568
11 15 15 13 1128
12 14 0 2 676
12 14 0 4 1496
12 14 0 6 6260
12 14 1 3 370
12 14 1 5 218
12 14 1 7 960
12 14 2 0 1680
12 14 2 4 1372
12 14 2 6 1992
12 14 3 1 4366
12 14 3 5 662
12 14 3 7 4018
12 14 4 0 1002
12 14 4 2 1994
12 14 4 6 892
12 14 5 1 2124
12 14 5 3 814
12 14 5 7 7068
12 14 6 0 4454
12 14 6 2 480
12 14 6 4 2420
12 14 7 1 2260
12 14 7 3 282
12 14 7 5 1444
12 14 8 10 1584
12 14 8 12 176
12 14 8 14 2778
12 14 9 11 3082
12 14 9 13 3580
12 14 9 15 1478
12 14 10 8 1510
12 14 10 12 588
12 14 10 14 2106
12 14 11 9 2154
12 14 11 13 2328
12 14 11 15 6796
12 14 12 8 2882
12 14 12 10 5682
12 14 12 14 3430
12 14 13 9 2148
12 14 13 11 1906
12 14 13 15 292
12 14 14 8 1852
12 14 14 10 3004
12 14 14 12 184
12 14 15 9 784
12 14 15 11 824
12 14 15 13 5280
13 15 0 2 474
13 15 0 4 1276
13 15 0 6 4760
13 15 1 3 1040
13 15 1 5 1736
13 15 1 7 3170
13 15 2 0 2070
13 15 2 4 30
13 15 2 6 4426
13 15 3 1 1102
13 15 3 5 518
13 15 3 7 5212
13 15 4 0 4116
13 15 4 2 2092
13 15 4 6 308
13 15 5 1 1808
13 15 5 3 1898
13 15 5 7 298
13 15 6 0 3232
13 15 6 2 1278
13 15 6 4 1112
13 15 7 1 4708
13 15 7 3 520
13 15 7 5 990
13 15 8 10 1440
13 15 8 12 934
13 15 8 14 1772
13 15 9 11 4242
13 15 9 13 36
13 15 9 15 1386
13 15 10 8 906
13 15 10 12 2518
13 15 10 14 4494
13 15 11 9 3768
13 15 11 13 3376
13 15 11 15 4662
13 15 12 8 3878
13 15 12 10 5110
13 15 12 14 2266
13 15 13 9 1810
13 15 13 11 2688
13 15 13 15 1272
13 15 14 8 258
13 15 14 10 1488
13 15 14 12 2796
13 15 15 9 4634
13 15 15 11 2110
13 15 15 13 6256
