# KEY left=0xef right=0x14
# GOOD_PAIRS_BEGIN count=2
# GOOD_PAIR 0x05 0x27
# GOOD_PAIR 0x07 0x25
# GOOD_PAIRS_END
0 2 0 2 3194
0 2 0 4 2678
0 2 0 6 3680
0 4 0 2 2902
0 4 0 4 4542
0 4 0 6 3672
0 8 0 2 190
0 8 0 4 2094
0 8 0 6 5946
0 2 1 3 190
0 2 1 5 50
0 2 1 7 324
0 4 1 3 884
0 4 1 5 2370
0 4 1 7 2148
0 8 1 3 3420
0 8 1 5 3264
0 8 1 7 1482
0 2 2 0 1344
0 2 2 4 2618
0 2 2 6 936
0 4 2 0 3190
0 4 2 4 2566
0 4 2 6 518
0 8 2 0 1378
0 8 2 4 370
0 8 2 6 3192
0 2 3 1 3804
0 2 3 5 2536
0 2 3 7 470
0 4 3 1 1792
0 4 3 5 3872
0 4 3 7 4056
0 8 3 1 232
0 8 3 5 1606
0 8 3 7 676
0 2 4 0 4286
0 2 4 2 6400
0 2 4 6 440
0 4 4 0 2858
0 4 4 2 2
0 4 4 6 1692
0 8 4 0 3188
0 8 4 2 1882
0 8 4 6 698
0 2 5 1 1246
0 2 5 3 3630
0 2 5 7 7456
0 4 5 1 3766
0 4 5 3 6
0 4 5 7 1518
0 8 5 1 12
0 8 5 3 1434
0 8 5 7 2152
0 2 6 0 2558
0 2 6 2 570
0 2 6 4 5958
0 4 6 0 600
0 4 6 2 2922
0 4 6 4 152
0 8 6 0 2574
0 8 6 2 2902
0 8 6 4 2250
0 2 7 1 2314
0 2 7 3 1598
0 2 7 5 5916
0 4 7 1 1842
0 4 7 3 1498
0 4 7 5 872
0 8 7 1 762
0 8 7 3 592
0 8 7 5 646
0 2 8 10 1898
0 2 8 12 3234
0 2 8 14 2564
0 4 8 10 1510
0 4 8 12 3376
0 4 8 14 4614
0 8 8 10 1128
0 8 8 12 1792
0 8 8 14 4102
0 2 9 11 3434
0 2 9 13 2458
0 2 9 15 5104
0 4 9 11 6552
0 4 9 13 1274
0 4 9 15 2584
0 8 9 11 496
0 8 9 13 2298
0 8 9 15 3354
0 2 10 8 912
0 2 10 12 1738
0 2 10 14 2920
0 4 10 8 820
0 4 10 12 232
0 4 10 14 1016
0 8 10 8 3344
0 8 10 12 1370
0 8 10 14 1562
0 2 11 9 1032
0 2 11 13 1848
0 2 11 15 4818
0 4 11 9 1104
0 4 11 13 3512
0 4 11 15 4718
0 8 11 9 904
0 8 11 13 2714
0 8 11 15 198
0 2 12 8 2638
0 2 12 10 3194
0 2 12 14 5494
0 4 12 8 7602
0 4 12 10 152
0 4 12 14 1936
0 8 12 8 2894
0 8 12 10 2958
0 8 12 14 1570
0 2 13 9 358
0 2 13 11 3988
0 2 13 15 1046
0 4 13 9 248
0 4 13 11 6288
0 4 13 15 1540
0 8 13 9 1158
0 8 13 11 1206
0 8 13 15 2496
0 2 14 8 2048
0 2 14 10 482
0 2 14 12 2878
0 4 14 8 526
0 4 14 10 2832
0 4 14 12 3560
0 8 14 8 4322
0 8 14 10 1546
0 8 14 12 308
0 2 15 9 3560
0 2 15 11 3172
0 2 15 13 2676
0 4 15 9 3542
0 4 15 11 3676
0 4 15 13 4582
0 8 15 9 5348
0 8 15 11 7800
0 8 15 13 2900
1 3 0 2 1584
1 3 0 4 5572
1 3 0 6 1950
1 5 0 2 400
1 5 0 4 1576
1 5 0 6 1494
1 9 0 2 1192
1 9 0 4 518
1 9 0 6 3150
1 3 1 3 508
1 3 1 5 370
1 3 1 7 2006
1 5 1 3 5808
1 5 1 5 216
1 5 1 7 2274
1 9 1 3 146
1 9 1 5 1222
1 9 1 7 5100
1 3 2 0 2952
1 3 2 4 1404
1 3 2 6 6554
1 5 2 0 718
1 5 2 4 1670
1 5 2 6 1650
1 9 2 0 296
1 9 2 4 2240
1 9 2 6 2604
1 3 3 1 1986
1 3 3 5 2766
1 3 3 7 84
1 5 3 1 666
1 5 3 5 1328
1 5 3 7 3130
1 9 3 1 2392
1 9 3 5 5146
1 9 3 7 1220
1 3 4 0 736
1 3 4 2 1706
1 3 4 6 62
1 5 4 0 1098
1 5 4 2 2058
1 5 4 6 122
1 9 4 0 1358
1 9 4 2 3102
1 9 4 6 638
1 3 5 1 3430
1 3 5 3 2424
1 3 5 7 36
1 5 5 1 5310
1 5 5 3 2112
1 5 5 7 2770
1 9 5 1 3276
1 9 5 3 3236
1 9 5 7 5730
1 3 6 0 3634
1 3 6 2 1034
1 3 6 4 340
1 5 6 0 2288
1 5 6 2 1174
1 5 6 4 2472
1 9 6 0 1638
1 9 6 2 2446
1 9 6 4 2212
1 3 7 1 36
1 3 7 3 1406
1 3 7 5 3548
1 5 7 1 310
1 5 7 3 1900
1 5 7 5 2236
1 9 7 1 414
1 9 7 3 1834
1 9 7 5 5426
1 3 8 10 532
1 3 8 12 452
1 3 8 14 1332
1 5 8 10 2294
1 5 8 12 4952
1 5 8 14 2966
1 9 8 10 2380
1 9 8 12 710
1 9 8 14 802
1 3 9 11 248
1 3 9 13 4032
1 3 9 15 436
1 5 9 11 2042
1 5 9 13 2954
1 5 9 15 4946
1 9 9 11 440
1 9 9 13 2746
1 9 9 15 3038
1 3 10 8 436
1 3 10 12 1658
1 3 10 14 4352
1 5 10 8 4920
1 5 10 12 2000
1 5 10 14 3436
1 9 10 8 2344
1 9 10 12 1384
1 9 10 14 3452
1 3 11 9 2426
1 3 11 13 2864
1 3 11 15 1936
1 5 11 9 2120
1 5 11 13 1680
1 5 11 15 1196
1 9 11 9 1882
1 9 11 13 338
1 9 11 15 984
1 3 12 8 2000
1 3 12 10 128
1 3 12 14 52
1 5 12 8 1068
1 5 12 10 440
1 5 12 14 960
1 9 12 8 2316
1 9 12 10 472
1 9 12 14 4054
1 3 13 9 66
1 3 13 11 4194
1 3 13 15 2284
1 5 13 9 4028
1 5 13 11 1528
1 5 13 15 1448
1 9 13 9 986
1 9 13 11 824
1 9 13 15 2614
1 3 14 8 1388
1 3 14 10 880
1 3 14 12 1568
1 5 14 8 2874
1 5 14 10 2494
1 5 14 12 1088
1 9 14 8 1464
1 9 14 10 6320
1 9 14 12 1958
1 3 15 9 3122
1 3 15 11 2292
1 3 15 13 440
1 5 15 9 908
1 5 15 11 3778
1 5 15 13 1022
1 9 15 9 3576
1 9 15 11 2732
1 9 15 13 1960
2 6 0 2 182
2 6 0 4 3476
2 6 0 6 100
2 10 0 2 5278
2 10 0 4 3588
2 10 0 6 1448
2 6 1 3 1990
2 6 1 5 2862
2 6 1 7 2498
2 10 1 3 3056
2 10 1 5 3020
2 10 1 7 2326
2 6 2 0 66
2 6 2 4 1466
2 6 2 6 2116
2 10 2 0 2598
2 10 2 4 1516
2 10 2 6 4024
2 6 3 1 1910
2 6 3 5 784
2 6 3 7 6322
2 10 3 1 5492
2 10 3 5 2456
2 10 3 7 220
2 6 4 0 952
2 6 4 2 6796
2 6 4 6 7746
2 10 4 0 4188
2 10 4 2 7060
2 10 4 6 458
2 6 5 1 2198
2 6 5 3 82
2 6 5 7 5816
2 10 5 1 5760
2 10 5 3 1828
2 10 5 7 240
2 6 6 0 836
2 6 6 2 4014
2 6 6 4 4668
2 10 6 0 2186
2 10 6 2 2566
2 10 6 4 1394
2 6 7 1 466
2 6 7 3 34
2 6 7 5 1604
2 10 7 1 2892
2 10 7 3 184
2 10 7 5 4168
2 6 8 10 3242
2 6 8 12 242
2 6 8 14 576
2 10 8 10 2198
2 10 8 12 1568
2 10 8 14 4946
2 6 9 11 3262
2 6 9 13 2384
2 6 9 15 1000
2 10 9 11 4484
2 10 9 13 2484
2 10 9 15 2492
2 6 10 8 26
2 6 10 12 994
2 6 10 14 3028
2 10 10 8 5936
2 10 10 12 5494
2 10 10 14 3196
2 6 11 9 2430
2 6 11 13 2592
2 6 11 15 6160
2 10 11 9 588
2 10 11 13 308
2 10 11 15 1810
2 6 12 8 20
2 6 12 10 6954
2 6 12 14 1166
2 10 12 8 1962
2 10 12 10 2986
2 10 12 14 792
2 6 13 9 4176
2 6 13 11 3904
2 6 13 15 892
2 10 13 9 4842
2 10 13 11 1378
2 10 13 15 1484
2 6 14 8 2718
2 6 14 10 2034
2 6 14 12 164
2 10 14 8 1514
2 10 14 10 142
2 10 14 12 2608
2 6 15 9 1990
2 6 15 11 632
2 6 15 13 2018
2 10 15 9 2584
2 10 15 11 3944
2 10 15 13 716
3 7 0 2 2260
3 7 0 4 3458
3 7 0 6 912
3 11 0 2 3784
3 11 0 4 2296
3 11 0 6 4
3 7 1 3 1202
3 7 1 5 156
3 7 1 7 876
3 11 1 3 1126
3 11 1 5 3496
3 11 1 7 2836
3 7 2 0 4190
3 7 2 4 36
3 7 2 6 5278
3 11 2 0 876
3 11 2 4 1654
3 11 2 6 1764
3 7 3 1 3466
3 7 3 5 992
3 7 3 7 1424
3 11 3 1 2886
3 11 3 5 958
3 11 3 7 1338
3 7 4 0 792
3 7 4 2 6810
3 7 4 6 5272
3 11 4 0 148
3 11 4 2 3388
3 11 4 6 2962
3 7 5 1 32
3 7 5 3 2922
3 7 5 7 2194
3 11 5 1 458
3 11 5 3 4406
3 11 5 7 4654
3 7 6 0 4954
3 7 6 2 1538
3 7 6 4 984
3 11 6 0 44
3 11 6 2 2492
3 11 6 4 2408
3 7 7 1 2088
3 7 7 3 2762
3 7 7 5 1672
3 11 7 1 1898
3 11 7 3 5172
3 11 7 5 1044
3 7 8 10 908
3 7 8 12 2852
3 7 8 14 3086
3 11 8 10 3550
3 11 8 12 1032
3 11 8 14 1892
3 7 9 11 834
3 7 9 13 1146
3 7 9 15 480
3 11 9 11 4214
3 11 9 13 3512
3 11 9 15 1424
3 7 10 8 94
3 7 10 12 3336
3 7 10 14 102
3 11 10 8 4018
3 11 10 12 4648
3 11 10 14 3884
3 7 11 9 1650
3 7 11 13 1622
3 7 11 15 192
3 11 11 9 2612
3 11 11 13 4100
3 11 11 15 384
3 7 12 8 4210
3 7 12 10 0
3 7 12 14 306
3 11 12 8 498
3 11 12 10 4508
3 11 12 14 3940
3 7 13 9 48
3 7 13 11 3052
3 7 13 15 1386
3 11 13 9 620
3 11 13 11 1426
3 11 13 15 3790
3 7 14 8 2918
3 7 14 10 518
3 7 14 12 3682
3 11 14 8 1086
3 11 14 10 3464
3 11 14 12 2424
3 7 15 9 554
3 7 15 11 1372
3 7 15 13 2838
3 11 15 9 1776
3 11 15 11 1506
3 11 15 13 2726
4 6 0 2 62
4 6 0 4 1150
4 6 0 6 7774
4 12 0 2 1842
4 12 0 4 1352
4 12 0 6 324
4 6 1 3 3582
4 6 1 5 7886
4 6 1 7 3988
4 12 1 3 4524
4 12 1 5 3504
4 12 1 7 1022
4 6 2 0 1650
4 6 2 4 4504
4 6 2 6 3006
4 12 2 0 2192
4 12 2 4 1924
4 12 2 6 2120
4 6 3 1 1332
4 6 3 5 440
4 6 3 7 2860
4 12 3 1 3226
4 12 3 5 610
4 12 3 7 968
4 6 4 0 166
4 6 4 2 1056
4 6 4 6 5430
4 12 4 0 3622
4 12 4 2 818
4 12 4 6 3422
4 6 5 1 5094
4 6 5 3 4408
4 6 5 7 674
4 12 5 1 6130
4 12 5 3 480
4 12 5 7 2212
4 6 6 0 2486
4 6 6 2 1160
4 6 6 4 4950
4 12 6 0 486
4 12 6 2 450
4 12 6 4 2102
4 6 7 1 984
4 6 7 3 1692
4 6 7 5 204
4 12 7 1 104
4 12 7 3 2802
4 12 7 5 1706
4 6 8 10 3406
4 6 8 12 650
4 6 8 14 4334
4 12 8 10 5694
4 12 8 12 1354
4 12 8 14 3932
4 6 9 11 780
4 6 9 13 1194
4 6 9 15 2590
4 12 9 11 5668
4 12 9 13 9362
4 12 9 15 1744
4 6 10 8 5500
4 6 10 12 3178
4 6 10 14 218
4 12 10 8 28
4 12 10 12 652
4 12 10 14 4384
4 6 11 9 1094
4 6 11 13 5286
4 6 11 15 2268
4 12 11 9 1190
4 12 11 13 4716
4 12 11 15 626
4 6 12 8 3460
4 6 12 10 2730
4 6 12 14 4580
4 12 12 8 3042
4 12 12 10 1454
4 12 12 14 1658
4 6 13 9 3038
4 6 13 11 5170
4 6 13 15 446
4 12 13 9 822
4 12 13 11 2202
4 12 13 15 16
4 6 14 8 654
4 6 14 10 1492
4 6 14 12 154
4 12 14 8 1662
4 12 14 10 2106
4 12 14 12 1666
4 6 15 9 954
4 6 15 11 1078
4 6 15 13 1150
4 12 15 9 1598
4 12 15 11 2416
4 12 15 13 714
5 7 0 2 530
5 7 0 4 3244
5 7 0 6 4692
5 13 0 2 14
5 13 0 4 1856
5 13 0 6 62
5 7 1 3 2876
5 7 1 5 368
5 7 1 7 3222
5 13 1 3 1090
5 13 1 5 3324
5 13 1 7 1784
5 7 2 0 2896
5 7 2 4 3466
5 7 2 6 1778
5 13 2 0 396
5 13 2 4 2184
5 13 2 6 6210
5 7 3 1 1632
5 7 3 5 62
5 7 3 7 466
5 13 3 1 4834
5 13 3 5 4642
5 13 3 7 7740
5 7 4 0 1178
5 7 4 2 1108
5 7 4 6 302
5 13 4 0 720
5 13 4 2 1046
5 13 4 6 1182
5 7 5 1 1136
5 7 5 3 258
5 7 5 7 846
5 13 5 1 2578
5 13 5 3 1430
5 13 5 7 250
5 7 6 0 1574
5 7 6 2 2696
5 7 6 4 6092
5 13 6 0 962
5 13 6 2 6336
5 13 6 4 210
5 7 7 1 1494
5 7 7 3 744
5 7 7 5 2652
5 13 7 1 3084
5 13 7 3 3546
5 13 7 5 262
5 7 8 10 12610
5 7 8 12 4426
5 7 8 14 4228
5 13 8 10 1886
5 13 8 12 1376
5 13 8 14 66
5 7 9 11 666
5 7 9 13 356
5 7 9 15 1818
5 13 9 11 3830
5 13 9 13 1560
5 13 9 15 2254
5 7 10 8 4034
5 7 10 12 2242
5 7 10 14 1064
5 13 10 8 992
5 13 10 12 2900
5 13 10 14 366
5 7 11 9 4646
5 7 11 13 2764
5 7 11 15 2964
5 13 11 9 178
5 13 11 13 40
5 13 11 15 4450
5 7 12 8 1490
5 7 12 10 6356
5 7 12 14 1504
5 13 12 8 1284
5 13 12 10 4480
5 13 12 14 162
5 7 13 9 4196
5 7 13 11 5410
5 7 13 15 262
5 13 13 9 364
5 13 13 11 3064
5 13 13 15 3220
5 7 14 8 932
5 7 14 10 2224
5 7 14 12 3348
5 13 14 8 1366
5 13 14 10 4060
5 13 14 12 2388
5 7 15 9 3368
5 7 15 11 1152
5 7 15 13 216
5 13 15 9 3584
5 13 15 11 950
5 13 15 13 3150
6 14 0 2 2090
6 14 0 4 2906
6 14 0 6 2184
6 14 1 3 1296
6 14 1 5 1424
6 14 1 7 1602
6 14 2 0 1708
6 14 2 4 6324
6 14 2 6 1602
6 14 3 1 1140
6 14 3 5 1918
6 14 3 7 5176
6 14 4 0 830
6 14 4 2 4158
6 14 4 6 3462
6 14 5 1 1986
6 14 5 3 3014
6 14 5 7 740
6 14 6 0 1032
6 14 6 2 4856
6 14 6 4 1548
6 14 7 1 1640
6 14 7 3 7258
6 14 7 5 846
6 14 8 10 526
6 14 8 12 3230
6 14 8 14 4952
6 14 9 11 834
6 14 9 13 4280
6 14 9 15 1938
6 14 10 8 2262
6 14 10 12 1784
6 14 10 14 4906
6 14 11 9 5002
6 14 11 13 2608
6 14 11 15 560
6 14 12 8 3874
6 14 12 10 3194
6 14 12 14 2720
6 14 13 9 3960
6 14 13 11 2768
6 14 13 15 1052
6 14 14 8 2076
6 14 14 10 44
6 14 14 12 1532
6 14 15 9 256
6 14 15 11 392
6 14 15 13 2728
7 15 0 2 3422
7 15 0 4 1630
7 15 0 6 2704
7 15 1 3 5964
7 15 1 5 158
7 15 1 7 388
7 15 2 0 684
7 15 2 4 1200
7 15 2 6 1986
7 15 3 1 528
7 15 3 5 562
7 15 3 7 1614
7 15 4 0 558
7 15 4 2 2416
7 15 4 6 5092
7 15 5 1 608
7 15 5 3 2098
7 15 5 7 3612
7 15 6 0 2100
7 15 6 2 2870
7 15 6 4 732
7 15 7 1 492
7 15 7 3 2346
7 15 7 5 284
7 15 8 10 6854
7 15 8 12 2454
7 15 8 14 3058
7 15 9 11 2240
7 15 9 13 250
7 15 9 15 3618
7 15 10 8 204
7 15 10 12 200
7 15 10 14 194
7 15 11 9 3850
7 15 11 13 1364
7 15 11 15 776
7 15 12 8 3810
7 15 12 10 2242
7 15 12 14 890
7 15 13 9 936
7 15 13 11 5622
7 15 13 15 5456
7 15 14 8 1318
7 15 14 10 120
7 15 14 12 1488
7 15 15 9 1292
7 15 15 11 2278
7 15 15 13 106
8 10 0 2 3470
8 10 0 4 176
8 10 0 6 2238
8 12 0 2 1560
8 12 0 4 2318
8 12 0 6 1726
8 10 1 3 326
8 10 1 5 1508
8 10 1 7 2138
8 12 1 3 2042
8 12 1 5 390
8 12 1 7 2048
8 10 2 0 2276
8 10 2 4 608
8 10 2 6 1306
8 12 2 0 1422
8 12 2 4 2246
8 12 2 6 1802
8 10 3 1 2552
8 10 3 5 132
8 10 3 7 1914
8 12 3 1 530
8 12 3 5 1302
8 12 3 7 3946
8 10 4 0 2842
8 10 4 2 3350
8 10 4 6 2458
8 12 4 0 2386
8 12 4 2 3396
8 12 4 6 2068
8 10 5 1 2134
8 10 5 3 4076
8 10 5 7 0
8 12 5 1 302
8 12 5 3 862
8 12 5 7 724
8 10 6 0 458
8 10 6 2 2014
8 10 6 4 1694
8 12 6 0 750
8 12 6 2 952
8 12 6 4 516
8 10 7 1 1150
8 10 7 3 5076
8 10 7 5 2738
8 12 7 1 1972
8 12 7 3 216
8 12 7 5 806
8 10 8 10 4144
8 10 8 12 2328
8 10 8 14 2216
8 12 8 10 246
8 12 8 12 1000
8 12 8 14 294
8 10 9 11 3482
8 10 9 13 572
8 10 9 15 104
8 12 9 11 3598
8 12 9 13 2574
8 12 9 15 4442
8 10 10 8 194
8 10 10 12 500
8 10 10 14 2366
8 12 10 8 868
8 12 10 12 182
8 12 10 14 764
8 10 11 9 7194
8 10 11 13 266
8 10 11 15 1724
8 12 11 9 730
8 12 11 13 1342
8 12 11 15 398
8 10 12 8 246
8 10 12 10 586
8 10 12 14 2076
8 12 12 8 2366
8 12 12 10 1574
8 12 12 14 1620
8 10 13 9 148
8 10 13 11 2146
8 10 13 15 1782
8 12 13 9 1780
8 12 13 11 2210
8 12 13 15 8676
8 10 14 8 3650
8 10 14 10 1872
8 10 14 12 122
8 12 14 8 3088
8 12 14 10 986
8 12 14 12 2618
8 10 15 9 926
8 10 15 11 5068
8 10 15 13 3486
8 12 15 9 2846
8 12 15 11 1260
8 12 15 13 2736
9 11 0 2 858
9 11 0 4 1892
9 11 0 6 680
9 13 0 2 3518
9 13 0 4 48
9 13 0 6 2494
9 11 1 3 5972
9 11 1 5 1998
9 11 1 7 3502
9 13 1 3 3982
9 13 1 5 1728
9 13 1 7 1864
9 11 2 0 676
9 11 2 4 1750
9 11 2 6 3110
9 13 2 0 5548
9 13 2 4 2458
9 13 2 6 1574
9 11 3 1 120
9 11 3 5 3216
9 11 3 7 4812
9 13 3 1 4144
9 13 3 5 2294
9 13 3 7 2972
9 11 4 0 5224
9 11 4 2 2392
9 11 4 6 5752
9 13 4 0 350
9 13 4 2 4724
9 13 4 6 2794
9 11 5 1 6128
9 11 5 3 1246
9 11 5 7 1698
9 13 5 1 5756
9 13 5 3 2916
9 13 5 7 3042
9 11 6 0 488
9 11 6 2 1868
9 11 6 4 644
9 13 6 0 902
9 13 6 2 4322
9 13 6 4 4254
9 11 7 1 4536
9 11 7 3 618
9 11 7 5 1316
9 13 7 1 3058
9 13 7 3 2482
9 13 7 5 1410
9 11 8 10 676
9 11 8 12 2864
9 11 8 14 654
9 13 8 10 3466
9 13 8 12 930
9 13 8 14 2346
9 11 9 11 5724
9 11 9 13 4940
9 11 9 15 1382
9 13 9 11 962
9 13 9 13 1214
9 13 9 15 1580
9 11 10 8 5192
9 11 10 12 4268
9 11 10 14 92
9 13 10 8 496
9 13 10 12 766
9 13 10 14 0
9 11 11 9 2432
9 11 11 13 2230
9 11 11 15 2472
9 13 11 9 264
9 13 11 13 5182
9 13 11 15 1666
9 11 12 8 972
9 11 12 10 782
9 11 12 14 1744
9 13 12 8 3644
9 13 12 10 24
9 13 12 14 104
9 11 13 9 282
9 11 13 11 3820
9 11 13 15 1502
9 13 13 9 2620
9 13 13 11 1244
9 13 13 15 3342
9 11 14 8 856
9 11 14 10 2992
9 11 14 12 5232
9 13 14 8 2132
9 13 14 10 2100
9 13 14 12 1670
9 11 15 9 3490
9 11 15 11 886
9 11 15 13 1414
9 13 15 9 2814
9 13 15 11 466
9 13 15 13 86
10 14 0 2 3328
10 14 0 4 1352
10 14 0 6 4174
10 14 1 3 2090
10 14 1 5 1936
10 14 1 7 3120
10 14 2 0 6994
10 14 2 4 8482
10 14 2 6 424
10 14 3 1 52
10 14 3 5 5366
10 14 3 7 3928
10 14 4 0 2206
10 14 4 2 3130
10 14 4 6 1922
10 14 5 1 5516
10 14 5 3 7894
10 14 5 7 5434
10 14 6 0 252
10 14 6 2 5194
10 14 6 4 1906
10 14 7 1 2300
10 14 7 3 2272
10 14 7 5 230
10 14 8 10 2394
10 14 8 12 4264
10 14 8 14 3550
10 14 9 11 4576
10 14 9 13 4630
10 14 9 15 2702
10 14 10 8 740
10 14 10 12 1564
10 14 10 14 362
10 14 11 9 414
10 14 11 13 7170
10 14 11 15 302
10 14 12 8 1218
10 14 12 10 2686
10 14 12 14 1194
10 14 13 9 3166
10 14 13 11 852
10 14 13 15 938
10 14 14 8 3336
10 14 14 10 1422
10 14 14 12 3278
10 14 15 9 1010
10 14 15 11 2342
10 14 15 13 1808
11 15 0 2 780
11 15 0 4 3820
11 15 0 6 876
11 15 1 3 5442
11 15 1 5 3048
11 15 1 7 1640
11 15 2 0 2442
11 15 2 4 4122
11 15 2 6 2622
11 15 3 1 5422
11 15 3 5 4912
11 15 3 7 3352
11 15 4 0 24
11 15 4 2 1874
11 15 4 6 2272
11 15 5 1 252
11 15 5 3 6636
11 15 5 7 3168
11 15 6 0 3036
11 15 6 2 1360
11 15 6 4 3790
11 15 7 1 3490
11 15 7 3 2942
11 15 7 5 2386
11 15 8 10 1546
11 15 8 12 2918
11 15 8 14 2594
11 15 9 11 1738
11 15 9 13 2860
11 15 9 15 2334
11 15 10 8 1960
11 15 10 12 1324
11 15 10 14 1874
11 15 11 9 646
11 15 11 13 2752
11 15 11 15 3962
11 15 12 8 5990
11 15 12 10 1256
11 15 12 14 1538
11 15 13 9 1886
11 15 13 11 444
11 15 13 15 2054
11 15 14 8 7740
11 15 14 10 2434
11 15 14 12 2834
11 15 15 9 2014
11 15 15 11 1864
11 15 15 13 1938
12 14 0 2 5644
12 14 0 4 204
12 14 0 6 1162
12 14 1 3 180
12 14 1 5 1290
12 14 1 7 2566
12 14 2 0 3432
12 14 2 4 838
12 14 2 6 2054
12 14 3 1 3446
12 14 3 5 2016
12 14 3 7 1196
12 14 4 0 2142
12 14 4 2 3572
12 14 4 6 1980
12 14 5 1 2798
12 14 5 3 1968
12 14 5 7 2448
12 14 6 0 676
12 14 6 2 1696
12 14 6 4 1160
12 14 7 1 782
12 14 7 3 572
12 14 7 5 3992
12 14 8 10 54
12 14 8 12 1702
12 14 8 14 3916
12 14 9 11 2724
12 14 9 13 2354
12 14 9 15 728
12 14 10 8 968
12 14 10 12 1680
12 14 10 14 1876
12 14 11 9 4266
12 14 11 13 1558
12 14 11 15 1398
12 14 12 8 4386
12 14 12 10 3746
12 14 12 14 1574
12 14 13 9 2608
12 14 13 11 182
12 14 13 15 4014
12 14 14 8 2924
12 14 14 10 324
12 14 14 12 760
12 14 15 9 1362
12 14 15 11 536
12 14 15 13 2990
13 15 0 2 3036
13 15 0 4 2650
13 15 0 6 22
13 15 1 3 700
13 15 1 5 2818
13 15 1 7 1544
13 15 2 0 4292
13 15 2 4 2892
13 15 2 6 4570
13 15 3 1 254
13 15 3 5 3696
13 15 3 7 4200
13 15 4 0 114
13 15 4 2 2972
13 15 4 6 556
13 15 5 1 2940
13 15 5 3 810
13 15 5 7 2252
13 15 6 0 840
13 15 6 2 2192
13 15 6 4 1236
13 15 7 1 50
13 15 7 3 110
13 15 7 5 1816
13 15 8 10 4384
13 15 8 12 2718
13 15 8 14 358
13 15 9 11 278
13 15 9 13 3568
13 15 9 15 4448
13 15 10 8 1506
13 15 10 12 356
13 15 10 14 330
13 15 11 9 384
13 15 11 13 4586
13 15 11 15 804
13 15 12 8 4590
13 15 12 10 3260
13 15 12 14 570
13 15 13 9 1614
13 15 13 11 364
13 15 13 15 504
13 15 14 8 3088
13 15 14 10 1268
13 15 14 12 2070
13 15 15 9 1328
13 15 15 11 1398
13 15 15 13 510
