# KEY left=0x60 right=0x19
# GOOD_PAIRS_BEGIN count=4
# GOOD_PAIR 0x88 0xaa
# GOOD_PAIR 0x8a 0xa8
# GOOD_PAIR 0x38 0x7a
# GOOD_PAIR 0x3a 0x78
# GOOD_PAIRS_END
0 2 0 2 6660
0 2 0 4 8372
0 2 0 6 13128
0 4 0 2 4826
0 4 0 4 23102
0 4 0 6 7696
0 8 0 2 13552
0 8 0 4 27054
0 8 0 6 10772
0 2 1 3 1496
0 2 1 5 22238
0 2 1 7 7880
0 4 1 3 5996
0 4 1 5 12074
0 4 1 7 35908
0 8 1 3 17724
0 8 1 5 1544
0 8 1 7 11624
0 2 2 0 4834
0 2 2 4 8312
0 2 2 6 2144
0 4 2 0 11154
0 4 2 4 15814
0 4 2 6 7000
0 8 2 0 22336
0 8 2 4 12828
0 8 2 6 5744
0 2 3 1 40654
0 2 3 5 7418
0 2 3 7 2576
0 4 3 1 9126
0 4 3 5 4298
0 4 3 7 5682
0 8 3 1 20532
0 8 3 5 4042
0 8 3 7 16388
0 2 4 0 4570
0 2 4 2 2716
0 2 4 6 10788
0 4 4 0 3940
0 4 4 2 11180
0 4 4 6 8024
0 8 4 0 3144
0 8 4 2 2060
0 8 4 6 9404
0 2 5 1 7078
0 2 5 3 17368
0 2 5 7 30734
0 4 5 1 10906
0 4 5 3 20112
0 4 5 7 10544
0 8 5 1 3664
0 8 5 3 15154
0 8 5 7 13906
0 2 6 0 838
0 2 6 2 37868
0 2 6 4 1902
0 4 6 0 15022
0 4 6 2 10626
0 4 6 4 12956
0 8 6 0 23938
0 8 6 2 6346
0 8 6 4 12088
0 2 7 1 3404
0 2 7 3 1338
0 2 7 5 3712
0 4 7 1 22612
0 4 7 3 13176
0 4 7 5 21988
0 8 7 1 2200
0 8 7 3 22004
0 8 7 5 7480
0 2 8 10 18728
0 2 8 12 13914
0 2 8 14 7520
0 4 8 10 18652
0 4 8 12 9974
0 4 8 14 19972
0 8 8 10 8248
0 8 8 12 9572
0 8 8 14 32964
0 2 9 11 25246
0 2 9 13 23880
0 2 9 15 26792
0 4 9 11 532
0 4 9 13 17540
0 4 9 15 6118
0 8 9 11 690
0 8 9 13 11712
0 8 9 15 4150
0 2 10 8 17132
0 2 10 12 26716
0 2 10 14 11012
0 4 10 8 22396
0 4 10 12 13474
0 4 10 14 94
0 8 10 8 1316
0 8 10 12 16508
0 8 10 14 4510
0 2 11 9 14432
0 2 11 13 3646
0 2 11 15 5422
0 4 11 9 9700
0 4 11 13 2686
0 4 11 15 15330
0 8 11 9 26560
0 8 11 13 32370
0 8 11 15 9160
0 2 12 8 5814
0 2 12 10 8808
0 2 12 14 13810
0 4 12 8 2994
0 4 12 10 5970
0 4 12 14 14754
0 8 12 8 4190
0 8 12 10 7884
0 8 12 14 4416
0 2 13 9 18728
0 2 13 11 26910
0 2 13 15 7166
0 4 13 9 16730
0 4 13 11 13484
0 4 13 15 4180
0 8 13 9 11608
0 8 13 11 1184
0 8 13 15 19784
0 2 14 8 10258
0 2 14 10 220
0 2 14 12 3668
0 4 14 8 35000
0 4 14 10 14468
0 4 14 12 11060
0 8 14 8 7594
0 8 14 10 2168
0 8 14 12 34118
0 2 15 9 9586
0 2 15 11 12618
0 2 15 13 4608
0 4 15 9 13872
0 4 15 11 16162
0 4 15 13 20914
0 8 15 9 31250
0 8 15 11 10776
0 8 15 13 31670
1 3 0 2 7640
1 3 0 4 17498
1 3 0 6 15002
1 5 0 2 10600
1 5 0 4 17102
1 5 0 6 35970
1 9 0 2 21650
1 9 0 4 5476
1 9 0 6 310
1 3 1 3 10860
1 3 1 5 22010
1 3 1 7 19294
1 5 1 3 13382
1 5 1 5 19378
1 5 1 7 8724
1 9 1 3 5636
1 9 1 5 32986
1 9 1 7 6460
1 3 2 0 13740
1 3 2 4 27812
1 3 2 6 15288
1 5 2 0 21558
1 5 2 4 7270
1 5 2 6 15680
1 9 2 0 2252
1 9 2 4 31020
1 9 2 6 676
1 3 3 1 17616
1 3 3 5 17484
1 3 3 7 1762
1 5 3 1 14726
1 5 3 5 11298
1 5 3 7 4282
1 9 3 1 6088
1 9 3 5 5558
1 9 3 7 14134
1 3 4 0 33938
1 3 4 2 18016
1 3 4 6 2286
1 5 4 0 5980
1 5 4 2 38074
1 5 4 6 13104
1 9 4 0 18244
1 9 4 2 1500
1 9 4 6 21584
1 3 5 1 12216
1 3 5 3 2438
1 3 5 7 6498
1 5 5 1 21880
1 5 5 3 3392
1 5 5 7 28154
1 9 5 1 6142
1 9 5 3 11866
1 9 5 7 3266
1 3 6 0 3894
1 3 6 2 7286
1 3 6 4 16178
1 5 6 0 28604
1 5 6 2 2126
1 5 6 4 12716
1 9 6 0 8960
1 9 6 2 22080
1 9 6 4 4866
1 3 7 1 9858
1 3 7 3 7902
1 3 7 5 6308
1 5 7 1 5502
1 5 7 3 21544
1 5 7 5 1412
1 9 7 1 2852
1 9 7 3 22282
1 9 7 5 10110
1 3 8 10 31106
1 3 8 12 13070
1 3 8 14 3358
1 5 8 10 10376
1 5 8 12 30826
1 5 8 14 14762
1 9 8 10 7686
1 9 8 12 3058
1 9 8 14 12100
1 3 9 11 10582
1 3 9 13 1522
1 3 9 15 27866
1 5 9 11 1164
1 5 9 13 1534
1 5 9 15 20882
1 9 9 11 11818
1 9 9 13 6168
1 9 9 15 5198
1 3 10 8 5036
1 3 10 12 12098
1 3 10 14 3350
1 5 10 8 1338
1 5 10 12 12930
1 5 10 14 11444
1 9 10 8 19920
1 9 10 12 19422
1 9 10 14 13110
1 3 11 9 3014
1 3 11 13 8126
1 3 11 15 4828
1 5 11 9 11534
1 5 11 13 2086
1 5 11 15 9328
1 9 11 9 6418
1 9 11 13 2416
1 9 11 15 5608
1 3 12 8 11212
1 3 12 10 8934
1 3 12 14 15626
1 5 12 8 1320
1 5 12 10 290
1 5 12 14 5288
1 9 12 8 13716
1 9 12 10 35116
1 9 12 14 12350
1 3 13 9 20418
1 3 13 11 15132
1 3 13 15 9846
1 5 13 9 14812
1 5 13 11 7430
1 5 13 15 24806
1 9 13 9 12408
1 9 13 11 11400
1 9 13 15 5818
1 3 14 8 1512
1 3 14 10 1874
1 3 14 12 20708
1 5 14 8 19290
1 5 14 10 8632
1 5 14 12 55914
1 9 14 8 25290
1 9 14 10 7578
1 9 14 12 4360
1 3 15 9 22856
1 3 15 11 2954
1 3 15 13 6578
1 5 15 9 9092
1 5 15 11 590
1 5 15 13 4900
1 9 15 9 19808
1 9 15 11 21904
1 9 15 13 1860
2 6 0 2 24536
2 6 0 4 11416
2 6 0 6 10584
2 10 0 2 24988
2 10 0 4 13170
2 10 0 6 2190
2 6 1 3 40150
2 6 1 5 2104
2 6 1 7 17516
2 10 1 3 16214
2 10 1 5 10628
2 10 1 7 25410
2 6 2 0 8190
2 6 2 4 15946
2 6 2 6 8738
2 10 2 0 5370
2 10 2 4 13260
2 10 2 6 8842
2 6 3 1 1816
2 6 3 5 4500
2 6 3 7 10354
2 10 3 1 15438
2 10 3 5 1698
2 10 3 7 2798
2 6 4 0 916
2 6 4 2 12822
2 6 4 6 4362
2 10 4 0 13098
2 10 4 2 45422
2 10 4 6 24224
2 6 5 1 2750
2 6 5 3 7606
2 6 5 7 2894
2 10 5 1 10000
2 10 5 3 20818
2 10 5 7 15674
2 6 6 0 3896
2 6 6 2 20168
2 6 6 4 11522
2 10 6 0 11496
2 10 6 2 20544
2 10 6 4 22612
2 6 7 1 18422
2 6 7 3 8988
2 6 7 5 2614
2 10 7 1 12158
2 10 7 3 8280
2 10 7 5 11038
2 6 8 10 17314
2 6 8 12 7276
2 6 8 14 364
2 10 8 10 22520
2 10 8 12 772
2 10 8 14 4190
2 6 9 11 1662
2 6 9 13 10384
2 6 9 15 17806
2 10 9 11 1458
2 10 9 13 4732
2 10 9 15 11906
2 6 10 8 1914
2 6 10 12 5684
2 6 10 14 17706
2 10 10 8 1696
2 10 10 12 17660
2 10 10 14 4350
2 6 11 9 14350
2 6 11 13 9340
2 6 11 15 30762
2 10 11 9 9608
2 10 11 13 5638
2 10 11 15 6086
2 6 12 8 758
2 6 12 10 202
2 6 12 14 9826
2 10 12 8 18892
2 10 12 10 30854
2 10 12 14 18592
2 6 13 9 8472
2 6 13 11 3360
2 6 13 15 4570
2 10 13 9 19294
2 10 13 11 12346
2 10 13 15 15206
2 6 14 8 19040
2 6 14 10 11110
2 6 14 12 1296
2 10 14 8 9172
2 10 14 10 2294
2 10 14 12 12890
2 6 15 9 8114
2 6 15 11 2326
2 6 15 13 42530
2 10 15 9 6378
2 10 15 11 12134
2 10 15 13 9530
3 7 0 2 24844
3 7 0 4 20568
3 7 0 6 14872
3 11 0 2 1904
3 11 0 4 11934
3 11 0 6 15970
3 7 1 3 16710
3 7 1 5 10394
3 7 1 7 12912
3 11 1 3 17618
3 11 1 5 31722
3 11 1 7 39274
3 7 2 0 4640
3 7 2 4 10824
3 7 2 6 17654
3 11 2 0 6158
3 11 2 4 8272
3 11 2 6 19716
3 7 3 1 25316
3 7 3 5 11892
3 7 3 7 2204
3 11 3 1 9600
3 11 3 5 228
3 11 3 7 17896
3 7 4 0 2466
3 7 4 2 17816
3 7 4 6 346
3 11 4 0 4822
3 11 4 2 15000
3 11 4 6 4160
3 7 5 1 28372
3 7 5 3 29372
3 7 5 7 11866
3 11 5 1 17608
3 11 5 3 6796
3 11 5 7 14910
3 7 6 0 13462
3 7 6 2 14574
3 7 6 4 11870
3 11 6 0 27054
3 11 6 2 6634
3 11 6 4 9780
3 7 7 1 5972
3 7 7 3 10490
3 7 7 5 25512
3 11 7 1 12950
3 11 7 3 11398
3 11 7 5 25398
3 7 8 10 110384
3 7 8 12 23690
3 7 8 14 15750
3 11 8 10 1910
3 11 8 12 16532
3 11 8 14 4220
3 7 9 11 8366
3 7 9 13 17344
3 7 9 15 8428
3 11 9 11 21000
3 11 9 13 25142
3 11 9 15 23862
3 7 10 8 134908
3 7 10 12 9012
3 7 10 14 11018
3 11 10 8 16532
3 11 10 12 4722
3 11 10 14 28070
3 7 11 9 7186
3 7 11 13 18628
3 7 11 15 9144
3 11 11 9 15718
3 11 11 13 25686
3 11 11 15 3056
3 7 12 8 1526
3 7 12 10 3206
3 7 12 14 6556
3 11 12 8 5224
3 11 12 10 19130
3 11 12 14 7188
3 7 13 9 4110
3 7 13 11 11562
3 7 13 15 1624
3 11 13 9 7710
3 11 13 11 19946
3 11 13 15 8784
3 7 14 8 8810
3 7 14 10 8316
3 7 14 12 3756
3 11 14 8 4634
3 11 14 10 1458
3 11 14 12 1342
3 7 15 9 5964
3 7 15 11 3172
3 7 15 13 17940
3 11 15 9 18616
3 11 15 11 8236
3 11 15 13 3112
4 6 0 2 11382
4 6 0 4 5820
4 6 0 6 13152
4 12 0 2 9230
4 12 0 4 2278
4 12 0 6 16320
4 6 1 3 9360
4 6 1 5 13124
4 6 1 7 6172
4 12 1 3 3616
4 12 1 5 13620
4 12 1 7 34768
4 6 2 0 8198
4 6 2 4 3208
4 6 2 6 15410
4 12 2 0 4116
4 12 2 4 5810
4 12 2 6 28986
4 6 3 1 35878
4 6 3 5 21056
4 6 3 7 12946
4 12 3 1 786
4 12 3 5 6896
4 12 3 7 22032
4 6 4 0 18466
4 6 4 2 26908
4 6 4 6 37234
4 12 4 0 2878
4 12 4 2 18324
4 12 4 6 6580
4 6 5 1 24626
4 6 5 3 13246
4 6 5 7 21226
4 12 5 1 7308
4 12 5 3 9634
4 12 5 7 2162
4 6 6 0 15462
4 6 6 2 9902
4 6 6 4 6540
4 12 6 0 12940
4 12 6 2 19840
4 12 6 4 10968
4 6 7 1 1676
4 6 7 3 11792
4 6 7 5 3658
4 12 7 1 10382
4 12 7 3 15340
4 12 7 5 5322
4 6 8 10 5890
4 6 8 12 8814
4 6 8 14 368
4 12 8 10 8118
4 12 8 12 1970
4 12 8 14 18310
4 6 9 11 3404
4 6 9 13 554
4 6 9 15 13000
4 12 9 11 10006
4 12 9 13 5994
4 12 9 15 25738
4 6 10 8 5270
4 6 10 12 34418
4 6 10 14 5066
4 12 10 8 22588
4 12 10 12 9368
4 12 10 14 14142
4 6 11 9 11606
4 6 11 13 25552
4 6 11 15 6104
4 12 11 9 19076
4 12 11 13 16590
4 12 11 15 35204
4 6 12 8 15722
4 6 12 10 20534
4 6 12 14 31118
4 12 12 8 11276
4 12 12 10 4528
4 12 12 14 19602
4 6 13 9 22164
4 6 13 11 18432
4 6 13 15 14248
4 12 13 9 9872
4 12 13 11 16316
4 12 13 15 27156
4 6 14 8 2238
4 6 14 10 392
4 6 14 12 88
4 12 14 8 4220
4 12 14 10 1466
4 12 14 12 13444
4 6 15 9 22404
4 6 15 11 13020
4 6 15 13 8716
4 12 15 9 5584
4 12 15 11 16270
4 12 15 13 14304
5 7 0 2 31466
5 7 0 4 17512
5 7 0 6 10568
5 13 0 2 29468
5 13 0 4 7346
5 13 0 6 12902
5 7 1 3 3514
5 7 1 5 5464
5 7 1 7 10292
5 13 1 3 5448
5 13 1 5 2876
5 13 1 7 10464
5 7 2 0 9388
5 7 2 4 10854
5 7 2 6 11764
5 13 2 0 6604
5 13 2 4 9916
5 13 2 6 18464
5 7 3 1 15700
5 7 3 5 4130
5 7 3 7 15516
5 13 3 1 18206
5 13 3 5 442
5 13 3 7 10694
5 7 4 0 7460
5 7 4 2 1836
5 7 4 6 1154
5 13 4 0 3710
5 13 4 2 14926
5 13 4 6 14608
5 7 5 1 17642
5 7 5 3 3380
5 7 5 7 5928
5 13 5 1 7634
5 13 5 3 11474
5 13 5 7 3122
5 7 6 0 47190
5 7 6 2 29584
5 7 6 4 24928
5 13 6 0 3790
5 13 6 2 34438
5 13 6 4 27322
5 7 7 1 9884
5 7 7 3 7364
5 7 7 5 16920
5 13 7 1 12334
5 13 7 3 8768
5 13 7 5 29624
5 7 8 10 13338
5 7 8 12 5590
5 7 8 14 10056
5 13 8 10 12756
5 13 8 12 1474
5 13 8 14 4814
5 7 9 11 30914
5 7 9 13 20846
5 7 9 15 23182
5 13 9 11 15652
5 13 9 13 7606
5 13 9 15 3836
5 7 10 8 18932
5 7 10 12 11234
5 7 10 14 15010
5 13 10 8 11694
5 13 10 12 25096
5 13 10 14 4600
5 7 11 9 4690
5 7 11 13 19432
5 7 11 15 7234
5 13 11 9 156
5 13 11 13 2304
5 13 11 15 21512
5 7 12 8 21334
5 7 12 10 11922
5 7 12 14 15228
5 13 12 8 11504
5 13 12 10 2488
5 13 12 14 8448
5 7 13 9 22896
5 7 13 11 1226
5 7 13 15 4194
5 13 13 9 9058
5 13 13 11 12516
5 13 13 15 5430
5 7 14 8 3120
5 7 14 10 3918
5 7 14 12 19780
5 13 14 8 8336
5 13 14 10 16076
5 13 14 12 538
5 7 15 9 10112
5 7 15 11 8174
5 7 15 13 18034
5 13 15 9 702
5 13 15 11 2872
5 13 15 13 29506
6 14 0 2 7366
6 14 0 4 22852
6 14 0 6 20880
6 14 1 3 20294
6 14 1 5 6922
6 14 1 7 26488
6 14 2 0 28332
6 14 2 4 14010
6 14 2 6 10510
6 14 3 1 12516
6 14 3 5 11976
6 14 3 7 10138
6 14 4 0 12412
6 14 4 2 15506
6 14 4 6 1214
6 14 5 1 11572
6 14 5 3 6356
6 14 5 7 5872
6 14 6 0 6350
6 14 6 2 17416
6 14 6 4 2664
6 14 7 1 13020
6 14 7 3 21138
6 14 7 5 7588
6 14 8 10 19002
6 14 8 12 7344
6 14 8 14 6406
6 14 9 11 21578
6 14 9 13 1804
6 14 9 15 11100
6 14 10 8 11842
6 14 10 12 12778
6 14 10 14 6622
6 14 11 9 12692
6 14 11 13 3534
6 14 11 15 7670
6 14 12 8 32220
6 14 12 10 2700
6 14 12 14 16288
6 14 13 9 20294
6 14 13 11 8080
6 14 13 15 3232
6 14 14 8 1906
6 14 14 10 6462
6 14 14 12 11152
6 14 15 9 27570
6 14 15 11 19136
6 14 15 13 10594
7 15 0 2 1760
7 15 0 4 35208
7 15 0 6 16810
7 15 1 3 28570
7 15 1 5 15222
7 15 1 7 6478
7 15 2 0 16178
7 15 2 4 14960
7 15 2 6 3680
7 15 3 1 21628
7 15 3 5 26260
7 15 3 7 27174
7 15 4 0 4358
7 15 4 2 4946
7 15 4 6 9618
7 15 5 1 24762
7 15 5 3 20704
7 15 5 7 14260
7 15 6 0 13146
7 15 6 2 14206
7 15 6 4 9922
7 15 7 1 8594
7 15 7 3 15348
7 15 7 5 6444
7 15 8 10 4274
7 15 8 12 12224
7 15 8 14 25998
7 15 9 11 15522
7 15 9 13 12432
7 15 9 15 1486
7 15 10 8 7986
7 15 10 12 13628
7 15 10 14 38790
7 15 11 9 39668
7 15 11 13 27160
7 15 11 15 52660
7 15 12 8 10036
7 15 12 10 4352
7 15 12 14 6150
7 15 13 9 5474
7 15 13 11 26970
7 15 13 15 29358
7 15 14 8 16296
7 15 14 10 13924
7 15 14 12 12922
7 15 15 9 17284
7 15 15 11 11822
7 15 15 13 17712
8 10 0 2 17436
8 10 0 4 4154
8 10 0 6 6688
8 12 0 2 2240
8 12 0 4 18160
8 12 0 6 16408
8 10 1 3 9540
8 10 1 5 9780
8 10 1 7 23058
8 12 1 3 17076
8 12 1 5 522
8 12 1 7 142
8 10 2 0 34678
8 10 2 4 12606
8 10 2 6 9800
8 12 2 0 29318
8 12 2 4 2920
8 12 2 6 3388
8 10 3 1 32024
8 10 3 5 14322
8 10 3 7 12708
8 12 3 1 27192
8 12 3 5 22474
8 12 3 7 10602
8 10 4 0 3998
8 10 4 2 5610
8 10 4 6 20156
8 12 4 0 12810
8 12 4 2 20642
8 12 4 6 2664
8 10 5 1 13058
8 10 5 3 27332
8 10 5 7 11950
8 12 5 1 15476
8 12 5 3 19128
8 12 5 7 22148
8 10 6 0 16046
8 10 6 2 7716
8 10 6 4 34748
8 12 6 0 17230
8 12 6 2 1976
8 12 6 4 27156
8 10 7 1 7898
8 10 7 3 30098
8 10 7 5 5888
8 12 7 1 23182
8 12 7 3 4476
8 12 7 5 30794
8 10 8 10 108882
8 10 8 12 12696
8 10 8 14 2366
8 12 8 10 22154
8 12 8 12 17304
8 12 8 14 16696
8 10 9 11 674
8 10 9 13 31948
8 10 9 15 28224
8 12 9 11 10636
8 12 9 13 19844
8 12 9 15 24990
8 10 10 8 93526
8 10 10 12 8796
8 10 10 14 12098
8 12 10 8 1526
8 12 10 12 5864
8 12 10 14 5186
8 10 11 9 24818
8 10 11 13 3878
8 10 11 15 1206
8 12 11 9 10808
8 12 11 13 12566
8 12 11 15 1990
8 10 12 8 17144
8 10 12 10 9426
8 10 12 14 250
8 12 12 8 3004
8 12 12 10 778
8 12 12 14 19368
8 10 13 9 3154
8 10 13 11 6268
8 10 13 15 9514
8 12 13 9 27468
8 12 13 11 4044
8 12 13 15 28406
8 10 14 8 11858
8 10 14 10 11634
8 10 14 12 3406
8 12 14 8 18870
8 12 14 10 1578
8 12 14 12 5848
8 10 15 9 25968
8 10 15 11 3134
8 10 15 13 19050
8 12 15 9 2202
8 12 15 11 9794
8 12 15 13 6338
9 11 0 2 22204
9 11 0 4 17258
9 11 0 6 10360
9 13 0 2 1222
9 13 0 4 286
9 13 0 6 4320
9 11 1 3 6738
9 11 1 5 8060
9 11 1 7 9798
9 13 1 3 21170
9 13 1 5 8058
9 13 1 7 19802
9 11 2 0 8666
9 11 2 4 1170
9 11 2 6 15272
9 13 2 0 5264
9 13 2 4 3472
9 13 2 6 6816
9 11 3 1 3708
9 11 3 5 16718
9 11 3 7 12854
9 13 3 1 9902
9 13 3 5 12696
9 13 3 7 30448
9 11 4 0 20322
9 11 4 2 9684
9 11 4 6 16252
9 13 4 0 14098
9 13 4 2 16650
9 13 4 6 3050
9 11 5 1 6268
9 11 5 3 11372
9 11 5 7 24140
9 13 5 1 3118
9 13 5 3 15862
9 13 5 7 21576
9 11 6 0 31750
9 11 6 2 12434
9 11 6 4 6218
9 13 6 0 11602
9 13 6 2 10288
9 13 6 4 5340
9 11 7 1 28828
9 11 7 3 4136
9 11 7 5 2580
9 13 7 1 14544
9 13 7 3 36348
9 13 7 5 1028
9 11 8 10 37996
9 11 8 12 27234
9 11 8 14 11058
9 13 8 10 1594
9 13 8 12 6322
9 13 8 14 16050
9 11 9 11 5506
9 11 9 13 16468
9 11 9 15 522
9 13 9 11 4220
9 13 9 13 6154
9 13 9 15 19074
9 11 10 8 9462
9 11 10 12 15412
9 11 10 14 4932
9 13 10 8 6384
9 13 10 12 19294
9 13 10 14 13954
9 11 11 9 3442
9 11 11 13 27504
9 11 11 15 10692
9 13 11 9 18642
9 13 11 13 31608
9 13 11 15 5122
9 11 12 8 5834
9 11 12 10 4
9 11 12 14 37264
9 13 12 8 6412
9 13 12 10 27150
9 13 12 14 4042
9 11 13 9 2698
9 11 13 11 1918
9 11 13 15 2516
9 13 13 9 21324
9 13 13 11 32634
9 13 13 15 4554
9 11 14 8 11766
9 11 14 10 9014
9 11 14 12 17046
9 13 14 8 152
9 13 14 10 928
9 13 14 12 18090
9 11 15 9 17486
9 11 15 11 3282
9 11 15 13 10792
9 13 15 9 2180
9 13 15 11 5868
9 13 15 13 9998
10 14 0 2 5774
10 14 0 4 10186
10 14 0 6 7228
10 14 1 3 6136
10 14 1 5 6558
10 14 1 7 43146
10 14 2 0 32146
10 14 2 4 9276
10 14 2 6 14916
10 14 3 1 10660
10 14 3 5 26864
10 14 3 7 2928
10 14 4 0 23888
10 14 4 2 3876
10 14 4 6 17446
10 14 5 1 31262
10 14 5 3 3516
10 14 5 7 1684
10 14 6 0 2380
10 14 6 2 41512
10 14 6 4 3798
10 14 7 1 20438
10 14 7 3 21200
10 14 7 5 9850
10 14 8 10 9226
10 14 8 12 2282
10 14 8 14 8218
10 14 9 11 8354
10 14 9 13 870
10 14 9 15 6846
10 14 10 8 3346
10 14 10 12 7780
10 14 10 14 5696
10 14 11 9 38770
10 14 11 13 7736
10 14 11 15 26776
10 14 12 8 29680
10 14 12 10 5592
10 14 12 14 3002
10 14 13 9 60
10 14 13 11 656
10 14 13 15 19334
10 14 14 8 150
10 14 14 10 13876
10 14 14 12 15264
10 14 15 9 1346
10 14 15 11 4000
10 14 15 13 19636
11 15 0 2 19260
11 15 0 4 5366
11 15 0 6 614
11 15 1 3 5458
11 15 1 5 17964
11 15 1 7 11918
11 15 2 0 29684
11 15 2 4 17148
11 15 2 6 8330
11 15 3 1 17570
11 15 3 5 3304
11 15 3 7 15386
11 15 4 0 1396
11 15 4 2 24716
11 15 4 6 27162
11 15 5 1 21088
11 15 5 3 112
11 15 5 7 4604
11 15 6 0 7874
11 15 6 2 974
11 15 6 4 7440
11 15 7 1 17582
11 15 7 3 5514
11 15 7 5 2328
11 15 8 10 13832
11 15 8 12 21522
11 15 8 14 7844
11 15 9 11 10984
11 15 9 13 25328
11 15 9 15 24106
11 15 10 8 1626
11 15 10 12 992
11 15 10 14 3190
11 15 11 9 14740
11 15 11 13 4666
11 15 11 15 13230
11 15 12 8 13022
11 15 12 10 11274
11 15 12 14 5868
11 15 13 9 16018
11 15 13 11 6078
11 15 13 15 2976
11 15 14 8 7146
11 15 14 10 3006
11 15 14 12 6314
11 15 15 9 8344
11 15 15 11 6474
11 15 15 13 16538
12 14 0 2 26344
12 14 0 4 8768
12 14 0 6 900
12 14 1 3 6912
12 14 1 5 18884
12 14 1 7 22254
12 14 2 0 6344
12 14 2 4 2724
12 14 2 6 16264
12 14 3 1 3186
12 14 3 5 6284
12 14 3 7 18254
12 14 4 0 1300
12 14 4 2 11112
12 14 4 6 18460
12 14 5 1 40366
12 14 5 3 3428
12 14 5 7 6564
12 14 6 0 7812
12 14 6 2 988
12 14 6 4 180
12 14 7 1 2552
12 14 7 3 6582
12 14 7 5 15822
12 14 8 10 2840
12 14 8 12 220
12 14 8 14 8688
12 14 9 11 21084
12 14 9 13 124
12 14 9 15 13992
12 14 10 8 4810
12 14 10 12 9258
12 14 10 14 31702
12 14 11 9 24988
12 14 11 13 12354
12 14 11 15 14760
12 14 12 8 7738
12 14 12 10 12446
12 14 12 14 22294
12 14 13 9 19536
12 14 13 11 22192
12 14 13 15 21818
12 14 14 8 16390
12 14 14 10 19526
12 14 14 12 5170
12 14 15 9 8708
12 14 15 11 6466
12 14 15 13 16528
13 15 0 2 2920
13 15 0 4 24752
13 15 0 6 11576
13 15 1 3 11170
13 15 1 5 8666
13 15 1 7 8888
13 15 2 0 18226
13 15 2 4 17386
13 15 2 6 11948
13 15 3 1 7756
13 15 3 5 8150
13 15 3 7 5046
13 15 4 0 7572
13 15 4 2 4214
13 15 4 6 17684
13 15 5 1 470
13 15 5 3 17714
13 15 5 7 818
13 15 6 0 4822
13 15 6 2 13540
13 15 6 4 4462
13 15 7 1 23414
13 15 7 3 3938
13 15 7 5 16936
13 15 8 10 10812
13 15 8 12 4216
13 15 8 14 25920
13 15 9 11 3888
13 15 9 13 11138
13 15 9 15 5342
13 15 10 8 4426
13 15 10 12 5864
13 15 10 14 16356
13 15 11 9 12382
13 15 11 13 18872
13 15 11 15 6558
13 15 12 8 9186
13 15 12 10 31246
13 15 12 14 17858
13 15 13 9 19954
13 15 13 11 27396
13 15 13 15 41478
13 15 14 8 26668
13 15 14 10 10116
13 15 14 12 41538
13 15 15 9 9246
13 15 15 11 24700
13 15 15 13 13526
