# KEY left=0xdd right=0x7a
# GOOD_PAIRS_BEGIN count=2
# GOOD_PAIR 0x20 0xa6
# GOOD_PAIR 0x26 0xa0
# GOOD_PAIRS_END
0 2 0 2 13164
0 2 0 4 11400
0 2 0 6 2162
0 4 0 2 272
0 4 0 4 1152
0 4 0 6 17966
0 8 0 2 12022
0 8 0 4 38068
0 8 0 6 15130
0 2 1 3 3554
0 2 1 5 2822
0 2 1 7 1258
0 4 1 3 5122
0 4 1 5 21860
0 4 1 7 1638
0 8 1 3 16426
0 8 1 5 33012
0 8 1 7 36274
0 2 2 0 7772
0 2 2 4 6218
0 2 2 6 21234
0 4 2 0 10402
0 4 2 4 22238
0 4 2 6 30434
0 8 2 0 5920
0 8 2 4 2672
0 8 2 6 1372
0 2 3 1 8228
0 2 3 5 29792
0 2 3 7 16834
0 4 3 1 15710
0 4 3 5 19520
0 4 3 7 14180
0 8 3 1 40748
0 8 3 5 2982
0 8 3 7 13710
0 2 4 0 12562
0 2 4 2 10564
0 2 4 6 5090
0 4 4 0 17678
0 4 4 2 15710
0 4 4 6 13958
0 8 4 0 1656
0 8 4 2 9968
0 8 4 6 658
0 2 5 1 18200
0 2 5 3 6966
0 2 5 7 12252
0 4 5 1 6884
0 4 5 3 5930
0 4 5 7 18098
0 8 5 1 20130
0 8 5 3 51654
0 8 5 7 17498
0 2 6 0 8588
0 2 6 2 11934
0 2 6 4 13632
0 4 6 0 25662
0 4 6 2 10272
0 4 6 4 18472
0 8 6 0 19362
0 8 6 2 10362
0 8 6 4 9630
0 2 7 1 13120
0 2 7 3 13784
0 2 7 5 3890
0 4 7 1 9416
0 4 7 3 25326
0 4 7 5 8006
0 8 7 1 20168
0 8 7 3 3382
0 8 7 5 3458
0 2 8 10 10772
0 2 8 12 17878
0 2 8 14 9272
0 4 8 10 17272
0 4 8 12 1086
0 4 8 14 6170
0 8 8 10 19022
0 8 8 12 13436
0 8 8 14 20684
0 2 9 11 30592
0 2 9 13 3090
0 2 9 15 8420
0 4 9 11 2322
0 4 9 13 22512
0 4 9 15 3070
0 8 9 11 12308
0 8 9 13 8736
0 8 9 15 15446
0 2 10 8 38156
0 2 10 12 12472
0 2 10 14 14790
0 4 10 8 20346
0 4 10 12 17498
0 4 10 14 17478
0 8 10 8 10202
0 8 10 12 23718
0 8 10 14 1038
0 2 11 9 18338
0 2 11 13 3010
0 2 11 15 25736
0 4 11 9 7480
0 4 11 13 13464
0 4 11 15 7508
0 8 11 9 6888
0 8 11 13 22366
0 8 11 15 11012
0 2 12 8 10216
0 2 12 10 7190
0 2 12 14 3300
0 4 12 8 10922
0 4 12 10 18960
0 4 12 14 17032
0 8 12 8 12072
0 8 12 10 11360
0 8 12 14 9568
0 2 13 9 4788
0 2 13 11 3132
0 2 13 15 6668
0 4 13 9 692
0 4 13 11 14842
0 4 13 15 5102
0 8 13 9 17496
0 8 13 11 17126
0 8 13 15 482
0 2 14 8 9416
0 2 14 10 1412
0 2 14 12 29910
0 4 14 8 3854
0 4 14 10 6892
0 4 14 12 31304
0 8 14 8 5620
0 8 14 10 6648
0 8 14 12 9454
0 2 15 9 7178
0 2 15 11 2996
0 2 15 13 18688
0 4 15 9 560
0 4 15 11 18606
0 4 15 13 20488
0 8 15 9 15362
0 8 15 11 47290
0 8 15 13 6514
1 3 0 2 28510
1 3 0 4 8144
1 3 0 6 11394
1 5 0 2 4386
1 5 0 4 4144
1 5 0 6 20836
1 9 0 2 10286
1 9 0 4 8840
1 9 0 6 6678
1 3 1 3 5036
1 3 1 5 19702
1 3 1 7 12396
1 5 1 3 24750
1 5 1 5 27314
1 5 1 7 2418
1 9 1 3 4982
1 9 1 5 4248
1 9 1 7 8840
1 3 2 0 19988
1 3 2 4 27982
1 3 2 6 8556
1 5 2 0 18490
1 5 2 4 12102
1 5 2 6 7844
1 9 2 0 23370
1 9 2 4 17204
1 9 2 6 25106
1 3 3 1 10226
1 3 3 5 21214
1 3 3 7 6848
1 5 3 1 1696
1 5 3 5 6058
1 5 3 7 8380
1 9 3 1 10326
1 9 3 5 6970
1 9 3 7 3596
1 3 4 0 9168
1 3 4 2 12600
1 3 4 6 6874
1 5 4 0 16840
1 5 4 2 8538
1 5 4 6 28098
1 9 4 0 558
1 9 4 2 12936
1 9 4 6 16190
1 3 5 1 9392
1 3 5 3 30254
1 3 5 7 37510
1 5 5 1 8170
1 5 5 3 27484
1 5 5 7 2884
1 9 5 1 324
1 9 5 3 7380
1 9 5 7 16180
1 3 6 0 8402
1 3 6 2 6006
1 3 6 4 28616
1 5 6 0 21910
1 5 6 2 3964
1 5 6 4 55554
1 9 6 0 2784
1 9 6 2 13694
1 9 6 4 692
1 3 7 1 12830
1 3 7 3 25104
1 3 7 5 3058
1 5 7 1 11126
1 5 7 3 22158
1 5 7 5 4126
1 9 7 1 9208
1 9 7 3 23892
1 9 7 5 31986
1 3 8 10 7872
1 3 8 12 10476
1 3 8 14 10722
1 5 8 10 2984
1 5 8 12 34866
1 5 8 14 4866
1 9 8 10 5436
1 9 8 12 1606
1 9 8 14 5596
1 3 9 11 3824
1 3 9 13 8692
1 3 9 15 2246
1 5 9 11 26126
1 5 9 13 21530
1 5 9 15 18420
1 9 9 11 24202
1 9 9 13 19852
1 9 9 15 27978
1 3 10 8 1736
1 3 10 12 15430
1 3 10 14 11540
1 5 10 8 18762
1 5 10 12 4354
1 5 10 14 2236
1 9 10 8 2874
1 9 10 12 7394
1 9 10 14 16002
1 3 11 9 18430
1 3 11 13 2286
1 3 11 15 10384
1 5 11 9 554
1 5 11 13 21102
1 5 11 15 7524
1 9 11 9 9964
1 9 11 13 6984
1 9 11 15 6666
1 3 12 8 942
1 3 12 10 16242
1 3 12 14 21286
1 5 12 8 262
1 5 12 10 15848
1 5 12 14 7088
1 9 12 8 30944
1 9 12 10 7872
1 9 12 14 20422
1 3 13 9 746
1 3 13 11 130
1 3 13 15 20804
1 5 13 9 2230
1 5 13 11 1374
1 5 13 15 9234
1 9 13 9 11442
1 9 13 11 16590
1 9 13 15 30670
1 3 14 8 7838
1 3 14 10 14128
1 3 14 12 6324
1 5 14 8 9630
1 5 14 10 2078
1 5 14 12 3390
1 9 14 8 8064
1 9 14 10 3046
1 9 14 12 12502
1 3 15 9 9652
1 3 15 11 19244
1 3 15 13 5874
1 5 15 9 19546
1 5 15 11 17756
1 5 15 13 9884
1 9 15 9 24134
1 9 15 11 9332
1 9 15 13 20448
2 6 0 2 1470
2 6 0 4 18956
2 6 0 6 25468
2 10 0 2 15942
2 10 0 4 24808
2 10 0 6 123280
2 6 1 3 2584
2 6 1 5 1956
2 6 1 7 4862
2 10 1 3 3872
2 10 1 5 2010
2 10 1 7 3662
2 6 2 0 20754
2 6 2 4 6618
2 6 2 6 22410
2 10 2 0 4958
2 10 2 4 13272
2 10 2 6 6266
2 6 3 1 1184
2 6 3 5 10992
2 6 3 7 8260
2 10 3 1 6482
2 10 3 5 9548
2 10 3 7 7524
2 6 4 0 31182
2 6 4 2 39978
2 6 4 6 6396
2 10 4 0 3470
2 10 4 2 13044
2 10 4 6 15182
2 6 5 1 2860
2 6 5 3 782
2 6 5 7 11794
2 10 5 1 25782
2 10 5 3 3860
2 10 5 7 8410
2 6 6 0 7852
2 6 6 2 22400
2 6 6 4 8768
2 10 6 0 130028
2 10 6 2 4522
2 10 6 4 20976
2 6 7 1 932
2 6 7 3 12306
2 6 7 5 12170
2 10 7 1 2920
2 10 7 3 18186
2 10 7 5 1784
2 6 8 10 12750
2 6 8 12 19636
2 6 8 14 3370
2 10 8 10 12308
2 10 8 12 16034
2 10 8 14 16422
2 6 9 11 2434
2 6 9 13 2344
2 6 9 15 22396
2 10 9 11 17262
2 10 9 13 1072
2 10 9 15 19948
2 6 10 8 6174
2 6 10 12 36072
2 6 10 14 9256
2 10 10 8 6314
2 10 10 12 2140
2 10 10 14 2520
2 6 11 9 22454
2 6 11 13 26700
2 6 11 15 13766
2 10 11 9 16646
2 10 11 13 14280
2 10 11 15 1230
2 6 12 8 2722
2 6 12 10 17674
2 6 12 14 6426
2 10 12 8 25864
2 10 12 10 2850
2 10 12 14 19156
2 6 13 9 4262
2 6 13 11 15880
2 6 13 15 25950
2 10 13 9 18854
2 10 13 11 9588
2 10 13 15 4066
2 6 14 8 21380
2 6 14 10 26972
2 6 14 12 20658
2 10 14 8 32424
2 10 14 10 10638
2 10 14 12 7896
2 6 15 9 3036
2 6 15 11 8390
2 6 15 13 6872
2 10 15 9 10232
2 10 15 11 5786
2 10 15 13 13448
3 7 0 2 5664
3 7 0 4 32694
3 7 0 6 16864
3 11 0 2 4618
3 11 0 4 8132
3 11 0 6 9318
3 7 1 3 9492
3 7 1 5 12758
3 7 1 7 7054
3 11 1 3 19212
3 11 1 5 2040
3 11 1 7 1420
3 7 2 0 3292
3 7 2 4 21804
3 7 2 6 14144
3 11 2 0 1060
3 11 2 4 21648
3 11 2 6 606
3 7 3 1 20496
3 7 3 5 394
3 7 3 7 9990
3 11 3 1 34534
3 11 3 5 5770
3 11 3 7 10238
3 7 4 0 18612
3 7 4 2 20948
3 7 4 6 17762
3 11 4 0 43834
3 11 4 2 25796
3 11 4 6 34738
3 7 5 1 3622
3 7 5 3 3958
3 7 5 7 5288
3 11 5 1 2790
3 11 5 3 15916
3 11 5 7 52568
3 7 6 0 5392
3 7 6 2 264
3 7 6 4 28512
3 11 6 0 21462
3 11 6 2 12274
3 11 6 4 13782
3 7 7 1 1326
3 7 7 3 3428
3 7 7 5 9434
3 11 7 1 14854
3 11 7 3 2482
3 11 7 5 4196
3 7 8 10 6470
3 7 8 12 10082
3 7 8 14 36702
3 11 8 10 3456
3 11 8 12 4144
3 11 8 14 44452
3 7 9 11 9308
3 7 9 13 6966
3 7 9 15 17854
3 11 9 11 20400
3 11 9 13 21648
3 11 9 15 10012
3 7 10 8 6764
3 7 10 12 7102
3 7 10 14 25182
3 11 10 8 11666
3 11 10 12 11410
3 11 10 14 18960
3 7 11 9 15938
3 7 11 13 28644
3 7 11 15 24910
3 11 11 9 17200
3 11 11 13 12668
3 11 11 15 18
3 7 12 8 28616
3 7 12 10 2848
3 7 12 14 1980
3 11 12 8 7956
3 11 12 10 30442
3 11 12 14 16730
3 7 13 9 2966
3 7 13 11 5114
3 7 13 15 1626
3 11 13 9 17102
3 11 13 11 21256
3 11 13 15 11368
3 7 14 8 17350
3 7 14 10 11990
3 7 14 12 14706
3 11 14 8 15822
3 11 14 10 7844
3 11 14 12 11268
3 7 15 9 11122
3 7 15 11 21138
3 7 15 13 5526
3 11 15 9 10866
3 11 15 11 7420
3 11 15 13 6874
4 6 0 2 25362
4 6 0 4 3864
4 6 0 6 24932
4 12 0 2 10172
4 12 0 4 4360
4 12 0 6 4908
4 6 1 3 11322
4 6 1 5 8680
4 6 1 7 8888
4 12 1 3 31794
4 12 1 5 1282
4 12 1 7 40386
4 6 2 0 8258
4 6 2 4 27234
4 6 2 6 29612
4 12 2 0 20434
4 12 2 4 11938
4 12 2 6 12604
4 6 3 1 17930
4 6 3 5 19438
4 6 3 7 10382
4 12 3 1 27858
4 12 3 5 11012
4 12 3 7 14256
4 6 4 0 13316
4 6 4 2 16768
4 6 4 6 9934
4 12 4 0 24084
4 12 4 2 14842
4 12 4 6 6240
4 6 5 1 6508
4 6 5 3 18152
4 6 5 7 11554
4 12 5 1 3340
4 12 5 3 5670
4 12 5 7 5200
4 6 6 0 12456
4 6 6 2 11000
4 6 6 4 1200
4 12 6 0 8518
4 12 6 2 25392
4 12 6 4 26090
4 6 7 1 62
4 6 7 3 4238
4 6 7 5 10908
4 12 7 1 15792
4 12 7 3 13774
4 12 7 5 3750
4 6 8 10 18760
4 6 8 12 19392
4 6 8 14 7946
4 12 8 10 2416
4 12 8 12 1224
4 12 8 14 16412
4 6 9 11 10944
4 6 9 13 29768
4 6 9 15 4222
4 12 9 11 4154
4 12 9 13 22346
4 12 9 15 17114
4 6 10 8 22248
4 6 10 12 25090
4 6 10 14 270
4 12 10 8 4502
4 12 10 12 11816
4 12 10 14 12640
4 6 11 9 11120
4 6 11 13 20924
4 6 11 15 2078
4 12 11 9 3136
4 12 11 13 10546
4 12 11 15 17328
4 6 12 8 31468
4 6 12 10 15256
4 6 12 14 1690
4 12 12 8 16912
4 12 12 10 20764
4 12 12 14 15372
4 6 13 9 11184
4 6 13 11 9146
4 6 13 15 6112
4 12 13 9 1654
4 12 13 11 318
4 12 13 15 1210
4 6 14 8 34886
4 6 14 10 8348
4 6 14 12 35976
4 12 14 8 27328
4 12 14 10 5552
4 12 14 12 9262
4 6 15 9 1748
4 6 15 11 13218
4 6 15 13 1850
4 12 15 9 7854
4 12 15 11 15660
4 12 15 13 5848
5 7 0 2 10962
5 7 0 4 4474
5 7 0 6 18990
5 13 0 2 12508
5 13 0 4 21756
5 13 0 6 3542
5 7 1 3 21180
5 7 1 5 10600
5 7 1 7 16118
5 13 1 3 21784
5 13 1 5 8484
5 13 1 7 794
5 7 2 0 6396
5 7 2 4 22620
5 7 2 6 16428
5 13 2 0 10378
5 13 2 4 1328
5 13 2 6 18716
5 7 3 1 14132
5 7 3 5 19848
5 7 3 7 4094
5 13 3 1 12864
5 13 3 5 12314
5 13 3 7 2036
5 7 4 0 20662
5 7 4 2 5362
5 7 4 6 25450
5 13 4 0 7520
5 13 4 2 31078
5 13 4 6 2760
5 7 5 1 17356
5 7 5 3 4074
5 7 5 7 11930
5 13 5 1 9220
5 13 5 3 5196
5 13 5 7 6090
5 7 6 0 6542
5 7 6 2 212
5 7 6 4 6754
5 13 6 0 6948
5 13 6 2 230
5 13 6 4 18950
5 7 7 1 26594
5 7 7 3 17040
5 7 7 5 17956
5 13 7 1 14170
5 13 7 3 6572
5 13 7 5 24574
5 7 8 10 9280
5 7 8 12 15248
5 7 8 14 8634
5 13 8 10 23092
5 13 8 12 11142
5 13 8 14 9778
5 7 9 11 786
5 7 9 13 15018
5 7 9 15 35158
5 13 9 11 29894
5 13 9 13 11482
5 13 9 15 7188
5 7 10 8 24976
5 7 10 12 17872
5 7 10 14 14346
5 13 10 8 9448
5 13 10 12 9456
5 13 10 14 22506
5 7 11 9 7000
5 7 11 13 11170
5 7 11 15 2736
5 13 11 9 17050
5 13 11 13 13784
5 13 11 15 23022
5 7 12 8 3326
5 7 12 10 13934
5 7 12 14 16278
5 13 12 8 14178
5 13 12 10 18790
5 13 12 14 3148
5 7 13 9 3298
5 7 13 11 9298
5 7 13 15 1584
5 13 13 9 10250
5 13 13 11 20392
5 13 13 15 15632
5 7 14 8 8654
5 7 14 10 1416
5 7 14 12 12276
5 13 14 8 3958
5 13 14 10 18270
5 13 14 12 16802
5 7 15 9 6320
5 7 15 11 8470
5 7 15 13 23802
5 13 15 9 10942
5 13 15 11 34
5 13 15 13 14712
6 14 0 2 5466
6 14 0 4 24444
6 14 0 6 26676
6 14 1 3 5726
6 14 1 5 14312
6 14 1 7 8112
6 14 2 0 14030
6 14 2 4 13742
6 14 2 6 4214
6 14 3 1 22120
6 14 3 5 7642
6 14 3 7 6766
6 14 4 0 28828
6 14 4 2 2262
6 14 4 6 680
6 14 5 1 4586
6 14 5 3 15356
6 14 5 7 3360
6 14 6 0 8734
6 14 6 2 6662
6 14 6 4 18544
6 14 7 1 24358
6 14 7 3 38830
6 14 7 5 5428
6 14 8 10 9720
6 14 8 12 7536
6 14 8 14 7890
6 14 9 11 13116
6 14 9 13 7190
6 14 9 15 1544
6 14 10 8 2744
6 14 10 12 5910
6 14 10 14 31628
6 14 11 9 11496
6 14 11 13 19910
6 14 11 15 9578
6 14 12 8 4746
6 14 12 10 7652
6 14 12 14 10836
6 14 13 9 22826
6 14 13 11 7596
6 14 13 15 35562
6 14 14 8 6110
6 14 14 10 37380
6 14 14 12 3034
6 14 15 9 5194
6 14 15 11 6182
6 14 15 13 10720
7 15 0 2 26692
7 15 0 4 27668
7 15 0 6 33734
7 15 1 3 10326
7 15 1 5 38744
7 15 1 7 4296
7 15 2 0 3556
7 15 2 4 10558
7 15 2 6 19572
7 15 3 1 6012
7 15 3 5 2906
7 15 3 7 13540
7 15 4 0 16960
7 15 4 2 32820
7 15 4 6 7818
7 15 5 1 934
7 15 5 3 2894
7 15 5 7 12864
7 15 6 0 7946
7 15 6 2 2984
7 15 6 4 14392
7 15 7 1 27416
7 15 7 3 7328
7 15 7 5 12356
7 15 8 10 3086
7 15 8 12 6734
7 15 8 14 588
7 15 9 11 4680
7 15 9 13 15912
7 15 9 15 4914
7 15 10 8 9004
7 15 10 12 1074
7 15 10 14 1834
7 15 11 9 22500
7 15 11 13 30580
7 15 11 15 12112
7 15 12 8 13844
7 15 12 10 4234
7 15 12 14 3554
7 15 13 9 17866
7 15 13 11 19672
7 15 13 15 5384
7 15 14 8 6894
7 15 14 10 12812
7 15 14 12 14526
7 15 15 9 11892
7 15 15 11 2804
7 15 15 13 9928
8 10 0 2 1140
8 10 0 4 6786
8 10 0 6 19214
8 12 0 2 17400
8 12 0 4 19456
8 12 0 6 5776
8 10 1 3 11316
8 10 1 5 14128
8 10 1 7 9276
8 12 1 3 2068
8 12 1 5 7560
8 12 1 7 57342
8 10 2 0 2710
8 10 2 4 16432
8 10 2 6 2166
8 12 2 0 13298
8 12 2 4 16204
8 12 2 6 34496
8 10 3 1 13868
8 10 3 5 4726
8 10 3 7 30622
8 12 3 1 16320
8 12 3 5 22234
8 12 3 7 10918
8 10 4 0 23022
8 10 4 2 6376
8 10 4 6 42868
8 12 4 0 4294
8 12 4 2 9616
8 12 4 6 20182
8 10 5 1 20368
8 10 5 3 3202
8 10 5 7 21576
8 12 5 1 9808
8 12 5 3 20224
8 12 5 7 12664
8 10 6 0 14414
8 10 6 2 6356
8 10 6 4 2068
8 12 6 0 8164
8 12 6 2 7966
8 12 6 4 11888
8 10 7 1 33358
8 10 7 3 20196
8 10 7 5 26404
8 12 7 1 11126
8 12 7 3 10522
8 12 7 5 3930
8 10 8 10 2512
8 10 8 12 132
8 10 8 14 17970
8 12 8 10 26864
8 12 8 12 17026
8 12 8 14 14646
8 10 9 11 14484
8 10 9 13 46348
8 10 9 15 21250
8 12 9 11 15204
8 12 9 13 31696
8 12 9 15 1248
8 10 10 8 5820
8 10 10 12 29314
8 10 10 14 21674
8 12 10 8 25826
8 12 10 12 13986
8 12 10 14 15968
8 10 11 9 28284
8 10 11 13 11966
8 10 11 15 5098
8 12 11 9 16214
8 12 11 13 10308
8 12 11 15 3398
8 10 12 8 20184
8 10 12 10 3332
8 10 12 14 18396
8 12 12 8 5008
8 12 12 10 21260
8 12 12 14 4196
8 10 13 9 10138
8 10 13 11 8410
8 10 13 15 16866
8 12 13 9 10936
8 12 13 11 12118
8 12 13 15 32734
8 10 14 8 14646
8 10 14 10 16774
8 10 14 12 1018
8 12 14 8 5070
8 12 14 10 11520
8 12 14 12 9070
8 10 15 9 7708
8 10 15 11 45738
8 10 15 13 28692
8 12 15 9 11748
8 12 15 11 14438
8 12 15 13 25146
9 11 0 2 1866
9 11 0 4 18628
9 11 0 6 8874
9 13 0 2 4770
9 13 0 4 20102
9 13 0 6 11290
9 11 1 3 3490
9 11 1 5 4240
9 11 1 7 1812
9 13 1 3 2286
9 13 1 5 26268
9 13 1 7 18896
9 11 2 0 10690
9 11 2 4 332
9 11 2 6 700
9 13 2 0 8252
9 13 2 4 25106
9 13 2 6 460
9 11 3 1 42454
9 11 3 5 5854
9 11 3 7 1142
9 13 3 1 9716
9 13 3 5 25510
9 13 3 7 4822
9 11 4 0 9572
9 11 4 2 8384
9 11 4 6 2226
9 13 4 0 6366
9 13 4 2 9742
9 13 4 6 6788
9 11 5 1 34250
9 11 5 3 9664
9 11 5 7 172
9 13 5 1 2548
9 13 5 3 11066
9 13 5 7 11912
9 11 6 0 16554
9 11 6 2 10226
9 11 6 4 21606
9 13 6 0 17836
9 13 6 2 670
9 13 6 4 9252
9 11 7 1 4654
9 11 7 3 9576
9 11 7 5 18210
9 13 7 1 31596
9 13 7 3 11512
9 13 7 5 5258
9 11 8 10 14856
9 11 8 12 9734
9 11 8 14 8946
9 13 8 10 7508
9 13 8 12 24512
9 13 8 14 18754
9 11 9 11 13842
9 11 9 13 30376
9 11 9 15 3642
9 13 9 11 31538
9 13 9 13 16848
9 13 9 15 25054
9 11 10 8 14132
9 11 10 12 6956
9 11 10 14 10930
9 13 10 8 8688
9 13 10 12 28012
9 13 10 14 626
9 11 11 9 15916
9 11 11 13 36328
9 11 11 15 43542
9 13 11 9 282
9 13 11 13 18970
9 13 11 15 13444
9 11 12 8 630
9 11 12 10 6716
9 11 12 14 8258
9 13 12 8 46442
9 13 12 10 13496
9 13 12 14 4090
9 11 13 9 38672
9 11 13 11 11638
9 11 13 15 2862
9 13 13 9 17338
9 13 13 11 998
9 13 13 15 23810
9 11 14 8 2454
9 11 14 10 14896
9 11 14 12 16946
9 13 14 8 12086
9 13 14 10 19652
9 13 14 12 672
9 11 15 9 936
9 11 15 11 10658
9 11 15 13 3408
9 13 15 9 566
9 13 15 11 25342
9 13 15 13 19532
10 14 0 2 7394
10 14 0 4 2684
10 14 0 6 15388
10 14 1 3 4084
10 14 1 5 16636
10 14 1 7 4942
10 14 2 0 8766
10 14 2 4 7120
10 14 2 6 8400
10 14 3 1 31072
10 14 3 5 18168
10 14 3 7 15476
10 14 4 0 23192
10 14 4 2 21150
10 14 4 6 6438
10 14 5 1 10050
10 14 5 3 19662
10 14 5 7 6758
10 14 6 0 22076
10 14 6 2 5196
10 14 6 4 7716
10 14 7 1 2798
10 14 7 3 12570
10 14 7 5 3196
10 14 8 10 7760
10 14 8 12 20132
10 14 8 14 4076
10 14 9 11 7304
10 14 9 13 20386
10 14 9 15 6966
10 14 10 8 1278
10 14 10 12 16920
10 14 10 14 13512
10 14 11 9 14462
10 14 11 13 13330
10 14 11 15 2978
10 14 12 8 31230
10 14 12 10 22646
10 14 12 14 1208
10 14 13 9 1774
10 14 13 11 9234
10 14 13 15 3918
10 14 14 8 15552
10 14 14 10 10564
10 14 14 12 30114
10 14 15 9 5646
10 14 15 11 6146
10 14 15 13 5770
11 15 0 2 4438
11 15 0 4 6922
11 15 0 6 16004
11 15 1 3 6902
11 15 1 5 19496
11 15 1 7 18692
11 15 2 0 22156
11 15 2 4 5080
11 15 2 6 10348
11 15 3 1 15156
11 15 3 5 24248
11 15 3 7 2706
11 15 4 0 5838
11 15 4 2 44304
11 15 4 6 21942
11 15 5 1 10234
11 15 5 3 11790
11 15 5 7 2302
11 15 6 0 17964
11 15 6 2 12502
11 15 6 4 23630
11 15 7 1 25398
11 15 7 3 10726
11 15 7 5 18260
11 15 8 10 2506
11 15 8 12 26222
11 15 8 14 9126
11 15 9 11 16078
11 15 9 13 10422
11 15 9 15 4210
11 15 10 8 4760
11 15 10 12 9900
11 15 10 14 1556
11 15 11 9 4492
11 15 11 13 35978
11 15 11 15 2944
11 15 12 8 3704
11 15 12 10 25948
11 15 12 14 2482
11 15 13 9 23014
11 15 13 11 18862
11 15 13 15 23918
11 15 14 8 5942
11 15 14 10 2234
11 15 14 12 27704
11 15 15 9 18636
11 15 15 11 6560
11 15 15 13 6190
12 14 0 2 8750
12 14 0 4 38356
12 14 0 6 8400
12 14 1 3 5788
12 14 1 5 8634
12 14 1 7 6160
12 14 2 0 24990
12 14 2 4 2166
12 14 2 6 6946
12 14 3 1 4330
12 14 3 5 31756
12 14 3 7 8948
12 14 4 0 21574
12 14 4 2 112
12 14 4 6 5716
12 14 5 1 10600
12 14 5 3 12424
12 14 5 7 7440
12 14 6 0 18040
12 14 6 2 7036
12 14 6 4 2516
12 14 7 1 1298
12 14 7 3 24744
12 14 7 5 12066
12 14 8 10 3500
12 14 8 12 17476
12 14 8 14 15008
12 14 9 11 8226
12 14 9 13 21182
12 14 9 15 6922
12 14 10 8 5802
12 14 10 12 3320
12 14 10 14 7592
12 14 11 9 33708
12 14 11 13 19824
12 14 11 15 24312
12 14 12 8 8650
12 14 12 10 23416
12 14 12 14 34660
12 14 13 9 69962
12 14 13 11 2768
12 14 13 15 18530
12 14 14 8 12546
12 14 14 10 10900
12 14 14 12 32878
12 14 15 9 15870
12 14 15 11 9686
12 14 15 13 18464
13 15 0 2 12848
13 15 0 4 35806
13 15 0 6 246
13 15 1 3 2752
13 15 1 5 6758
13 15 1 7 3240
13 15 2 0 23446
13 15 2 4 24446
13 15 2 6 7346
13 15 3 1 21570
13 15 3 5 12172
13 15 3 7 1870
13 15 4 0 850
13 15 4 2 9442
13 15 4 6 13418
13 15 5 1 4490
13 15 5 3 16738
13 15 5 7 2832
13 15 6 0 31358
13 15 6 2 10952
13 15 6 4 5578
13 15 7 1 19346
13 15 7 3 20066
13 15 7 5 12798
13 15 8 10 18118
13 15 8 12 4710
13 15 8 14 15168
13 15 9 11 7674
13 15 9 13 31694
13 15 9 15 1464
13 15 10 8 5708
13 15 10 12 16532
13 15 10 14 20886
13 15 11 9 25932
13 15 11 13 24368
13 15 11 15 21256
13 15 12 8 10916
13 15 12 10 4762
13 15 12 14 23668
13 15 13 9 1116
13 15 13 11 8804
13 15 13 15 22712
13 15 14 8 10044
13 15 14 10 15046
13 15 14 12 6948
13 15 15 9 17400
13 15 15 11 6514
13 15 15 13 5068
