# KEY left=0x43 right=0x10
# GOOD_PAIRS_BEGIN count=4
# GOOD_PAIR 0x89 0xab
# GOOD_PAIR 0x8b 0xa9
# GOOD_PAIR 0x49 0xcb
# GOOD_PAIR 0x4b 0xc9
# GOOD_PAIRS_END
0 2 0 2 32008
0 2 0 4 3266
0 2 0 6 7488
0 4 0 2 11854
0 4 0 4 18690
0 4 0 6 13352
0 8 0 2 9698
0 8 0 4 9178
0 8 0 6 3208
0 2 1 3 35076
0 2 1 5 29652
0 2 1 7 8048
0 4 1 3 7224
0 4 1 5 7230
0 4 1 7 796
0 8 1 3 11036
0 8 1 5 18304
0 8 1 7 27634
0 2 2 0 13216
0 2 2 4 27884
0 2 2 6 1654
0 4 2 0 32514
0 4 2 4 29650
0 4 2 6 118
0 8 2 0 7268
0 8 2 4 13920
0 8 2 6 1930
0 2 3 1 16222
0 2 3 5 9372
0 2 3 7 9870
0 4 3 1 28336
0 4 3 5 1122
0 4 3 7 236
0 8 3 1 25134
0 8 3 5 18436
0 8 3 7 220
0 2 4 0 4298
0 2 4 2 20752
0 2 4 6 32048
0 4 4 0 47856
0 4 4 2 2348
0 4 4 6 6844
0 8 4 0 9034
0 8 4 2 7556
0 8 4 6 2456
0 2 5 1 2380
0 2 5 3 10422
0 2 5 7 14812
0 4 5 1 5316
0 4 5 3 24348
0 4 5 7 19450
0 8 5 1 5514
0 8 5 3 1694
0 8 5 7 602
0 2 6 0 16698
0 2 6 2 7690
0 2 6 4 17284
0 4 6 0 19470
0 4 6 2 10966
0 4 6 4 2376
0 8 6 0 7478
0 8 6 2 13318
0 8 6 4 12164
0 2 7 1 4608
0 2 7 3 5744
0 2 7 5 3224
0 4 7 1 24654
0 4 7 3 31224
0 4 7 5 18618
0 8 7 1 1860
0 8 7 3 10324
0 8 7 5 21748
0 2 8 10 5772
0 2 8 12 15592
0 2 8 14 32944
0 4 8 10 11126
0 4 8 12 194
0 4 8 14 5420
0 8 8 10 9776
0 8 8 12 34432
0 8 8 14 7644
0 2 9 11 14104
0 2 9 13 21912
0 2 9 15 22606
0 4 9 11 1258
0 4 9 13 18678
0 4 9 15 15982
0 8 9 11 10250
0 8 9 13 3992
0 8 9 15 3188
0 2 10 8 14318
0 2 10 12 12304
0 2 10 14 6328
0 4 10 8 18716
0 4 10 12 8938
0 4 10 14 51786
0 8 10 8 10584
0 8 10 12 10636
0 8 10 14 26544
0 2 11 9 16370
0 2 11 13 9504
0 2 11 15 18748
0 4 11 9 7072
0 4 11 13 21586
0 4 11 15 1958
0 8 11 9 718
0 8 11 13 21464
0 8 11 15 21338
0 2 12 8 9456
0 2 12 10 11534
0 2 12 14 20378
0 4 12 8 1662
0 4 12 10 4072
0 4 12 14 688
0 8 12 8 1648
0 8 12 10 318
0 8 12 14 7046
0 2 13 9 22760
0 2 13 11 16146
0 2 13 15 6070
0 4 13 9 9070
0 4 13 11 6760
0 4 13 15 11304
0 8 13 9 23564
0 8 13 11 578
0 8 13 15 1318
0 2 14 8 12708
0 2 14 10 9620
0 2 14 12 7728
0 4 14 8 544
0 4 14 10 8626
0 4 14 12 17864
0 8 14 8 3290
0 8 14 10 26908
0 8 14 12 16020
0 2 15 9 9174
0 2 15 11 14544
0 2 15 13 10944
0 4 15 9 4548
0 4 15 11 7370
0 4 15 13 6158
0 8 15 9 19788
0 8 15 11 9942
0 8 15 13 8276
1 3 0 2 4122
1 3 0 4 9234
1 3 0 6 4992
1 5 0 2 24588
1 5 0 4 8050
1 5 0 6 13192
1 9 0 2 5164
1 9 0 4 11162
1 9 0 6 6318
1 3 1 3 19704
1 3 1 5 8910
1 3 1 7 6956
1 5 1 3 10
1 5 1 5 28426
1 5 1 7 4612
1 9 1 3 15356
1 9 1 5 16860
1 9 1 7 23566
1 3 2 0 4974
1 3 2 4 36068
1 3 2 6 3120
1 5 2 0 9602
1 5 2 4 17288
1 5 2 6 35976
1 9 2 0 14472
1 9 2 4 16492
1 9 2 6 14954
1 3 3 1 22618
1 3 3 5 14018
1 3 3 7 3574
1 5 3 1 16480
1 5 3 5 20690
1 5 3 7 5160
1 9 3 1 16742
1 9 3 5 14250
1 9 3 7 10292
1 3 4 0 10242
1 3 4 2 28096
1 3 4 6 5688
1 5 4 0 5052
1 5 4 2 8456
1 5 4 6 14574
1 9 4 0 8788
1 9 4 2 796
1 9 4 6 20764
1 3 5 1 380
1 3 5 3 1162
1 3 5 7 7212
1 5 5 1 28432
1 5 5 3 9102
1 5 5 7 27650
1 9 5 1 4718
1 9 5 3 9272
1 9 5 7 14528
1 3 6 0 47644
1 3 6 2 10978
1 3 6 4 12834
1 5 6 0 7680
1 5 6 2 9826
1 5 6 4 1052
1 9 6 0 10126
1 9 6 2 7414
1 9 6 4 14334
1 3 7 1 24090
1 3 7 3 11016
1 3 7 5 14916
1 5 7 1 5620
1 5 7 3 14268
1 5 7 5 20236
1 9 7 1 4166
1 9 7 3 4110
1 9 7 5 10878
1 3 8 10 16790
1 3 8 12 11866
1 3 8 14 13088
1 5 8 10 11628
1 5 8 12 35470
1 5 8 14 14424
1 9 8 10 10956
1 9 8 12 14872
1 9 8 14 11676
1 3 9 11 3858
1 3 9 13 7870
1 3 9 15 13084
1 5 9 11 798
1 5 9 13 6948
1 5 9 15 6084
1 9 9 11 8212
1 9 9 13 14398
1 9 9 15 23732
1 3 10 8 20592
1 3 10 12 19460
1 3 10 14 10726
1 5 10 8 14976
1 5 10 12 64
1 5 10 14 10960
1 9 10 8 7418
1 9 10 12 2010
1 9 10 14 20572
1 3 11 9 15780
1 3 11 13 10920
1 3 11 15 11502
1 5 11 9 10152
1 5 11 13 2292
1 5 11 15 17746
1 9 11 9 17462
1 9 11 13 7666
1 9 11 15 29346
1 3 12 8 4330
1 3 12 10 6904
1 3 12 14 8716
1 5 12 8 6618
1 5 12 10 1386
1 5 12 14 3116
1 9 12 8 2144
1 9 12 10 43006
1 9 12 14 6620
1 3 13 9 14838
1 3 13 11 3346
1 3 13 15 10484
1 5 13 9 584
1 5 13 11 43502
1 5 13 15 1820
1 9 13 9 15700
1 9 13 11 4274
1 9 13 15 1224
1 3 14 8 5966
1 3 14 10 14572
1 3 14 12 15958
1 5 14 8 58136
1 5 14 10 18172
1 5 14 12 894
1 9 14 8 27648
1 9 14 10 9056
1 9 14 12 17884
1 3 15 9 11180
1 3 15 11 4244
1 3 15 13 18
1 5 15 9 30162
1 5 15 11 30370
1 5 15 13 2536
1 9 15 9 9652
1 9 15 11 32578
1 9 15 13 23776
2 6 0 2 18694
2 6 0 4 6482
2 6 0 6 6774
2 10 0 2 22714
2 10 0 4 7026
2 10 0 6 2014
2 6 1 3 572
2 6 1 5 15846
2 6 1 7 22154
2 10 1 3 2812
2 10 1 5 4322
2 10 1 7 26032
2 6 2 0 31326
2 6 2 4 4066
2 6 2 6 76
2 10 2 0 1004
2 10 2 4 8502
2 10 2 6 10568
2 6 3 1 17346
2 6 3 5 22840
2 6 3 7 20166
2 10 3 1 10742
2 10 3 5 12984
2 10 3 7 32344
2 6 4 0 41034
2 6 4 2 11286
2 6 4 6 19878
2 10 4 0 16686
2 10 4 2 898
2 10 4 6 19602
2 6 5 1 206
2 6 5 3 34022
2 6 5 7 792
2 10 5 1 6200
2 10 5 3 15878
2 10 5 7 10004
2 6 6 0 25656
2 6 6 2 3906
2 6 6 4 36078
2 10 6 0 10912
2 10 6 2 1782
2 10 6 4 22728
2 6 7 1 17122
2 6 7 3 12266
2 6 7 5 22188
2 10 7 1 17246
2 10 7 3 19266
2 10 7 5 7636
2 6 8 10 10070
2 6 8 12 13814
2 6 8 14 324
2 10 8 10 3874
2 10 8 12 34424
2 10 8 14 10966
2 6 9 11 6192
2 6 9 13 26496
2 6 9 15 668
2 10 9 11 35146
2 10 9 13 18864
2 10 9 15 25102
2 6 10 8 10964
2 6 10 12 8552
2 6 10 14 14392
2 10 10 8 16858
2 10 10 12 6014
2 10 10 14 13536
2 6 11 9 10658
2 6 11 13 6472
2 6 11 15 15836
2 10 11 9 5802
2 10 11 13 6816
2 10 11 15 124
2 6 12 8 12376
2 6 12 10 12262
2 6 12 14 4126
2 10 12 8 6150
2 10 12 10 18978
2 10 12 14 9152
2 6 13 9 7140
2 6 13 11 2272
2 6 13 15 3396
2 10 13 9 9432
2 10 13 11 23162
2 10 13 15 9678
2 6 14 8 7912
2 6 14 10 8544
2 6 14 12 4670
2 10 14 8 10820
2 10 14 10 18650
2 10 14 12 11466
2 6 15 9 7612
2 6 15 11 8188
2 6 15 13 27768
2 10 15 9 2594
2 10 15 11 6398
2 10 15 13 4286
3 7 0 2 868
3 7 0 4 17622
3 7 0 6 10276
3 11 0 2 29740
3 11 0 4 5540
3 11 0 6 2230
3 7 1 3 12920
3 7 1 5 19522
3 7 1 7 16730
3 11 1 3 12848
3 11 1 5 5552
3 11 1 7 6920
3 7 2 0 17184
3 7 2 4 9714
3 7 2 6 21808
3 11 2 0 6320
3 11 2 4 2174
3 11 2 6 3302
3 7 3 1 1372
3 7 3 5 9040
3 7 3 7 16094
3 11 3 1 13692
3 11 3 5 23386
3 11 3 7 1322
3 7 4 0 13000
3 7 4 2 3562
3 7 4 6 7466
3 11 4 0 27986
3 11 4 2 18498
3 11 4 6 23528
3 7 5 1 4340
3 7 5 3 9100
3 7 5 7 29558
3 11 5 1 6786
3 11 5 3 18676
3 11 5 7 1128
3 7 6 0 27012
3 7 6 2 2654
3 7 6 4 4692
3 11 6 0 32046
3 11 6 2 19316
3 11 6 4 7000
3 7 7 1 5302
3 7 7 3 4062
3 7 7 5 26784
3 11 7 1 7574
3 11 7 3 31624
3 11 7 5 12698
3 7 8 10 24738
3 7 8 12 5572
3 7 8 14 9968
3 11 8 10 32052
3 11 8 12 38234
3 11 8 14 270
3 7 9 11 1020
3 7 9 13 3784
3 7 9 15 20672
3 11 9 11 29548
3 11 9 13 6686
3 11 9 15 7020
3 7 10 8 46340
3 7 10 12 170
3 7 10 14 6410
3 11 10 8 16890
3 11 10 12 20822
3 11 10 14 33720
3 7 11 9 28614
3 7 11 13 15230
3 7 11 15 16158
3 11 11 9 4644
3 11 11 13 15048
3 11 11 15 28018
3 7 12 8 23970
3 7 12 10 19102
3 7 12 14 20978
3 11 12 8 7938
3 11 12 10 10478
3 11 12 14 31950
3 7 13 9 25090
3 7 13 11 5614
3 7 13 15 21284
3 11 13 9 5224
3 11 13 11 7714
3 11 13 15 20106
3 7 14 8 7462
3 7 14 10 10564
3 7 14 12 13002
3 11 14 8 6676
3 11 14 10 14796
3 11 14 12 1824
3 7 15 9 2334
3 7 15 11 6696
3 7 15 13 2114
3 11 15 9 13716
3 11 15 11 12752
3 11 15 13 15362
4 6 0 2 33084
4 6 0 4 45686
4 6 0 6 25856
4 12 0 2 296
4 12 0 4 15114
4 12 0 6 3184
4 6 1 3 20056
4 6 1 5 4584
4 6 1 7 7936
4 12 1 3 7334
4 12 1 5 18730
4 12 1 7 15092
4 6 2 0 146
4 6 2 4 2270
4 6 2 6 14314
4 12 2 0 13164
4 12 2 4 2102
4 12 2 6 9238
4 6 3 1 8866
4 6 3 5 6802
4 6 3 7 9430
4 12 3 1 12996
4 12 3 5 29596
4 12 3 7 1144
4 6 4 0 248
4 6 4 2 26002
4 6 4 6 16778
4 12 4 0 336
4 12 4 2 6304
4 12 4 6 3884
4 6 5 1 8824
4 6 5 3 1230
4 6 5 7 10056
4 12 5 1 11516
4 12 5 3 20866
4 12 5 7 19956
4 6 6 0 10992
4 6 6 2 9940
4 6 6 4 17974
4 12 6 0 23742
4 12 6 2 33446
4 12 6 4 15012
4 6 7 1 4850
4 6 7 3 26646
4 6 7 5 35400
4 12 7 1 12134
4 12 7 3 10126
4 12 7 5 1320
4 6 8 10 1744
4 6 8 12 3612
4 6 8 14 10872
4 12 8 10 17520
4 12 8 12 17390
4 12 8 14 30548
4 6 9 11 9322
4 6 9 13 8438
4 6 9 15 15508
4 12 9 11 107710
4 12 9 13 25258
4 12 9 15 25852
4 6 10 8 2484
4 6 10 12 1312
4 6 10 14 10084
4 12 10 8 11964
4 12 10 12 3844
4 12 10 14 9480
4 6 11 9 21586
4 6 11 13 4172
4 6 11 15 5162
4 12 11 9 140026
4 12 11 13 12318
4 12 11 15 28172
4 6 12 8 10634
4 6 12 10 18878
4 6 12 14 996
4 12 12 8 28324
4 12 12 10 16224
4 12 12 14 10252
4 6 13 9 11208
4 6 13 11 9144
4 6 13 15 3764
4 12 13 9 8014
4 12 13 11 20636
4 12 13 15 22936
4 6 14 8 44604
4 6 14 10 7896
4 6 14 12 6796
4 12 14 8 7920
4 12 14 10 18992
4 12 14 12 5684
4 6 15 9 2196
4 6 15 11 22630
4 6 15 13 11300
4 12 15 9 10062
4 12 15 11 2620
4 12 15 13 10988
5 7 0 2 13406
5 7 0 4 20486
5 7 0 6 11892
5 13 0 2 1212
5 13 0 4 5204
5 13 0 6 8238
5 7 1 3 9120
5 7 1 5 23196
5 7 1 7 18376
5 13 1 3 30074
5 13 1 5 41934
5 13 1 7 11782
5 7 2 0 22344
5 7 2 4 1262
5 7 2 6 13262
5 13 2 0 19878
5 13 2 4 14634
5 13 2 6 3798
5 7 3 1 15730
5 7 3 5 23274
5 7 3 7 1254
5 13 3 1 10236
5 13 3 5 588
5 13 3 7 19880
5 7 4 0 10762
5 7 4 2 8478
5 7 4 6 24068
5 13 4 0 28138
5 13 4 2 12890
5 13 4 6 19828
5 7 5 1 9178
5 7 5 3 21588
5 7 5 7 724
5 13 5 1 4680
5 13 5 3 5684
5 13 5 7 6206
5 7 6 0 36486
5 7 6 2 16920
5 7 6 4 9072
5 13 6 0 3496
5 13 6 2 7634
5 13 6 4 46236
5 7 7 1 8960
5 7 7 3 29446
5 7 7 5 22778
5 13 7 1 17382
5 13 7 3 34668
5 13 7 5 7938
5 7 8 10 3338
5 7 8 12 30654
5 7 8 14 2500
5 13 8 10 10050
5 13 8 12 14452
5 13 8 14 5414
5 7 9 11 14732
5 7 9 13 12746
5 7 9 15 1400
5 13 9 11 4334
5 13 9 13 19980
5 13 9 15 14396
5 7 10 8 1258
5 7 10 12 14988
5 7 10 14 12014
5 13 10 8 8970
5 13 10 12 20
5 13 10 14 6802
5 7 11 9 19718
5 7 11 13 1762
5 7 11 15 15946
5 13 11 9 1608
5 13 11 13 10450
5 13 11 15 3414
5 7 12 8 4042
5 7 12 10 30286
5 7 12 14 3134
5 13 12 8 30548
5 13 12 10 13050
5 13 12 14 18418
5 7 13 9 2272
5 7 13 11 33564
5 7 13 15 14458
5 13 13 9 14756
5 13 13 11 29552
5 13 13 15 6866
5 7 14 8 24672
5 7 14 10 8214
5 7 14 12 20556
5 13 14 8 348
5 13 14 10 19608
5 13 14 12 12452
5 7 15 9 8308
5 7 15 11 5788
5 7 15 13 15462
5 13 15 9 17040
5 13 15 11 1704
5 13 15 13 14942
6 14 0 2 15380
6 14 0 4 3924
6 14 0 6 1324
6 14 1 3 3346
6 14 1 5 14944
6 14 1 7 19846
6 14 2 0 4670
6 14 2 4 8570
6 14 2 6 3228
6 14 3 1 14416
6 14 3 5 23208
6 14 3 7 15776
6 14 4 0 23508
6 14 4 2 16550
6 14 4 6 12752
6 14 5 1 43526
6 14 5 3 9132
6 14 5 7 326
6 14 6 0 508
6 14 6 2 36486
6 14 6 4 9576
6 14 7 1 19170
6 14 7 3 2594
6 14 7 5 17104
6 14 8 10 16222
6 14 8 12 6874
6 14 8 14 14926
6 14 9 11 10584
6 14 9 13 9728
6 14 9 15 6360
6 14 10 8 3082
6 14 10 12 15900
6 14 10 14 12160
6 14 11 9 6920
6 14 11 13 3372
6 14 11 15 15142
6 14 12 8 21204
6 14 12 10 62
6 14 12 14 24846
6 14 13 9 8448
6 14 13 11 13452
6 14 13 15 3586
6 14 14 8 1120
6 14 14 10 3822
6 14 14 12 20264
6 14 15 9 10140
6 14 15 11 22536
6 14 15 13 726
7 15 0 2 12774
7 15 0 4 20850
7 15 0 6 8654
7 15 1 3 238
7 15 1 5 5336
7 15 1 7 4966
7 15 2 0 2816
7 15 2 4 14126
7 15 2 6 17084
7 15 3 1 14200
7 15 3 5 12716
7 15 3 7 15814
7 15 4 0 4466
7 15 4 2 8052
7 15 4 6 9060
7 15 5 1 316
7 15 5 3 21470
7 15 5 7 754
7 15 6 0 27008
7 15 6 2 7486
7 15 6 4 6206
7 15 7 1 28932
7 15 7 3 28866
7 15 7 5 4550
7 15 8 10 2788
7 15 8 12 22890
7 15 8 14 8136
7 15 9 11 6816
7 15 9 13 558
7 15 9 15 18600
7 15 10 8 23850
7 15 10 12 5786
7 15 10 14 19846
7 15 11 9 5262
7 15 11 13 5802
7 15 11 15 4038
7 15 12 8 7776
7 15 12 10 1910
7 15 12 14 5408
7 15 13 9 1514
7 15 13 11 23016
7 15 13 15 11348
7 15 14 8 27854
7 15 14 10 12364
7 15 14 12 22464
7 15 15 9 12362
7 15 15 11 31490
7 15 15 13 21388
8 10 0 2 11658
8 10 0 4 13766
8 10 0 6 5692
8 12 0 2 8668
8 12 0 4 15706
8 12 0 6 21156
8 10 1 3 1172
8 10 1 5 23138
8 10 1 7 3984
8 12 1 3 13436
8 12 1 5 11998
8 12 1 7 16222
8 10 2 0 12320
8 10 2 4 772
8 10 2 6 1298
8 12 2 0 12028
8 12 2 4 6754
8 12 2 6 13380
8 10 3 1 10702
8 10 3 5 406
8 10 3 7 16870
8 12 3 1 2210
8 12 3 5 10140
8 12 3 7 6168
8 10 4 0 176
8 10 4 2 9914
8 10 4 6 12068
8 12 4 0 15336
8 12 4 2 6900
8 12 4 6 35560
8 10 5 1 24218
8 10 5 3 3266
8 10 5 7 3694
8 12 5 1 20794
8 12 5 3 5548
8 12 5 7 1678
8 10 6 0 15896
8 10 6 2 19802
8 10 6 4 20818
8 12 6 0 5326
8 12 6 2 2616
8 12 6 4 10586
8 10 7 1 3436
8 10 7 3 3840
8 10 7 5 6336
8 12 7 1 22674
8 12 7 3 1084
8 12 7 5 4244
8 10 8 10 11688
8 10 8 12 38878
8 10 8 14 12336
8 12 8 10 14120
8 12 8 12 12176
8 12 8 14 38978
8 10 9 11 150908
8 10 9 13 6680
8 10 9 15 12522
8 12 9 11 10902
8 12 9 13 14196
8 12 9 15 7048
8 10 10 8 27040
8 10 10 12 55532
8 10 10 14 4510
8 12 10 8 24794
8 12 10 12 21082
8 12 10 14 29242
8 10 11 9 149120
8 10 11 13 312
8 10 11 15 3750
8 12 11 9 11790
8 12 11 13 38554
8 12 11 15 27586
8 10 12 8 10594
8 10 12 10 6936
8 10 12 14 21802
8 12 12 8 13620
8 12 12 10 13994
8 12 12 14 10326
8 10 13 9 2286
8 10 13 11 10234
8 10 13 15 11704
8 12 13 9 1808
8 12 13 11 3574
8 12 13 15 21546
8 10 14 8 13146
8 10 14 10 502
8 10 14 12 9666
8 12 14 8 15770
8 12 14 10 27762
8 12 14 12 37318
8 10 15 9 37180
8 10 15 11 9162
8 10 15 13 15034
8 12 15 9 3388
8 12 15 11 3102
8 12 15 13 838
9 11 0 2 16762
9 11 0 4 18074
9 11 0 6 5642
9 13 0 2 15926
9 13 0 4 8254
9 13 0 6 19268
9 11 1 3 6192
9 11 1 5 10102
9 11 1 7 5224
9 13 1 3 22452
9 13 1 5 15632
9 13 1 7 9808
9 11 2 0 1286
9 11 2 4 9416
9 11 2 6 12400
9 13 2 0 3260
9 13 2 4 41728
9 13 2 6 48294
9 11 3 1 2882
9 11 3 5 9702
9 11 3 7 22842
9 13 3 1 17944
9 13 3 5 28828
9 13 3 7 10264
9 11 4 0 532
9 11 4 2 7174
9 11 4 6 886
9 13 4 0 6382
9 13 4 2 23774
9 13 4 6 10954
9 11 5 1 21360
9 11 5 3 6128
9 11 5 7 1546
9 13 5 1 7330
9 13 5 3 2378
9 13 5 7 5478
9 11 6 0 21158
9 11 6 2 13686
9 11 6 4 15838
9 13 6 0 12442
9 13 6 2 21778
9 13 6 4 2414
9 11 7 1 25686
9 11 7 3 15770
9 11 7 5 43340
9 13 7 1 43708
9 13 7 3 32578
9 13 7 5 2518
9 11 8 10 10948
9 11 8 12 35306
9 11 8 14 12032
9 13 8 10 13822
9 13 8 12 17796
9 13 8 14 4502
9 11 9 11 28064
9 11 9 13 7606
9 11 9 15 14770
9 13 9 11 15274
9 13 9 13 14006
9 13 9 15 10500
9 11 10 8 2812
9 11 10 12 19956
9 11 10 14 42466
9 13 10 8 18438
9 13 10 12 6660
9 13 10 14 1672
9 11 11 9 8230
9 11 11 13 58
9 11 11 15 7940
9 13 11 9 12290
9 13 11 13 10390
9 13 11 15 11298
9 11 12 8 36788
9 11 12 10 2034
9 11 12 14 18858
9 13 12 8 6794
9 13 12 10 14906
9 13 12 14 13842
9 11 13 9 27842
9 11 13 11 18382
9 11 13 15 3244
9 13 13 9 9406
9 13 13 11 7852
9 13 13 15 5254
9 11 14 8 10932
9 11 14 10 3092
9 11 14 12 16724
9 13 14 8 26176
9 13 14 10 19896
9 13 14 12 3422
9 11 15 9 12638
9 11 15 11 7150
9 11 15 13 9938
9 13 15 9 9044
9 13 15 11 4420
9 13 15 13 1176
10 14 0 2 14140
10 14 0 4 11850
10 14 0 6 35676
10 14 1 3 3970
10 14 1 5 11562
10 14 1 7 7546
10 14 2 0 18728
10 14 2 4 28046
10 14 2 6 3516
10 14 3 1 984
10 14 3 5 12406
10 14 3 7 5634
10 14 4 0 17016
10 14 4 2 7418
10 14 4 6 3912
10 14 5 1 13386
10 14 5 3 13050
10 14 5 7 13634
10 14 6 0 5938
10 14 6 2 13222
10 14 6 4 22056
10 14 7 1 13112
10 14 7 3 26702
10 14 7 5 35892
10 14 8 10 9346
10 14 8 12 9324
10 14 8 14 15594
10 14 9 11 4144
10 14 9 13 10152
10 14 9 15 25098
10 14 10 8 8282
10 14 10 12 44746
10 14 10 14 1016
10 14 11 9 5330
10 14 11 13 17512
10 14 11 15 11476
10 14 12 8 9390
10 14 12 10 11758
10 14 12 14 6692
10 14 13 9 5244
10 14 13 11 17936
10 14 13 15 10314
10 14 14 8 16496
10 14 14 10 13752
10 14 14 12 21624
10 14 15 9 17678
10 14 15 11 3052
10 14 15 13 11500
11 15 0 2 18964
11 15 0 4 8492
11 15 0 6 14848
11 15 1 3 11716
11 15 1 5 1496
11 15 1 7 8530
11 15 2 0 13576
11 15 2 4 5680
11 15 2 6 8162
11 15 3 1 120
11 15 3 5 25620
11 15 3 7 8646
11 15 4 0 17036
11 15 4 2 7134
11 15 4 6 2394
11 15 5 1 3496
11 15 5 3 13664
11 15 5 7 11060
11 15 6 0 20912
11 15 6 2 36246
11 15 6 4 5796
11 15 7 1 3350
11 15 7 3 4342
11 15 7 5 862
11 15 8 10 9602
11 15 8 12 11584
11 15 8 14 7242
11 15 9 11 19930
11 15 9 13 8534
11 15 9 15 39064
11 15 10 8 21990
11 15 10 12 14892
11 15 10 14 9032
11 15 11 9 14510
11 15 11 13 29266
11 15 11 15 3108
11 15 12 8 21420
11 15 12 10 13500
11 15 12 14 16110
11 15 13 9 12580
11 15 13 11 15026
11 15 13 15 12360
11 15 14 8 17314
11 15 14 10 6768
11 15 14 12 13086
11 15 15 9 17694
11 15 15 11 8850
11 15 15 13 25002
12 14 0 2 7586
12 14 0 4 18004
12 14 0 6 6978
12 14 1 3 10860
12 14 1 5 4508
12 14 1 7 1632
12 14 2 0 2172
12 14 2 4 16094
12 14 2 6 31892
12 14 3 1 6968
12 14 3 5 1216
12 14 3 7 12436
12 14 4 0 18600
12 14 4 2 4522
12 14 4 6 11742
12 14 5 1 9926
12 14 5 3 6480
12 14 5 7 13056
12 14 6 0 17842
12 14 6 2 8400
12 14 6 4 17512
12 14 7 1 30776
12 14 7 3 26176
12 14 7 5 23904
12 14 8 10 776
12 14 8 12 18468
12 14 8 14 5634
12 14 9 11 24390
12 14 9 13 1514
12 14 9 15 17526
12 14 10 8 12916
12 14 10 12 11326
12 14 10 14 3936
12 14 11 9 22566
12 14 11 13 2216
12 14 11 15 11762
12 14 12 8 1256
12 14 12 10 16286
12 14 12 14 14476
12 14 13 9 15698
12 14 13 11 1474
12 14 13 15 2666
12 14 14 8 3766
12 14 14 10 13362
12 14 14 12 10478
12 14 15 9 4484
12 14 15 11 8578
12 14 15 13 14320
13 15 0 2 1042
13 15 0 4 11932
13 15 0 6 1408
13 15 1 3 9150
13 15 1 5 13118
13 15 1 7 584
13 15 2 0 16896
13 15 2 4 21448
13 15 2 6 6786
13 15 3 1 21492
13 15 3 5 8434
13 15 3 7 13332
13 15 4 0 26216
13 15 4 2 5358
13 15 4 6 3298
13 15 5 1 26894
13 15 5 3 7524
13 15 5 7 21700
13 15 6 0 27138
13 15 6 2 16242
13 15 6 4 33496
13 15 7 1 4908
13 15 7 3 17638
13 15 7 5 26560
13 15 8 10 194
13 15 8 12 6466
13 15 8 14 4878
13 15 9 11 6376
13 15 9 13 6074
13 15 9 15 2836
13 15 10 8 1696
13 15 10 12 6686
13 15 10 14 32110
13 15 11 9 19364
13 15 11 13 12336
13 15 11 15 6152
13 15 12 8 24202
13 15 12 10 9942
13 15 12 14 18896
13 15 13 9 22016
13 15 13 11 182
13 15 13 15 10702
13 15 14 8 7596
13 15 14 10 20192
13 15 14 12 5500
13 15 15 9 4328
13 15 15 11 36506
13 15 15 13 7966
