# KEY left=0x46 right=0x64
# GOOD_PAIRS_BEGIN count=2
# GOOD_PAIR 0x32 0xb6
# GOOD_PAIR 0x36 0xb2
# GOOD_PAIRS_END
0 2 0 2 22614
0 2 0 4 6066
0 2 0 6 22332
0 4 0 2 32598
0 4 0 4 1112
0 4 0 6 14292
0 8 0 2 26460
0 8 0 4 176
0 8 0 6 32526
0 2 1 3 14660
0 2 1 5 24860
0 2 1 7 4752
0 4 1 3 11554
0 4 1 5 3628
0 4 1 7 1622
0 8 1 3 13284
0 8 1 5 18704
0 8 1 7 5140
0 2 2 0 18256
0 2 2 4 31360
0 2 2 6 11374
0 4 2 0 22952
0 4 2 4 11254
0 4 2 6 13580
0 8 2 0 25054
0 8 2 4 5992
0 8 2 6 21544
0 2 3 1 5726
0 2 3 5 1164
0 2 3 7 10608
0 4 3 1 4638
0 4 3 5 14804
0 4 3 7 16582
0 8 3 1 5722
0 8 3 5 8972
0 8 3 7 1356
0 2 4 0 8290
0 2 4 2 7552
0 2 4 6 25218
0 4 4 0 12592
0 4 4 2 3762
0 4 4 6 3412
0 8 4 0 13586
0 8 4 2 2390
0 8 4 6 21470
0 2 5 1 9314
0 2 5 3 7944
0 2 5 7 28958
0 4 5 1 892
0 4 5 3 9440
0 4 5 7 22944
0 8 5 1 1956
0 8 5 3 3280
0 8 5 7 10604
0 2 6 0 9482
0 2 6 2 11124
0 2 6 4 3974
0 4 6 0 7402
0 4 6 2 9174
0 4 6 4 12732
0 8 6 0 12728
0 8 6 2 2672
0 8 6 4 8160
0 2 7 1 3826
0 2 7 3 1838
0 2 7 5 9020
0 4 7 1 20636
0 4 7 3 848
0 4 7 5 46476
0 8 7 1 2316
0 8 7 3 8942
0 8 7 5 46704
0 2 8 10 5948
0 2 8 12 17514
0 2 8 14 2688
0 4 8 10 8466
0 4 8 12 12724
0 4 8 14 3940
0 8 8 10 11374
0 8 8 12 20402
0 8 8 14 6056
0 2 9 11 12608
0 2 9 13 10044
0 2 9 15 15544
0 4 9 11 6446
0 4 9 13 11812
0 4 9 15 14808
0 8 9 11 18670
0 8 9 13 9082
0 8 9 15 1974
0 2 10 8 5414
0 2 10 12 13802
0 2 10 14 20242
0 4 10 8 24326
0 4 10 12 2780
0 4 10 14 2802
0 8 10 8 12252
0 8 10 12 10688
0 8 10 14 9024
0 2 11 9 19822
0 2 11 13 5560
0 2 11 15 13286
0 4 11 9 392
0 4 11 13 2648
0 4 11 15 8362
0 8 11 9 23162
0 8 11 13 5568
0 8 11 15 23308
0 2 12 8 9364
0 2 12 10 5878
0 2 12 14 7196
0 4 12 8 20316
0 4 12 10 27318
0 4 12 14 7918
0 8 12 8 7816
0 8 12 10 22692
0 8 12 14 16822
0 2 13 9 7008
0 2 13 11 16078
0 2 13 15 15670
0 4 13 9 3616
0 4 13 11 654
0 4 13 15 4074
0 8 13 9 27130
0 8 13 11 15022
0 8 13 15 17562
0 2 14 8 14788
0 2 14 10 20036
0 2 14 12 20716
0 4 14 8 3126
0 4 14 10 7426
0 4 14 12 29704
0 8 14 8 4110
0 8 14 10 11824
0 8 14 12 6222
0 2 15 9 254
0 2 15 11 1130
0 2 15 13 4898
0 4 15 9 7356
0 4 15 11 9038
0 4 15 13 3652
0 8 15 9 18916
0 8 15 11 8224
0 8 15 13 35464
1 3 0 2 14564
1 3 0 4 6000
1 3 0 6 5412
1 5 0 2 13022
1 5 0 4 752
1 5 0 6 20460
1 9 0 2 11214
1 9 0 4 2710
1 9 0 6 708
1 3 1 3 10056
1 3 1 5 9790
1 3 1 7 17146
1 5 1 3 4194
1 5 1 5 16644
1 5 1 7 1072
1 9 1 3 10756
1 9 1 5 6746
1 9 1 7 11136
1 3 2 0 4164
1 3 2 4 26016
1 3 2 6 4770
1 5 2 0 4658
1 5 2 4 8256
1 5 2 6 22880
1 9 2 0 3712
1 9 2 4 7174
1 9 2 6 15368
1 3 3 1 788
1 3 3 5 7834
1 3 3 7 18426
1 5 3 1 10188
1 5 3 5 14818
1 5 3 7 26366
1 9 3 1 6394
1 9 3 5 27238
1 9 3 7 26044
1 3 4 0 30100
1 3 4 2 8292
1 3 4 6 22376
1 5 4 0 8058
1 5 4 2 19638
1 5 4 6 31538
1 9 4 0 12912
1 9 4 2 14388
1 9 4 6 10250
1 3 5 1 4328
1 3 5 3 3416
1 3 5 7 898
1 5 5 1 7692
1 5 5 3 22402
1 5 5 7 10340
1 9 5 1 4906
1 9 5 3 1126
1 9 5 7 20036
1 3 6 0 1794
1 3 6 2 4494
1 3 6 4 7702
1 5 6 0 3716
1 5 6 2 9062
1 5 6 4 2824
1 9 6 0 9906
1 9 6 2 30016
1 9 6 4 12370
1 3 7 1 20396
1 3 7 3 31932
1 3 7 5 11080
1 5 7 1 7560
1 5 7 3 6348
1 5 7 5 30046
1 9 7 1 13464
1 9 7 3 7028
1 9 7 5 9194
1 3 8 10 5176
1 3 8 12 7756
1 3 8 14 38972
1 5 8 10 832
1 5 8 12 806
1 5 8 14 11404
1 9 8 10 16926
1 9 8 12 17166
1 9 8 14 2382
1 3 9 11 3014
1 3 9 13 8412
1 3 9 15 15550
1 5 9 11 32296
1 5 9 13 30750
1 5 9 15 870
1 9 9 11 14876
1 9 9 13 10406
1 9 9 15 3242
1 3 10 8 11620
1 3 10 12 23864
1 3 10 14 2462
1 5 10 8 642
1 5 10 12 8038
1 5 10 14 10904
1 9 10 8 13582
1 9 10 12 12832
1 9 10 14 9268
1 3 11 9 5698
1 3 11 13 190
1 3 11 15 9202
1 5 11 9 20596
1 5 11 13 23044
1 5 11 15 16664
1 9 11 9 2614
1 9 11 13 17342
1 9 11 15 19666
1 3 12 8 26688
1 3 12 10 6904
1 3 12 14 7034
1 5 12 8 2708
1 5 12 10 10756
1 5 12 14 5864
1 9 12 8 7694
1 9 12 10 2040
1 9 12 14 774
1 3 13 9 18382
1 3 13 11 47984
1 3 13 15 2644
1 5 13 9 17882
1 5 13 11 294
1 5 13 15 4162
1 9 13 9 23924
1 9 13 11 14748
1 9 13 15 8232
1 3 14 8 21980
1 3 14 10 4526
1 3 14 12 24100
1 5 14 8 18616
1 5 14 10 2858
1 5 14 12 23268
1 9 14 8 6412
1 9 14 10 12418
1 9 14 12 3146
1 3 15 9 4652
1 3 15 11 33298
1 3 15 13 4882
1 5 15 9 6412
1 5 15 11 6774
1 5 15 13 13776
1 9 15 9 15258
1 9 15 11 3420
1 9 15 13 24194
2 6 0 2 22588
2 6 0 4 9692
2 6 0 6 12212
2 10 0 2 25324
2 10 0 4 16098
2 10 0 6 2190
2 6 1 3 3206
2 6 1 5 5066
2 6 1 7 10524
2 10 1 3 10056
2 10 1 5 17518
2 10 1 7 4104
2 6 2 0 9794
2 6 2 4 29270
2 6 2 6 4396
2 10 2 0 8666
2 10 2 4 9448
2 10 2 6 4374
2 6 3 1 5734
2 6 3 5 9732
2 6 3 7 11008
2 10 3 1 3392
2 10 3 5 4356
2 10 3 7 9762
2 6 4 0 1234
2 6 4 2 1446
2 6 4 6 11850
2 10 4 0 2698
2 10 4 2 7060
2 10 4 6 8258
2 6 5 1 17344
2 6 5 3 6092
2 6 5 7 42480
2 10 5 1 8240
2 10 5 3 25648
2 10 5 7 9418
2 6 6 0 13344
2 6 6 2 27746
2 6 6 4 5436
2 10 6 0 21846
2 10 6 2 13034
2 10 6 4 29556
2 6 7 1 6352
2 6 7 3 17834
2 6 7 5 9034
2 10 7 1 19296
2 10 7 3 14928
2 10 7 5 6418
2 6 8 10 4876
2 6 8 12 6966
2 6 8 14 7846
2 10 8 10 13152
2 10 8 12 22466
2 10 8 14 20760
2 6 9 11 16120
2 6 9 13 11370
2 6 9 15 25038
2 10 9 11 5524
2 10 9 13 7112
2 10 9 15 20228
2 6 10 8 8458
2 6 10 12 35664
2 6 10 14 18920
2 10 10 8 40092
2 10 10 12 12076
2 10 10 14 16642
2 6 11 9 1362
2 6 11 13 6088
2 6 11 15 25756
2 10 11 9 24356
2 10 11 13 4614
2 10 11 15 2542
2 6 12 8 7338
2 6 12 10 5424
2 6 12 14 7442
2 10 12 8 5718
2 10 12 10 48348
2 10 12 14 19918
2 6 13 9 9798
2 6 13 11 1522
2 6 13 15 19974
2 10 13 9 18224
2 10 13 11 6648
2 10 13 15 13080
2 6 14 8 27956
2 6 14 10 9710
2 6 14 12 816
2 10 14 8 7594
2 10 14 10 15984
2 10 14 12 4036
2 6 15 9 5722
2 6 15 11 1274
2 6 15 13 32548
2 10 15 9 4210
2 10 15 11 7344
2 10 15 13 38174
3 7 0 2 3210
3 7 0 4 2184
3 7 0 6 8112
3 11 0 2 23568
3 11 0 4 20126
3 11 0 6 6108
3 7 1 3 5132
3 7 1 5 6088
3 7 1 7 25080
3 11 1 3 21570
3 11 1 5 21376
3 11 1 7 6514
3 7 2 0 2416
3 7 2 4 4532
3 7 2 6 11016
3 11 2 0 3574
3 11 2 4 1638
3 11 2 6 129064
3 7 3 1 9506
3 7 3 5 15430
3 7 3 7 19490
3 11 3 1 2140
3 11 3 5 21620
3 11 3 7 19172
3 7 4 0 19702
3 7 4 2 3480
3 7 4 6 19564
3 11 4 0 7178
3 11 4 2 16340
3 11 4 6 3536
3 7 5 1 3310
3 7 5 3 26030
3 7 5 7 9602
3 11 5 1 1422
3 11 5 3 9424
3 11 5 7 20638
3 7 6 0 12284
3 7 6 2 12896
3 7 6 4 28258
3 11 6 0 3288
3 11 6 2 164976
3 11 6 4 6026
3 7 7 1 1424
3 7 7 3 3794
3 7 7 5 4832
3 11 7 1 6160
3 11 7 3 5252
3 11 7 5 20900
3 7 8 10 1058
3 7 8 12 14964
3 7 8 14 23926
3 11 8 10 1108
3 11 8 12 1204
3 11 8 14 10774
3 7 9 11 15284
3 7 9 13 15356
3 7 9 15 11588
3 11 9 11 18160
3 11 9 13 11310
3 11 9 15 32048
3 7 10 8 3560
3 7 10 12 10468
3 7 10 14 19900
3 11 10 8 12044
3 11 10 12 13048
3 11 10 14 3736
3 7 11 9 552
3 7 11 13 6628
3 7 11 15 10508
3 11 11 9 30796
3 11 11 13 27924
3 11 11 15 27984
3 7 12 8 19030
3 7 12 10 14956
3 7 12 14 2390
3 11 12 8 3370
3 11 12 10 3724
3 11 12 14 4646
3 7 13 9 48264
3 7 13 11 4568
3 7 13 15 8574
3 11 13 9 7950
3 11 13 11 12838
3 11 13 15 10140
3 7 14 8 21648
3 7 14 10 6658
3 7 14 12 482
3 11 14 8 5426
3 11 14 10 5684
3 11 14 12 26448
3 7 15 9 30990
3 7 15 11 18440
3 7 15 13 23724
3 11 15 9 9410
3 11 15 11 6118
3 11 15 13 11600
4 6 0 2 9134
4 6 0 4 2894
4 6 0 6 5978
4 12 0 2 29828
4 12 0 4 13910
4 12 0 6 27424
4 6 1 3 25302
4 6 1 5 4640
4 6 1 7 16364
4 12 1 3 11806
4 12 1 5 2768
4 12 1 7 36
4 6 2 0 6448
4 6 2 4 20906
4 6 2 6 27934
4 12 2 0 17842
4 12 2 4 16660
4 12 2 6 632
4 6 3 1 7060
4 6 3 5 10908
4 6 3 7 19072
4 12 3 1 16688
4 12 3 5 33320
4 12 3 7 5382
4 6 4 0 1194
4 6 4 2 6252
4 6 4 6 2116
4 12 4 0 13342
4 12 4 2 14184
4 12 4 6 19044
4 6 5 1 2932
4 6 5 3 21460
4 6 5 7 12004
4 12 5 1 11316
4 12 5 3 10872
4 12 5 7 29496
4 6 6 0 11888
4 6 6 2 12774
4 6 6 4 25172
4 12 6 0 4690
4 12 6 2 19886
4 12 6 4 10716
4 6 7 1 6264
4 6 7 3 8488
4 6 7 5 3274
4 12 7 1 9172
4 12 7 3 18510
4 12 7 5 3304
4 6 8 10 19420
4 6 8 12 27480
4 6 8 14 3246
4 12 8 10 1236
4 12 8 12 14662
4 12 8 14 27738
4 6 9 11 8474
4 6 9 13 11506
4 6 9 15 1158
4 12 9 11 4010
4 12 9 13 9316
4 12 9 15 4238
4 6 10 8 26506
4 6 10 12 23436
4 6 10 14 24396
4 12 10 8 4460
4 12 10 12 16006
4 12 10 14 5346
4 6 11 9 1234
4 6 11 13 960
4 6 11 15 864
4 12 11 9 17880
4 12 11 13 14242
4 12 11 15 8990
4 6 12 8 8876
4 6 12 10 5776
4 6 12 14 16890
4 12 12 8 9982
4 12 12 10 12376
4 12 12 14 36506
4 6 13 9 30864
4 6 13 11 24348
4 6 13 15 4668
4 12 13 9 13044
4 12 13 11 3976
4 12 13 15 11738
4 6 14 8 17904
4 6 14 10 24326
4 6 14 12 632
4 12 14 8 17030
4 12 14 10 18220
4 12 14 12 2310
4 6 15 9 17458
4 6 15 11 6992
4 6 15 13 53186
4 12 15 9 32258
4 12 15 11 9716
4 12 15 13 5410
5 7 0 2 16412
5 7 0 4 13630
5 7 0 6 6402
5 13 0 2 2284
5 13 0 4 7044
5 13 0 6 5030
5 7 1 3 20982
5 7 1 5 5772
5 7 1 7 6178
5 13 1 3 28554
5 13 1 5 17414
5 13 1 7 4692
5 7 2 0 17058
5 7 2 4 5654
5 7 2 6 1668
5 13 2 0 7392
5 13 2 4 19486
5 13 2 6 16764
5 7 3 1 6884
5 7 3 5 14388
5 7 3 7 27304
5 13 3 1 19092
5 13 3 5 15354
5 13 3 7 560
5 7 4 0 846
5 7 4 2 14456
5 7 4 6 4984
5 13 4 0 6604
5 13 4 2 11520
5 13 4 6 4798
5 7 5 1 11176
5 7 5 3 6904
5 7 5 7 18026
5 13 5 1 2558
5 13 5 3 1756
5 13 5 7 5634
5 7 6 0 22362
5 7 6 2 13012
5 7 6 4 11930
5 13 6 0 11184
5 13 6 2 986
5 13 6 4 7360
5 7 7 1 16610
5 7 7 3 25976
5 7 7 5 7454
5 13 7 1 12594
5 13 7 3 13552
5 13 7 5 7498
5 7 8 10 35764
5 7 8 12 7824
5 7 8 14 14844
5 13 8 10 7400
5 13 8 12 8414
5 13 8 14 10078
5 7 9 11 22402
5 7 9 13 17140
5 7 9 15 3086
5 13 9 11 3974
5 13 9 13 15616
5 13 9 15 17164
5 7 10 8 30808
5 7 10 12 23502
5 7 10 14 17298
5 13 10 8 22608
5 13 10 12 3670
5 13 10 14 874
5 7 11 9 26542
5 7 11 13 14918
5 7 11 15 4656
5 13 11 9 9892
5 13 11 13 14388
5 13 11 15 3128
5 7 12 8 1934
5 7 12 10 7978
5 7 12 14 4280
5 13 12 8 4852
5 13 12 10 3494
5 13 12 14 7440
5 7 13 9 8906
5 7 13 11 4878
5 7 13 15 13112
5 13 13 9 46438
5 13 13 11 4416
5 13 13 15 21124
5 7 14 8 6616
5 7 14 10 3884
5 7 14 12 25438
5 13 14 8 25578
5 13 14 10 7342
5 13 14 12 7572
5 7 15 9 10398
5 7 15 11 13726
5 7 15 13 12686
5 13 15 9 6694
5 13 15 11 33680
5 13 15 13 9562
6 14 0 2 370
6 14 0 4 19820
6 14 0 6 534
6 14 1 3 14076
6 14 1 5 29914
6 14 1 7 16508
6 14 2 0 10900
6 14 2 4 7508
6 14 2 6 1696
6 14 3 1 28676
6 14 3 5 6436
6 14 3 7 3024
6 14 4 0 5030
6 14 4 2 5284
6 14 4 6 25048
6 14 5 1 5272
6 14 5 3 18444
6 14 5 7 17028
6 14 6 0 7006
6 14 6 2 7524
6 14 6 4 27872
6 14 7 1 22878
6 14 7 3 11836
6 14 7 5 14882
6 14 8 10 22856
6 14 8 12 4012
6 14 8 14 4850
6 14 9 11 18434
6 14 9 13 27568
6 14 9 15 8390
6 14 10 8 16694
6 14 10 12 14142
6 14 10 14 30734
6 14 11 9 20270
6 14 11 13 2904
6 14 11 15 29762
6 14 12 8 26530
6 14 12 10 15678
6 14 12 14 1084
6 14 13 9 16554
6 14 13 11 27970
6 14 13 15 542
6 14 14 8 1910
6 14 14 10 29056
6 14 14 12 25964
6 14 15 9 42
6 14 15 11 9626
6 14 15 13 7202
7 15 0 2 9600
7 15 0 4 20990
7 15 0 6 24636
7 15 1 3 18554
7 15 1 5 3772
7 15 1 7 13064
7 15 2 0 1212
7 15 2 4 15946
7 15 2 6 27116
7 15 3 1 9906
7 15 3 5 22952
7 15 3 7 2084
7 15 4 0 12254
7 15 4 2 12720
7 15 4 6 14180
7 15 5 1 6070
7 15 5 3 9626
7 15 5 7 11074
7 15 6 0 4924
7 15 6 2 11728
7 15 6 4 1758
7 15 7 1 28352
7 15 7 3 18450
7 15 7 5 6172
7 15 8 10 9406
7 15 8 12 27642
7 15 8 14 10830
7 15 9 11 34960
7 15 9 13 14450
7 15 9 15 28346
7 15 10 8 13716
7 15 10 12 10502
7 15 10 14 7968
7 15 11 9 34688
7 15 11 13 26196
7 15 11 15 7838
7 15 12 8 8770
7 15 12 10 50
7 15 12 14 2770
7 15 13 9 254
7 15 13 11 13222
7 15 13 15 11698
7 15 14 8 10698
7 15 14 10 1280
7 15 14 12 10734
7 15 15 9 6530
7 15 15 11 518
7 15 15 13 3070
8 10 0 2 19744
8 10 0 4 7784
8 10 0 6 13798
8 12 0 2 14302
8 12 0 4 10622
8 12 0 6 18968
8 10 1 3 25268
8 10 1 5 3804
8 10 1 7 24668
8 12 1 3 17938
8 12 1 5 21600
8 12 1 7 9816
8 10 2 0 12454
8 10 2 4 2524
8 10 2 6 10180
8 12 2 0 1300
8 12 2 4 4332
8 12 2 6 8174
8 10 3 1 20248
8 10 3 5 6118
8 10 3 7 13220
8 12 3 1 7030
8 12 3 5 1392
8 12 3 7 7468
8 10 4 0 5788
8 10 4 2 3502
8 10 4 6 14588
8 12 4 0 15494
8 12 4 2 24142
8 12 4 6 3312
8 10 5 1 32536
8 10 5 3 12758
8 10 5 7 7146
8 12 5 1 13262
8 12 5 3 42014
8 12 5 7 10430
8 10 6 0 7004
8 10 6 2 34690
8 10 6 4 5890
8 12 6 0 2360
8 12 6 2 2162
8 12 6 4 56078
8 10 7 1 1722
8 10 7 3 22334
8 10 7 5 8944
8 12 7 1 14918
8 12 7 3 14406
8 12 7 5 9320
8 10 8 10 18410
8 10 8 12 1040
8 10 8 14 34942
8 12 8 10 2258
8 12 8 12 7710
8 12 8 14 436
8 10 9 11 1628
8 10 9 13 31904
8 10 9 15 26788
8 12 9 11 8122
8 12 9 13 30628
8 12 9 15 1858
8 10 10 8 15960
8 10 10 12 10056
8 10 10 14 8570
8 12 10 8 22752
8 12 10 12 13092
8 12 10 14 21698
8 10 11 9 3216
8 10 11 13 21262
8 10 11 15 12152
8 12 11 9 10546
8 12 11 13 33664
8 12 11 15 16150
8 10 12 8 17012
8 10 12 10 49858
8 10 12 14 8802
8 12 12 8 8110
8 12 12 10 668
8 12 12 14 8666
8 10 13 9 20386
8 10 13 11 22560
8 10 13 15 1876
8 12 13 9 4236
8 12 13 11 10862
8 12 13 15 12446
8 10 14 8 15528
8 10 14 10 7270
8 10 14 12 20478
8 12 14 8 12482
8 12 14 10 5144
8 12 14 12 21212
8 10 15 9 17274
8 10 15 11 146
8 10 15 13 2164
8 12 15 9 8370
8 12 15 11 15684
8 12 15 13 27600
9 11 0 2 27180
9 11 0 4 11428
9 11 0 6 3302
9 13 0 2 2392
9 13 0 4 21810
9 13 0 6 760
9 11 1 3 7808
9 11 1 5 27578
9 11 1 7 3982
9 13 1 3 2088
9 13 1 5 5752
9 13 1 7 10424
9 11 2 0 6504
9 11 2 4 19280
9 11 2 6 4060
9 13 2 0 9476
9 13 2 4 20550
9 13 2 6 31284
9 11 3 1 10682
9 11 3 5 7314
9 11 3 7 22222
9 13 3 1 24620
9 13 3 5 23194
9 13 3 7 32296
9 11 4 0 10370
9 11 4 2 11810
9 11 4 6 12000
9 13 4 0 15968
9 13 4 2 582
9 13 4 6 9146
9 11 5 1 2990
9 11 5 3 15060
9 11 5 7 3980
9 13 5 1 42
9 13 5 3 24994
9 13 5 7 772
9 11 6 0 21626
9 11 6 2 13354
9 11 6 4 11494
9 13 6 0 12342
9 13 6 2 4012
9 13 6 4 5084
9 11 7 1 13778
9 11 7 3 23370
9 11 7 5 3338
9 13 7 1 27466
9 13 7 3 5010
9 13 7 5 8798
9 11 8 10 25588
9 11 8 12 13418
9 11 8 14 4454
9 13 8 10 13560
9 13 8 12 352
9 13 8 14 12622
9 11 9 11 6494
9 11 9 13 10438
9 11 9 15 114
9 13 9 11 10398
9 13 9 13 10762
9 13 9 15 6560
9 11 10 8 23616
9 11 10 12 9116
9 11 10 14 7874
9 13 10 8 43832
9 13 10 12 1356
9 13 10 14 25888
9 11 11 9 4522
9 11 11 13 4810
9 11 11 15 564
9 13 11 9 2130
9 13 11 13 47022
9 13 11 15 11558
9 11 12 8 4950
9 11 12 10 780
9 11 12 14 11214
9 13 12 8 302
9 13 12 10 4184
9 13 12 14 15056
9 11 13 9 16340
9 11 13 11 19630
9 11 13 15 8696
9 13 13 9 27074
9 13 13 11 7064
9 13 13 15 38440
9 11 14 8 22246
9 11 14 10 18424
9 11 14 12 7900
9 13 14 8 7164
9 13 14 10 1288
9 13 14 12 7954
9 11 15 9 10600
9 11 15 11 16368
9 11 15 13 11144
9 13 15 9 9264
9 13 15 11 10012
9 13 15 13 3918
10 14 0 2 1798
10 14 0 4 8060
10 14 0 6 8912
10 14 1 3 20384
10 14 1 5 12652
10 14 1 7 21376
10 14 2 0 19902
10 14 2 4 17884
10 14 2 6 18556
10 14 3 1 10286
10 14 3 5 35384
10 14 3 7 10674
10 14 4 0 22740
10 14 4 2 10382
10 14 4 6 29926
10 14 5 1 24372
10 14 5 3 35664
10 14 5 7 7836
10 14 6 0 21044
10 14 6 2 17034
10 14 6 4 16958
10 14 7 1 19324
10 14 7 3 10086
10 14 7 5 1290
10 14 8 10 37536
10 14 8 12 10040
10 14 8 14 5514
10 14 9 11 10066
10 14 9 13 6256
10 14 9 15 6798
10 14 10 8 612
10 14 10 12 11380
10 14 10 14 874
10 14 11 9 5958
10 14 11 13 7492
10 14 11 15 29234
10 14 12 8 32562
10 14 12 10 6638
10 14 12 14 15652
10 14 13 9 17002
10 14 13 11 6316
10 14 13 15 8300
10 14 14 8 1754
10 14 14 10 8322
10 14 14 12 6214
10 14 15 9 21372
10 14 15 11 19060
10 14 15 13 18708
11 15 0 2 10710
11 15 0 4 13286
11 15 0 6 22568
11 15 1 3 24298
11 15 1 5 7586
11 15 1 7 7164
11 15 2 0 3404
11 15 2 4 3290
11 15 2 6 3406
11 15 3 1 6350
11 15 3 5 17634
11 15 3 7 14532
11 15 4 0 28718
11 15 4 2 8820
11 15 4 6 7636
11 15 5 1 14656
11 15 5 3 6118
11 15 5 7 13716
11 15 6 0 17944
11 15 6 2 25432
11 15 6 4 6864
11 15 7 1 14284
11 15 7 3 19878
11 15 7 5 12762
11 15 8 10 8916
11 15 8 12 3656
11 15 8 14 156
11 15 9 11 17546
11 15 9 13 13500
11 15 9 15 18848
11 15 10 8 12176
11 15 10 12 6712
11 15 10 14 5936
11 15 11 9 4998
11 15 11 13 5626
11 15 11 15 3014
11 15 12 8 2222
11 15 12 10 11422
11 15 12 14 26918
11 15 13 9 6796
11 15 13 11 16138
11 15 13 15 23898
11 15 14 8 7478
11 15 14 10 5764
11 15 14 12 1428
11 15 15 9 4850
11 15 15 11 4664
11 15 15 13 2534
12 14 0 2 16278
12 14 0 4 5550
12 14 0 6 7326
12 14 1 3 23438
12 14 1 5 3664
12 14 1 7 34296
12 14 2 0 9004
12 14 2 4 19096
12 14 2 6 32932
12 14 3 1 5582
12 14 3 5 8956
12 14 3 7 19476
12 14 4 0 17670
12 14 4 2 6102
12 14 4 6 2888
12 14 5 1 15768
12 14 5 3 19618
12 14 5 7 10404
12 14 6 0 11968
12 14 6 2 4264
12 14 6 4 7928
12 14 7 1 3732
12 14 7 3 2932
12 14 7 5 17566
12 14 8 10 20972
12 14 8 12 4622
12 14 8 14 10888
12 14 9 11 12514
12 14 9 13 21658
12 14 9 15 6848
12 14 10 8 20134
12 14 10 12 21158
12 14 10 14 6144
12 14 11 9 26178
12 14 11 13 8330
12 14 11 15 7202
12 14 12 8 8894
12 14 12 10 3798
12 14 12 14 2136
12 14 13 9 976
12 14 13 11 4138
12 14 13 15 16666
12 14 14 8 18296
12 14 14 10 40200
12 14 14 12 5514
12 14 15 9 10414
12 14 15 11 2692
12 14 15 13 2512
13 15 0 2 18544
13 15 0 4 37304
13 15 0 6 4282
13 15 1 3 16666
13 15 1 5 8476
13 15 1 7 866
13 15 2 0 25556
13 15 2 4 11768
13 15 2 6 18866
13 15 3 1 9850
13 15 3 5 8322
13 15 3 7 13504
13 15 4 0 12300
13 15 4 2 18036
13 15 4 6 8614
13 15 5 1 15734
13 15 5 3 6498
13 15 5 7 5226
13 15 6 0 16664
13 15 6 2 25892
13 15 6 4 32216
13 15 7 1 6078
13 15 7 3 14886
13 15 7 5 1970
13 15 8 10 4642
13 15 8 12 4036
13 15 8 14 18372
13 15 9 11 18456
13 15 9 13 6846
13 15 9 15 1006
13 15 10 8 10108
13 15 10 12 10178
13 15 10 14 11186
13 15 11 9 28140
13 15 11 13 10478
13 15 11 15 5582
13 15 12 8 7248
13 15 12 10 1234
13 15 12 14 12956
13 15 13 9 15150
13 15 13 11 1430
13 15 13 15 15040
13 15 14 8 15686
13 15 14 10 24030
13 15 14 12 22188
13 15 15 9 10820
13 15 15 11 3226
13 15 15 13 35260
