# KEY left=0x85 right=0xfe
# GOOD_PAIRS_BEGIN count=4
# GOOD_PAIR 0x4d 0x6f
# GOOD_PAIR 0x4f 0x6d
# GOOD_PAIR 0x9d 0xdf
# GOOD_PAIR 0x9f 0xdd
# GOOD_PAIRS_END
0 2 0 2 2118
0 2 0 4 28572
0 2 0 6 23520
0 4 0 2 11292
0 4 0 4 20126
0 4 0 6 53078
0 8 0 2 26792
0 8 0 4 14566
0 8 0 6 3242
0 2 1 3 27792
0 2 1 5 4592
0 2 1 7 31846
0 4 1 3 16746
0 4 1 5 24758
0 4 1 7 10572
0 8 1 3 6784
0 8 1 5 6766
0 8 1 7 10284
0 2 2 0 27970
0 2 2 4 12320
0 2 2 6 5238
0 4 2 0 7346
0 4 2 4 14490
0 4 2 6 10998
0 8 2 0 12204
0 8 2 4 8166
0 8 2 6 10242
0 2 3 1 7480
0 2 3 5 22622
0 2 3 7 9262
0 4 3 1 13326
0 4 3 5 14244
0 4 3 7 14724
0 8 3 1 33046
0 8 3 5 6024
0 8 3 7 6582
0 2 4 0 14284
0 2 4 2 8664
0 2 4 6 6682
0 4 4 0 3542
0 4 4 2 18618
0 4 4 6 11626
0 8 4 0 6246
0 8 4 2 5602
0 8 4 6 18642
0 2 5 1 5950
0 2 5 3 15886
0 2 5 7 568
0 4 5 1 6012
0 4 5 3 16822
0 4 5 7 3724
0 8 5 1 31396
0 8 5 3 8420
0 8 5 7 3038
0 2 6 0 8924
0 2 6 2 5628
0 2 6 4 28048
0 4 6 0 11960
0 4 6 2 3588
0 4 6 4 4110
0 8 6 0 280
0 8 6 2 12272
0 8 6 4 26536
0 2 7 1 7766
0 2 7 3 23408
0 2 7 5 10006
0 4 7 1 23204
0 4 7 3 5826
0 4 7 5 550
0 8 7 1 10666
0 8 7 3 32622
0 8 7 5 30442
0 2 8 10 1522
0 2 8 12 7690
0 2 8 14 22312
0 4 8 10 34078
0 4 8 12 19360
0 4 8 14 10164
0 8 8 10 13506
0 8 8 12 6766
0 8 8 14 25548
0 2 9 11 72
0 2 9 13 300
0 2 9 15 19226
0 4 9 11 25696
0 4 9 13 6244
0 4 9 15 30628
0 8 9 11 1330
0 8 9 13 4086
0 8 9 15 18892
0 2 10 8 1498
0 2 10 12 800
0 2 10 14 912
0 4 10 8 646
0 4 10 12 44852
0 4 10 14 1888
0 8 10 8 14402
0 8 10 12 4206
0 8 10 14 1572
0 2 11 9 3850
0 2 11 13 1852
0 2 11 15 3918
0 4 11 9 19250
0 4 11 13 22640
0 4 11 15 3508
0 8 11 9 41090
0 8 11 13 11104
0 8 11 15 16366
0 2 12 8 9314
0 2 12 10 7036
0 2 12 14 6464
0 4 12 8 7148
0 4 12 10 17626
0 4 12 14 32364
0 8 12 8 20850
0 8 12 10 4724
0 8 12 14 17204
0 2 13 9 39148
0 2 13 11 17888
0 2 13 15 18510
0 4 13 9 3270
0 4 13 11 11422
0 4 13 15 9022
0 8 13 9 3570
0 8 13 11 28696
0 8 13 15 116
0 2 14 8 2696
0 2 14 10 21878
0 2 14 12 260
0 4 14 8 9224
0 4 14 10 8264
0 4 14 12 23136
0 8 14 8 2328
0 8 14 10 3026
0 8 14 12 6900
0 2 15 9 13322
0 2 15 11 21304
0 2 15 13 4190
0 4 15 9 1754
0 4 15 11 9254
0 4 15 13 16300
0 8 15 9 11514
0 8 15 11 11088
0 8 15 13 15266
1 3 0 2 1938
1 3 0 4 18308
1 3 0 6 4794
1 5 0 2 1682
1 5 0 4 14758
1 5 0 6 10514
1 9 0 2 782
1 9 0 4 12820
1 9 0 6 6732
1 3 1 3 13994
1 3 1 5 14580
1 3 1 7 972
1 5 1 3 48472
1 5 1 5 22512
1 5 1 7 17378
1 9 1 3 27038
1 9 1 5 36040
1 9 1 7 16166
1 3 2 0 39258
1 3 2 4 22812
1 3 2 6 29488
1 5 2 0 16984
1 5 2 4 14472
1 5 2 6 5100
1 9 2 0 22916
1 9 2 4 10132
1 9 2 6 266
1 3 3 1 11206
1 3 3 5 9430
1 3 3 7 13532
1 5 3 1 28916
1 5 3 5 5648
1 5 3 7 1086
1 9 3 1 4204
1 9 3 5 19148
1 9 3 7 4884
1 3 4 0 3748
1 3 4 2 3974
1 3 4 6 5194
1 5 4 0 11112
1 5 4 2 8542
1 5 4 6 18926
1 9 4 0 9612
1 9 4 2 23232
1 9 4 6 11016
1 3 5 1 3074
1 3 5 3 634
1 3 5 7 5556
1 5 5 1 5076
1 5 5 3 5178
1 5 5 7 6836
1 9 5 1 10876
1 9 5 3 5522
1 9 5 7 13750
1 3 6 0 10378
1 3 6 2 8540
1 3 6 4 6002
1 5 6 0 33460
1 5 6 2 6424
1 5 6 4 27792
1 9 6 0 19056
1 9 6 2 16554
1 9 6 4 41020
1 3 7 1 7762
1 3 7 3 40730
1 3 7 5 2556
1 5 7 1 10960
1 5 7 3 1102
1 5 7 5 21898
1 9 7 1 19394
1 9 7 3 12196
1 9 7 5 8202
1 3 8 10 24436
1 3 8 12 7038
1 3 8 14 35348
1 5 8 10 14556
1 5 8 12 3368
1 5 8 14 4608
1 9 8 10 29970
1 9 8 12 92
1 9 8 14 16472
1 3 9 11 11640
1 3 9 13 1892
1 3 9 15 802
1 5 9 11 14386
1 5 9 13 9826
1 5 9 15 730
1 9 9 11 1038
1 9 9 13 21664
1 9 9 15 11408
1 3 10 8 10960
1 3 10 12 12300
1 3 10 14 1430
1 5 10 8 15766
1 5 10 12 24982
1 5 10 14 5352
1 9 10 8 11566
1 9 10 12 2650
1 9 10 14 12026
1 3 11 9 396
1 3 11 13 3502
1 3 11 15 6346
1 5 11 9 7946
1 5 11 13 15842
1 5 11 15 31490
1 9 11 9 5382
1 9 11 13 5008
1 9 11 15 5672
1 3 12 8 25224
1 3 12 10 3440
1 3 12 14 570
1 5 12 8 2180
1 5 12 10 12142
1 5 12 14 8502
1 9 12 8 2374
1 9 12 10 34896
1 9 12 14 14026
1 3 13 9 19462
1 3 13 11 6576
1 3 13 15 630
1 5 13 9 19238
1 5 13 11 8936
1 5 13 15 1972
1 9 13 9 21664
1 9 13 11 1746
1 9 13 15 25022
1 3 14 8 21842
1 3 14 10 3086
1 3 14 12 2958
1 5 14 8 6848
1 5 14 10 8424
1 5 14 12 32164
1 9 14 8 50140
1 9 14 10 19120
1 9 14 12 9170
1 3 15 9 14232
1 3 15 11 31930
1 3 15 13 14110
1 5 15 9 8340
1 5 15 11 25244
1 5 15 13 2970
1 9 15 9 8960
1 9 15 11 17820
1 9 15 13 2238
2 6 0 2 4172
2 6 0 4 4662
2 6 0 6 5054
2 10 0 2 17402
2 10 0 4 5882
2 10 0 6 32234
2 6 1 3 14308
2 6 1 5 2982
2 6 1 7 7804
2 10 1 3 14234
2 10 1 5 8270
2 10 1 7 10388
2 6 2 0 9660
2 6 2 4 5670
2 6 2 6 12468
2 10 2 0 16792
2 10 2 4 4990
2 10 2 6 2198
2 6 3 1 16476
2 6 3 5 4302
2 6 3 7 8944
2 10 3 1 26210
2 10 3 5 8234
2 10 3 7 7554
2 6 4 0 1648
2 6 4 2 19916
2 6 4 6 19316
2 10 4 0 5994
2 10 4 2 13940
2 10 4 6 10586
2 6 5 1 13322
2 6 5 3 15300
2 6 5 7 6524
2 10 5 1 3160
2 10 5 3 20104
2 10 5 7 8526
2 6 6 0 4862
2 6 6 2 39722
2 6 6 4 11158
2 10 6 0 10616
2 10 6 2 5508
2 10 6 4 33076
2 6 7 1 8134
2 6 7 3 24240
2 6 7 5 10434
2 10 7 1 32088
2 10 7 3 5846
2 10 7 5 4244
2 6 8 10 9236
2 6 8 12 25156
2 6 8 14 3386
2 10 8 10 8782
2 10 8 12 1202
2 10 8 14 10944
2 6 9 11 15590
2 6 9 13 7186
2 6 9 15 19348
2 10 9 11 6124
2 10 9 13 14032
2 10 9 15 2320
2 6 10 8 6448
2 6 10 12 5714
2 6 10 14 6224
2 10 10 8 11334
2 10 10 12 11410
2 10 10 14 22926
2 6 11 9 17422
2 6 11 13 1312
2 6 11 15 2400
2 10 11 9 18816
2 10 11 13 11902
2 10 11 15 28706
2 6 12 8 35468
2 6 12 10 4138
2 6 12 14 5198
2 10 12 8 17572
2 10 12 10 18782
2 10 12 14 19430
2 6 13 9 10654
2 6 13 11 11580
2 6 13 15 19932
2 10 13 9 18396
2 10 13 11 13758
2 10 13 15 8040
2 6 14 8 11776
2 6 14 10 17718
2 6 14 12 1800
2 10 14 8 4776
2 10 14 10 11966
2 10 14 12 22246
2 6 15 9 6838
2 6 15 11 14556
2 6 15 13 8268
2 10 15 9 6270
2 10 15 11 13376
2 10 15 13 5122
3 7 0 2 4992
3 7 0 4 5750
3 7 0 6 22562
3 11 0 2 19428
3 11 0 4 14568
3 11 0 6 5204
3 7 1 3 4288
3 7 1 5 946
3 7 1 7 16568
3 11 1 3 4030
3 11 1 5 310
3 11 1 7 21812
3 7 2 0 5708
3 7 2 4 28
3 7 2 6 19470
3 11 2 0 2826
3 11 2 4 6300
3 11 2 6 18250
3 7 3 1 15460
3 7 3 5 19600
3 7 3 7 5332
3 11 3 1 11210
3 11 3 5 896
3 11 3 7 15674
3 7 4 0 12078
3 7 4 2 15468
3 7 4 6 22960
3 11 4 0 6652
3 11 4 2 11594
3 11 4 6 1942
3 7 5 1 19874
3 7 5 3 32620
3 7 5 7 10862
3 11 5 1 15790
3 11 5 3 1572
3 11 5 7 18020
3 7 6 0 8178
3 7 6 2 5186
3 7 6 4 9706
3 11 6 0 7982
3 11 6 2 14328
3 11 6 4 28492
3 7 7 1 20122
3 7 7 3 15474
3 7 7 5 34088
3 11 7 1 30094
3 11 7 3 29064
3 11 7 5 4822
3 7 8 10 20214
3 7 8 12 7840
3 7 8 14 14732
3 11 8 10 10412
3 11 8 12 6430
3 11 8 14 11430
3 7 9 11 264
3 7 9 13 16352
3 7 9 15 2246
3 11 9 11 5898
3 11 9 13 11462
3 11 9 15 21514
3 7 10 8 15628
3 7 10 12 12074
3 7 10 14 7866
3 11 10 8 40744
3 11 10 12 19224
3 11 10 14 6398
3 7 11 9 7416
3 7 11 13 8474
3 7 11 15 26578
3 11 11 9 5390
3 11 11 13 11882
3 11 11 15 2882
3 7 12 8 14750
3 7 12 10 7904
3 7 12 14 6050
3 11 12 8 2592
3 11 12 10 29436
3 11 12 14 5930
3 7 13 9 3550
3 7 13 11 21000
3 7 13 15 6882
3 11 13 9 14934
3 11 13 11 1778
3 11 13 15 25070
3 7 14 8 1276
3 7 14 10 23516
3 7 14 12 41302
3 11 14 8 22934
3 11 14 10 4762
3 11 14 12 6708
3 7 15 9 19880
3 7 15 11 17986
3 7 15 13 14956
3 11 15 9 11016
3 11 15 11 27020
3 11 15 13 2682
4 6 0 2 16334
4 6 0 4 20274
4 6 0 6 7828
4 12 0 2 14846
4 12 0 4 3052
4 12 0 6 27488
4 6 1 3 9788
4 6 1 5 20164
4 6 1 7 15756
4 12 1 3 8676
4 12 1 5 7814
4 12 1 7 2914
4 6 2 0 2992
4 6 2 4 2714
4 6 2 6 8968
4 12 2 0 6468
4 12 2 4 18234
4 12 2 6 13140
4 6 3 1 15002
4 6 3 5 10168
4 6 3 7 30264
4 12 3 1 5134
4 12 3 5 32622
4 12 3 7 26262
4 6 4 0 29020
4 6 4 2 22982
4 6 4 6 11696
4 12 4 0 9258
4 12 4 2 31408
4 12 4 6 24804
4 6 5 1 12668
4 6 5 3 17482
4 6 5 7 7192
4 12 5 1 12800
4 12 5 3 10352
4 12 5 7 23752
4 6 6 0 9444
4 6 6 2 17138
4 6 6 4 370
4 12 6 0 17020
4 12 6 2 31454
4 12 6 4 2214
4 6 7 1 24822
4 6 7 3 16272
4 6 7 5 13364
4 12 7 1 6548
4 12 7 3 27376
4 12 7 5 11192
4 6 8 10 8336
4 6 8 12 12690
4 6 8 14 11366
4 12 8 10 4798
4 12 8 12 3758
4 12 8 14 6946
4 6 9 11 31798
4 6 9 13 20824
4 6 9 15 10618
4 12 9 11 3466
4 12 9 13 1232
4 12 9 15 1852
4 6 10 8 12344
4 6 10 12 11074
4 6 10 14 16314
4 12 10 8 4480
4 12 10 12 25126
4 12 10 14 3064
4 6 11 9 18650
4 6 11 13 18558
4 6 11 15 17812
4 12 11 9 17152
4 12 11 13 3790
4 12 11 15 10088
4 6 12 8 42570
4 6 12 10 21422
4 6 12 14 14646
4 12 12 8 2634
4 12 12 10 5844
4 12 12 14 5958
4 6 13 9 2316
4 6 13 11 17640
4 6 13 15 153676
4 12 13 9 11214
4 12 13 11 30580
4 12 13 15 322
4 6 14 8 7340
4 6 14 10 7332
4 6 14 12 14052
4 12 14 8 23598
4 12 14 10 212
4 12 14 12 14304
4 6 15 9 34546
4 6 15 11 20958
4 6 15 13 104718
4 12 15 9 490
4 12 15 11 13744
4 12 15 13 3960
5 7 0 2 21840
5 7 0 4 17070
5 7 0 6 26400
5 13 0 2 16208
5 13 0 4 4758
5 13 0 6 26676
5 7 1 3 7070
5 7 1 5 28772
5 7 1 7 4330
5 13 1 3 2198
5 13 1 5 6536
5 13 1 7 11488
5 7 2 0 25514
5 7 2 4 346
5 7 2 6 8924
5 13 2 0 7988
5 13 2 4 19180
5 13 2 6 3984
5 7 3 1 12694
5 7 3 5 14194
5 7 3 7 29206
5 13 3 1 28720
5 13 3 5 4458
5 13 3 7 1164
5 7 4 0 16826
5 7 4 2 33074
5 7 4 6 9192
5 13 4 0 17958
5 13 4 2 15020
5 13 4 6 8242
5 7 5 1 14390
5 7 5 3 34190
5 7 5 7 19602
5 13 5 1 20654
5 13 5 3 5714
5 13 5 7 8196
5 7 6 0 23764
5 7 6 2 34516
5 7 6 4 16354
5 13 6 0 2996
5 13 6 2 11896
5 13 6 4 30834
5 7 7 1 4996
5 7 7 3 18036
5 7 7 5 13204
5 13 7 1 8522
5 13 7 3 11250
5 13 7 5 12808
5 7 8 10 21528
5 7 8 12 1626
5 7 8 14 16968
5 13 8 10 11368
5 13 8 12 8062
5 13 8 14 13410
5 7 9 11 34228
5 7 9 13 3612
5 7 9 15 9332
5 13 9 11 8850
5 13 9 13 8610
5 13 9 15 364
5 7 10 8 16504
5 7 10 12 17466
5 7 10 14 15916
5 13 10 8 19838
5 13 10 12 35876
5 13 10 14 11450
5 7 11 9 11744
5 7 11 13 13790
5 7 11 15 26102
5 13 11 9 21474
5 13 11 13 2410
5 13 11 15 2058
5 7 12 8 5444
5 7 12 10 15044
5 7 12 14 8146
5 13 12 8 1000
5 13 12 10 6726
5 13 12 14 5590
5 7 13 9 28504
5 7 13 11 2288
5 7 13 15 43892
5 13 13 9 32624
5 13 13 11 7170
5 13 13 15 9920
5 7 14 8 8216
5 7 14 10 10240
5 7 14 12 3994
5 13 14 8 23712
5 13 14 10 19096
5 13 14 12 3470
5 7 15 9 9072
5 7 15 11 23040
5 7 15 13 16700
5 13 15 9 5346
5 13 15 11 43038
5 13 15 13 9766
6 14 0 2 11782
6 14 0 4 2746
6 14 0 6 6180
6 14 1 3 7732
6 14 1 5 8288
6 14 1 7 25304
6 14 2 0 9116
6 14 2 4 21392
6 14 2 6 1858
6 14 3 1 10424
6 14 3 5 10020
6 14 3 7 21464
6 14 4 0 25240
6 14 4 2 18226
6 14 4 6 34584
6 14 5 1 4118
6 14 5 3 7784
6 14 5 7 1490
6 14 6 0 15804
6 14 6 2 26888
6 14 6 4 7018
6 14 7 1 6704
6 14 7 3 9990
6 14 7 5 3382
6 14 8 10 24950
6 14 8 12 11184
6 14 8 14 21310
6 14 9 11 8106
6 14 9 13 2614
6 14 9 15 4720
6 14 10 8 12422
6 14 10 12 3676
6 14 10 14 15422
6 14 11 9 1650
6 14 11 13 21946
6 14 11 15 254
6 14 12 8 21138
6 14 12 10 5916
6 14 12 14 16664
6 14 13 9 8178
6 14 13 11 10708
6 14 13 15 6102
6 14 14 8 3518
6 14 14 10 23340
6 14 14 12 542
6 14 15 9 14472
6 14 15 11 18424
6 14 15 13 20048
7 15 0 2 9380
7 15 0 4 18448
7 15 0 6 1824
7 15 1 3 34746
7 15 1 5 11928
7 15 1 7 31180
7 15 2 0 12470
7 15 2 4 5386
7 15 2 6 2228
7 15 3 1 5038
7 15 3 5 7626
7 15 3 7 10708
7 15 4 0 11490
7 15 4 2 12782
7 15 4 6 23548
7 15 5 1 126
7 15 5 3 24092
7 15 5 7 4000
7 15 6 0 10152
7 15 6 2 17732
7 15 6 4 15568
7 15 7 1 3754
7 15 7 3 16386
7 15 7 5 378
7 15 8 10 23370
7 15 8 12 25876
7 15 8 14 11170
7 15 9 11 2818
7 15 9 13 4398
7 15 9 15 16534
7 15 10 8 26872
7 15 10 12 13448
7 15 10 14 12286
7 15 11 9 22792
7 15 11 13 2186
7 15 11 15 13692
7 15 12 8 25220
7 15 12 10 8528
7 15 12 14 948
7 15 13 9 6884
7 15 13 11 1406
7 15 13 15 5736
7 15 14 8 200
7 15 14 10 12778
7 15 14 12 11658
7 15 15 9 17266
7 15 15 11 5720
7 15 15 13 41486
8 10 0 2 34876
8 10 0 4 15118
8 10 0 6 7410
8 12 0 2 5814
8 12 0 4 9334
8 12 0 6 24386
8 10 1 3 6078
8 10 1 5 15052
8 10 1 7 17044
8 12 1 3 27936
8 12 1 5 21216
8 12 1 7 16586
8 10 2 0 14194
8 10 2 4 14844
8 10 2 6 2276
8 12 2 0 13446
8 12 2 4 30494
8 12 2 6 12522
8 10 3 1 2356
8 10 3 5 10326
8 10 3 7 12810
8 12 3 1 26208
8 12 3 5 27656
8 12 3 7 35028
8 10 4 0 6198
8 10 4 2 40140
8 10 4 6 7654
8 12 4 0 22042
8 12 4 2 5046
8 12 4 6 20442
8 10 5 1 53294
8 10 5 3 3650
8 10 5 7 4978
8 12 5 1 2696
8 12 5 3 17554
8 12 5 7 23548
8 10 6 0 4028
8 10 6 2 1670
8 10 6 4 10224
8 12 6 0 15346
8 12 6 2 374
8 12 6 4 7720
8 10 7 1 22990
8 10 7 3 3174
8 10 7 5 18508
8 12 7 1 2844
8 12 7 3 23064
8 12 7 5 22516
8 10 8 10 15710
8 10 8 12 3570
8 10 8 14 27124
8 12 8 10 22232
8 12 8 12 3002
8 12 8 14 30604
8 10 9 11 13286
8 10 9 13 31894
8 10 9 15 25194
8 12 9 11 23348
8 12 9 13 13136
8 12 9 15 53636
8 10 10 8 6070
8 10 10 12 14972
8 10 10 14 6658
8 12 10 8 4464
8 12 10 12 14968
8 12 10 14 5748
8 10 11 9 4822
8 10 11 13 2756
8 10 11 15 7508
8 12 11 9 7540
8 12 11 13 4776
8 12 11 15 7162
8 10 12 8 3752
8 10 12 10 15044
8 10 12 14 8832
8 12 12 8 30594
8 12 12 10 35446
8 12 12 14 5896
8 10 13 9 9774
8 10 13 11 9784
8 10 13 15 1004
8 12 13 9 2108
8 12 13 11 350
8 12 13 15 14908
8 10 14 8 24656
8 10 14 10 4700
8 10 14 12 16332
8 12 14 8 10288
8 12 14 10 6114
8 12 14 12 10588
8 10 15 9 17280
8 10 15 11 36004
8 10 15 13 13538
8 12 15 9 28920
8 12 15 11 3768
8 12 15 13 5616
9 11 0 2 7262
9 11 0 4 6924
9 11 0 6 3798
9 13 0 2 3096
9 13 0 4 15012
9 13 0 6 37676
9 11 1 3 17460
9 11 1 5 5034
9 11 1 7 3682
9 13 1 3 15134
9 13 1 5 17794
9 13 1 7 15564
9 11 2 0 12628
9 11 2 4 4114
9 11 2 6 5628
9 13 2 0 12432
9 13 2 4 176
9 13 2 6 3080
9 11 3 1 20158
9 11 3 5 3882
9 11 3 7 2750
9 13 3 1 28510
9 13 3 5 1414
9 13 3 7 3318
9 11 4 0 13178
9 11 4 2 18556
9 11 4 6 22598
9 13 4 0 27644
9 13 4 2 7150
9 13 4 6 35960
9 11 5 1 8096
9 11 5 3 31392
9 11 5 7 4096
9 13 5 1 22260
9 13 5 3 14768
9 13 5 7 18086
9 11 6 0 1878
9 11 6 2 15630
9 11 6 4 6284
9 13 6 0 20394
9 13 6 2 41936
9 13 6 4 14156
9 11 7 1 10206
9 11 7 3 6802
9 11 7 5 12104
9 13 7 1 10568
9 13 7 3 21202
9 13 7 5 720
9 11 8 10 6576
9 11 8 12 5090
9 11 8 14 37360
9 13 8 10 15474
9 13 8 12 3678
9 13 8 14 26872
9 11 9 11 27916
9 11 9 13 18702
9 11 9 15 20354
9 13 9 11 20300
9 13 9 13 17438
9 13 9 15 15146
9 11 10 8 22282
9 11 10 12 3638
9 11 10 14 10496
9 13 10 8 14350
9 13 10 12 15526
9 13 10 14 10936
9 11 11 9 3706
9 11 11 13 8964
9 11 11 15 16354
9 13 11 9 5010
9 13 11 13 17312
9 13 11 15 10552
9 11 12 8 2802
9 11 12 10 11956
9 11 12 14 36934
9 13 12 8 4316
9 13 12 10 14890
9 13 12 14 16892
9 11 13 9 23644
9 11 13 11 2164
9 11 13 15 14650
9 13 13 9 31544
9 13 13 11 16872
9 13 13 15 109844
9 11 14 8 730
9 11 14 10 20426
9 11 14 12 6192
9 13 14 8 34106
9 13 14 10 3260
9 13 14 12 17198
9 11 15 9 30490
9 11 15 11 9538
9 11 15 13 712
9 13 15 9 9206
9 13 15 11 14518
9 13 15 13 130826
10 14 0 2 3458
10 14 0 4 7794
10 14 0 6 13584
10 14 1 3 22716
10 14 1 5 23298
10 14 1 7 1932
10 14 2 0 27612
10 14 2 4 612
10 14 2 6 43588
10 14 3 1 26626
10 14 3 5 3154
10 14 3 7 30052
10 14 4 0 16354
10 14 4 2 7356
10 14 4 6 34060
10 14 5 1 8516
10 14 5 3 13078
10 14 5 7 33314
10 14 6 0 2418
10 14 6 2 12500
10 14 6 4 13638
10 14 7 1 122
10 14 7 3 17196
10 14 7 5 8886
10 14 8 10 2138
10 14 8 12 5612
10 14 8 14 14998
10 14 9 11 35130
10 14 9 13 12196
10 14 9 15 35698
10 14 10 8 6760
10 14 10 12 10272
10 14 10 14 9240
10 14 11 9 18070
10 14 11 13 3026
10 14 11 15 19382
10 14 12 8 40896
10 14 12 10 9346
10 14 12 14 22
10 14 13 9 14078
10 14 13 11 2562
10 14 13 15 10228
10 14 14 8 32376
10 14 14 10 2542
10 14 14 12 8202
10 14 15 9 3618
10 14 15 11 1016
10 14 15 13 8038
11 15 0 2 17764
11 15 0 4 542
11 15 0 6 958
11 15 1 3 9484
11 15 1 5 278
11 15 1 7 11334
11 15 2 0 4240
11 15 2 4 20722
11 15 2 6 23028
11 15 3 1 9702
11 15 3 5 4426
11 15 3 7 12146
11 15 4 0 1756
11 15 4 2 700
11 15 4 6 7460
11 15 5 1 5558
11 15 5 3 15758
11 15 5 7 31160
11 15 6 0 10904
11 15 6 2 36866
11 15 6 4 15926
11 15 7 1 10060
11 15 7 3 7704
11 15 7 5 1966
11 15 8 10 7862
11 15 8 12 24940
11 15 8 14 3482
11 15 9 11 4230
11 15 9 13 2798
11 15 9 15 5172
11 15 10 8 6618
11 15 10 12 17570
11 15 10 14 3910
11 15 11 9 12818
11 15 11 13 18894
11 15 11 15 20572
11 15 12 8 5960
11 15 12 10 896
11 15 12 14 14838
11 15 13 9 15214
11 15 13 11 27804
11 15 13 15 19952
11 15 14 8 15754
11 15 14 10 34710
11 15 14 12 19238
11 15 15 9 7530
11 15 15 11 12786
11 15 15 13 17472
12 14 0 2 12622
12 14 0 4 38442
12 14 0 6 5206
12 14 1 3 400
12 14 1 5 3146
12 14 1 7 6058
12 14 2 0 14862
12 14 2 4 46006
12 14 2 6 13854
12 14 3 1 6322
12 14 3 5 9762
12 14 3 7 434
12 14 4 0 9210
12 14 4 2 22994
12 14 4 6 1800
12 14 5 1 15394
12 14 5 3 5110
12 14 5 7 1518
12 14 6 0 4456
12 14 6 2 20502
12 14 6 4 3274
12 14 7 1 6778
12 14 7 3 19932
12 14 7 5 16482
12 14 8 10 9440
12 14 8 12 19270
12 14 8 14 24000
12 14 9 11 11470
12 14 9 13 11442
12 14 9 15 22852
12 14 10 8 50158
12 14 10 12 12320
12 14 10 14 36866
12 14 11 9 9688
12 14 11 13 3972
12 14 11 15 1552
12 14 12 8 274
12 14 12 10 13444
12 14 12 14 4412
12 14 13 9 11372
12 14 13 11 10092
12 14 13 15 16036
12 14 14 8 7590
12 14 14 10 12014
12 14 14 12 890
12 14 15 9 1282
12 14 15 11 6564
12 14 15 13 9882
13 15 0 2 5234
13 15 0 4 6212
13 15 0 6 27082
13 15 1 3 31526
13 15 1 5 4952
13 15 1 7 26544
13 15 2 0 11584
13 15 2 4 1966
13 15 2 6 16484
13 15 3 1 9144
13 15 3 5 26658
13 15 3 7 23146
13 15 4 0 2414
13 15 4 2 12318
13 15 4 6 16066
13 15 5 1 6196
13 15 5 3 19214
13 15 5 7 3062
13 15 6 0 658
13 15 6 2 15400
13 15 6 4 13102
13 15 7 1 15534
13 15 7 3 8742
13 15 7 5 20846
13 15 8 10 16524
13 15 8 12 22034
13 15 8 14 6960
13 15 9 11 41386
13 15 9 13 15820
13 15 9 15 14102
13 15 10 8 6666
13 15 10 12 13650
13 15 10 14 11516
13 15 11 9 37242
13 15 11 13 44548
13 15 11 15 25782
13 15 12 8 5270
13 15 12 10 7054
13 15 12 14 14862
13 15 13 9 2636
13 15 13 11 11842
13 15 13 15 13854
13 15 14 8 7176
13 15 14 10 2848
13 15 14 12 2994
13 15 15 9 5690
13 15 15 11 4514
13 15 15 13 19354
