0 2 0 2 378
0 2 0 4 428
0 2 0 11 242
0 4 0 2 1114
0 4 0 4 370
0 4 0 11 442
0 8 0 2 34
0 8 0 4 530
0 8 0 11 412
0 11 0 2 1064
0 11 0 4 646
0 11 0 11 438
0 13 0 2 876
0 13 0 4 102
0 13 0 11 252
0 14 0 2 2310
0 14 0 4 270
0 14 0 11 734
0 2 1 3 238
0 2 1 5 698
0 2 1 10 1984
0 4 1 3 782
0 4 1 5 1060
0 4 1 10 1002
0 8 1 3 832
0 8 1 5 556
0 8 1 10 104
0 11 1 3 1138
0 11 1 5 548
0 11 1 10 1000
0 13 1 3 102
0 13 1 5 664
0 13 1 10 408
0 14 1 3 906
0 14 1 5 706
0 14 1 10 426
0 2 2 0 1556
0 2 2 6 186
0 2 2 9 510
0 4 2 0 134
0 4 2 6 396
0 4 2 9 470
0 8 2 0 176
0 8 2 6 438
0 8 2 9 558
0 11 2 0 348
0 11 2 6 34
0 11 2 9 968
0 13 2 0 620
0 13 2 6 2020
0 13 2 9 626
0 14 2 0 570
0 14 2 6 280
0 14 2 9 894
0 2 3 1 312
0 2 3 7 854
0 2 3 8 204
0 4 3 1 590
0 4 3 7 128
0 4 3 8 1336
0 8 3 1 84
0 8 3 7 634
0 8 3 8 1392
0 11 3 1 10
0 11 3 7 528
0 11 3 8 362
0 13 3 1 542
0 13 3 7 402
0 13 3 8 378
0 14 3 1 310
0 14 3 7 118
0 14 3 8 306
0 2 4 0 210
0 2 4 6 350
0 2 4 15 650
0 4 4 0 2072
0 4 4 6 582
0 4 4 15 530
0 8 4 0 684
0 8 4 6 874
0 8 4 15 250
0 11 4 0 840
0 11 4 6 222
0 11 4 15 58
0 13 4 0 534
0 13 4 6 256
0 13 4 15 424
0 14 4 0 210
0 14 4 6 318
0 14 4 15 644
0 2 5 1 36
0 2 5 7 22
0 2 5 14 1420
0 4 5 1 38
0 4 5 7 1342
0 4 5 14 722
0 8 5 1 1200
0 8 5 7 404
0 8 5 14 144
0 11 5 1 562
0 11 5 7 212
0 11 5 14 1778
0 13 5 1 120
0 13 5 7 482
0 13 5 14 696
0 14 5 1 106
0 14 5 7 642
0 14 5 14 1086
0 2 6 2 1436
0 2 6 4 642
0 2 6 13 840
0 4 6 2 740
0 4 6 4 750
0 4 6 13 834
0 8 6 2 146
0 8 6 4 390
0 8 6 13 804
0 11 6 2 508
0 11 6 4 262
0 11 6 13 736
0 13 6 2 124
0 13 6 4 362
0 13 6 13 686
0 14 6 2 438
0 14 6 4 274
0 14 6 13 936
0 2 7 3 1110
0 2 7 5 138
0 2 7 12 748
0 4 7 3 256
0 4 7 5 108
0 4 7 12 384
0 8 7 3 874
0 8 7 5 234
0 8 7 12 1620
0 11 7 3 1400
0 11 7 5 222
0 11 7 12 268
0 13 7 3 344
0 13 7 5 546
0 13 7 12 220
0 14 7 3 704
0 14 7 5 178
0 14 7 12 824
0 2 8 3 332
0 2 8 10 192
0 2 8 12 1834
0 4 8 3 922
0 4 8 10 1406
0 4 8 12 1602
0 8 8 3 874
0 8 8 10 106
0 8 8 12 596
0 11 8 3 1198
0 11 8 10 624
0 11 8 12 896
0 13 8 3 450
0 13 8 10 792
0 13 8 12 100
0 14 8 3 86
0 14 8 10 438
0 14 8 12 72
0 2 9 2 794
0 2 9 11 92
0 2 9 13 508
0 4 9 2 632
0 4 9 11 696
0 4 9 13 598
0 8 9 2 830
0 8 9 11 590
0 8 9 13 374
0 11 9 2 1320
0 11 9 11 166
0 11 9 13 8
0 13 9 2 424
0 13 9 11 744
0 13 9 13 42
0 14 9 2 82
0 14 9 11 34
0 14 9 13 426
0 2 10 1 622
0 2 10 8 218
0 2 10 14 906
0 4 10 1 1032
0 4 10 8 1168
0 4 10 14 300
0 8 10 1 96
0 8 10 8 936
0 8 10 14 330
0 11 10 1 690
0 11 10 8 996
0 11 10 14 122
0 13 10 1 1068
0 13 10 8 84
0 13 10 14 284
0 14 10 1 444
0 14 10 8 732
0 14 10 14 30
0 2 11 0 28
0 2 11 9 1616
0 2 11 15 444
0 4 11 0 420
0 4 11 9 828
0 4 11 15 698
0 8 11 0 556
0 8 11 9 26
0 8 11 15 590
0 11 11 0 268
0 11 11 9 1588
0 11 11 15 422
0 13 11 0 332
0 13 11 9 938
0 13 11 15 116
0 14 11 0 474
0 14 11 9 1038
0 14 11 15 278
0 2 12 7 710
0 2 12 8 12
0 2 12 14 426
0 4 12 7 354
0 4 12 8 250
0 4 12 14 626
0 8 12 7 208
0 8 12 8 318
0 8 12 14 910
0 11 12 7 130
0 11 12 8 914
0 11 12 14 850
0 13 12 7 1406
0 13 12 8 722
0 13 12 14 352
0 14 12 7 352
0 14 12 8 260
0 14 12 14 1060
0 2 13 6 320
0 2 13 9 396
0 2 13 15 706
0 4 13 6 196
0 4 13 9 86
0 4 13 15 94
0 8 13 6 586
0 8 13 9 1778
0 8 13 15 66
0 11 13 6 1640
0 11 13 9 760
0 11 13 15 232
0 13 13 6 802
0 13 13 9 1340
0 13 13 15 184
0 14 13 6 592
0 14 13 9 584
0 14 13 15 418
0 2 14 5 460
0 2 14 10 484
0 2 14 12 116
0 4 14 5 170
0 4 14 10 458
0 4 14 12 92
0 8 14 5 118
0 8 14 10 334
0 8 14 12 94
0 11 14 5 562
0 11 14 10 1586
0 11 14 12 368
0 13 14 5 486
0 13 14 10 150
0 13 14 12 362
0 14 14 5 1112
0 14 14 10 660
0 14 14 12 656
0 2 15 4 668
0 2 15 11 322
0 2 15 13 526
0 4 15 4 318
0 4 15 11 578
0 4 15 13 308
0 8 15 4 628
0 8 15 11 708
0 8 15 13 566
0 11 15 4 10
0 11 15 11 718
0 11 15 13 494
0 13 15 4 396
0 13 15 11 1066
0 13 15 13 184
0 14 15 4 1106
0 14 15 11 932
0 14 15 13 72
1 3 0 2 856
1 3 0 4 1472
1 3 0 11 48
1 5 0 2 474
1 5 0 4 1002
1 5 0 11 634
1 9 0 2 172
1 9 0 4 324
1 9 0 11 200
1 10 0 2 392
1 10 0 4 1520
1 10 0 11 1146
1 12 0 2 574
1 12 0 4 506
1 12 0 11 100
1 15 0 2 30
1 15 0 4 158
1 15 0 11 558
1 3 1 3 76
1 3 1 5 1096
1 3 1 10 558
1 5 1 3 1314
1 5 1 5 822
1 5 1 10 442
1 9 1 3 436
1 9 1 5 24
1 9 1 10 136
1 10 1 3 566
1 10 1 5 526
1 10 1 10 842
1 12 1 3 34
1 12 1 5 194
1 12 1 10 128
1 15 1 3 656
1 15 1 5 208
1 15 1 10 1060
1 3 2 0 566
1 3 2 6 1050
1 3 2 9 796
1 5 2 0 508
1 5 2 6 672
1 5 2 9 774
1 9 2 0 348
1 9 2 6 542
1 9 2 9 552
1 10 2 0 696
1 10 2 6 980
1 10 2 9 184
1 12 2 0 528
1 12 2 6 164
1 12 2 9 250
1 15 2 0 1310
1 15 2 6 164
1 15 2 9 430
1 3 3 1 738
1 3 3 7 46
1 3 3 8 1222
1 5 3 1 6
1 5 3 7 666
1 5 3 8 350
1 9 3 1 408
1 9 3 7 964
1 9 3 8 1116
1 10 3 1 590
1 10 3 7 278
1 10 3 8 650
1 12 3 1 100
1 12 3 7 590
1 12 3 8 868
1 15 3 1 4
1 15 3 7 376
1 15 3 8 508
1 3 4 0 1052
1 3 4 6 52
1 3 4 15 734
1 5 4 0 226
1 5 4 6 594
1 5 4 15 1046
1 9 4 0 162
1 9 4 6 938
1 9 4 15 818
1 10 4 0 556
1 10 4 6 238
1 10 4 15 264
1 12 4 0 362
1 12 4 6 368
1 12 4 15 1154
1 15 4 0 106
1 15 4 6 1404
1 15 4 15 284
1 3 5 1 84
1 3 5 7 588
1 3 5 14 536
1 5 5 1 1556
1 5 5 7 798
1 5 5 14 484
1 9 5 1 330
1 9 5 7 232
1 9 5 14 616
1 10 5 1 554
1 10 5 7 1118
1 10 5 14 1220
1 12 5 1 46
1 12 5 7 776
1 12 5 14 948
1 15 5 1 92
1 15 5 7 502
1 15 5 14 762
1 3 6 2 248
1 3 6 4 742
1 3 6 13 238
1 5 6 2 50
1 5 6 4 958
1 5 6 13 968
1 9 6 2 600
1 9 6 4 358
1 9 6 13 960
1 10 6 2 180
1 10 6 4 476
1 10 6 13 288
1 12 6 2 448
1 12 6 4 994
1 12 6 13 1076
1 15 6 2 322
1 15 6 4 918
1 15 6 13 114
1 3 7 3 1740
1 3 7 5 426
1 3 7 12 822
1 5 7 3 686
1 5 7 5 1222
1 5 7 12 156
1 9 7 3 852
1 9 7 5 380
1 9 7 12 1050
1 10 7 3 714
1 10 7 5 1074
1 10 7 12 40
1 12 7 3 1620
1 12 7 5 478
1 12 7 12 96
1 15 7 3 292
1 15 7 5 978
1 15 7 12 80
1 3 8 3 978
1 3 8 10 1414
1 3 8 12 1760
1 5 8 3 416
1 5 8 10 580
1 5 8 12 556
1 9 8 3 616
1 9 8 10 392
1 9 8 12 188
1 10 8 3 82
1 10 8 10 286
1 10 8 12 144
1 12 8 3 602
1 12 8 10 916
1 12 8 12 274
1 15 8 3 208
1 15 8 10 112
1 15 8 12 138
1 3 9 2 410
1 3 9 11 16
1 3 9 13 718
1 5 9 2 910
1 5 9 11 240
1 5 9 13 90
1 9 9 2 484
1 9 9 11 566
1 9 9 13 1098
1 10 9 2 154
1 10 9 11 726
1 10 9 13 278
1 12 9 2 20
1 12 9 11 4
1 12 9 13 38
1 15 9 2 1136
1 15 9 11 12
1 15 9 13 1072
1 3 10 1 348
1 3 10 8 588
1 3 10 14 212
1 5 10 1 874
1 5 10 8 772
1 5 10 14 214
1 9 10 1 1134
1 9 10 8 412
1 9 10 14 616
1 10 10 1 764
1 10 10 8 408
1 10 10 14 858
1 12 10 1 166
1 12 10 8 506
1 12 10 14 648
1 15 10 1 26
1 15 10 8 28
1 15 10 14 44
1 3 11 0 150
1 3 11 9 1066
1 3 11 15 594
1 5 11 0 448
1 5 11 9 1394
1 5 11 15 666
1 9 11 0 836
1 9 11 9 456
1 9 11 15 962
1 10 11 0 218
1 10 11 9 216
1 10 11 15 584
1 12 11 0 1404
1 12 11 9 1150
1 12 11 15 1360
1 15 11 0 226
1 15 11 9 676
1 15 11 15 282
1 3 12 7 1292
1 3 12 8 482
1 3 12 14 186
1 5 12 7 410
1 5 12 8 320
1 5 12 14 328
1 9 12 7 588
1 9 12 8 706
1 9 12 14 58
1 10 12 7 596
1 10 12 8 318
1 10 12 14 314
1 12 12 7 476
1 12 12 8 428
1 12 12 14 396
1 15 12 7 1146
1 15 12 8 1024
1 15 12 14 522
1 3 13 6 842
1 3 13 9 412
1 3 13 15 128
1 5 13 6 624
1 5 13 9 374
1 5 13 15 508
1 9 13 6 114
1 9 13 9 302
1 9 13 15 568
1 10 13 6 112
1 10 13 9 1380
1 10 13 15 1312
1 12 13 6 350
1 12 13 9 910
1 12 13 15 374
1 15 13 6 706
1 15 13 9 1640
1 15 13 15 248
1 3 14 5 244
1 3 14 10 568
1 3 14 12 402
1 5 14 5 1258
1 5 14 10 638
1 5 14 12 1246
1 9 14 5 1170
1 9 14 10 196
1 9 14 12 674
1 10 14 5 664
1 10 14 10 176
1 10 14 12 88
1 12 14 5 842
1 12 14 10 392
1 12 14 12 1470
1 15 14 5 800
1 15 14 10 1228
1 15 14 12 366
1 3 15 4 1056
1 3 15 11 168
1 3 15 13 186
1 5 15 4 10
1 5 15 11 192
1 5 15 13 282
1 9 15 4 726
1 9 15 11 524
1 9 15 13 260
1 10 15 4 462
1 10 15 11 1350
1 10 15 13 914
1 12 15 4 470
1 12 15 11 450
1 12 15 13 326
1 15 15 4 748
1 15 15 11 380
1 15 15 13 452
2 6 0 2 672
2 6 0 4 1058
2 6 0 11 384
2 9 0 2 492
2 9 0 4 218
2 9 0 11 470
2 10 0 2 4
2 10 0 4 448
2 10 0 11 542
2 12 0 2 870
2 12 0 4 1584
2 12 0 11 282
2 15 0 2 724
2 15 0 4 172
2 15 0 11 410
2 6 1 3 28
2 6 1 5 466
2 6 1 10 736
2 9 1 3 852
2 9 1 5 1074
2 9 1 10 916
2 10 1 3 288
2 10 1 5 208
2 10 1 10 736
2 12 1 3 32
2 12 1 5 170
2 12 1 10 732
2 15 1 3 1474
2 15 1 5 960
2 15 1 10 294
2 6 2 0 496
2 6 2 6 1968
2 6 2 9 228
2 9 2 0 364
2 9 2 6 1238
2 9 2 9 600
2 10 2 0 558
2 10 2 6 64
2 10 2 9 346
2 12 2 0 1052
2 12 2 6 38
2 12 2 9 120
2 15 2 0 306
2 15 2 6 644
2 15 2 9 146
2 6 3 1 428
2 6 3 7 850
2 6 3 8 1034
2 9 3 1 104
2 9 3 7 414
2 9 3 8 438
2 10 3 1 424
2 10 3 7 688
2 10 3 8 734
2 12 3 1 192
2 12 3 7 2356
2 12 3 8 488
2 15 3 1 944
2 15 3 7 476
2 15 3 8 926
2 6 4 0 274
2 6 4 6 376
2 6 4 15 1042
2 9 4 0 36
2 9 4 6 602
2 9 4 15 770
2 10 4 0 842
2 10 4 6 874
2 10 4 15 176
2 12 4 0 446
2 12 4 6 254
2 12 4 15 918
2 15 4 0 1254
2 15 4 6 66
2 15 4 15 158
2 6 5 1 1414
2 6 5 7 504
2 6 5 14 52
2 9 5 1 374
2 9 5 7 10
2 9 5 14 724
2 10 5 1 486
2 10 5 7 206
2 10 5 14 358
2 12 5 1 128
2 12 5 7 724
2 12 5 14 334
2 15 5 1 776
2 15 5 7 220
2 15 5 14 608
2 6 6 2 1022
2 6 6 4 360
2 6 6 13 386
2 9 6 2 900
2 9 6 4 1628
2 9 6 13 316
2 10 6 2 514
2 10 6 4 660
2 10 6 13 900
2 12 6 2 734
2 12 6 4 484
2 12 6 13 448
2 15 6 2 328
2 15 6 4 752
2 15 6 13 16
2 6 7 3 256
2 6 7 5 940
2 6 7 12 522
2 9 7 3 1304
2 9 7 5 44
2 9 7 12 256
2 10 7 3 452
2 10 7 5 22
2 10 7 12 112
2 12 7 3 296
2 12 7 5 304
2 12 7 12 270
2 15 7 3 170
2 15 7 5 368
2 15 7 12 726
2 6 8 3 1322
2 6 8 10 438
2 6 8 12 340
2 9 8 3 1104
2 9 8 10 56
2 9 8 12 388
2 10 8 3 858
2 10 8 10 46
2 10 8 12 1114
2 12 8 3 960
2 12 8 10 130
2 12 8 12 182
2 15 8 3 678
2 15 8 10 796
2 15 8 12 232
2 6 9 2 524
2 6 9 11 198
2 6 9 13 116
2 9 9 2 286
2 9 9 11 374
2 9 9 13 10
2 10 9 2 534
2 10 9 11 670
2 10 9 13 358
2 12 9 2 116
2 12 9 11 1034
2 12 9 13 1376
2 15 9 2 30
2 15 9 11 184
2 15 9 13 378
2 6 10 1 896
2 6 10 8 590
2 6 10 14 376
2 9 10 1 430
2 9 10 8 226
2 9 10 14 326
2 10 10 1 300
2 10 10 8 18
2 10 10 14 916
2 12 10 1 796
2 12 10 8 300
2 12 10 14 1542
2 15 10 1 626
2 15 10 8 282
2 15 10 14 156
2 6 11 0 1078
2 6 11 9 932
2 6 11 15 514
2 9 11 0 908
2 9 11 9 322
2 9 11 15 488
2 10 11 0 718
2 10 11 9 96
2 10 11 15 180
2 12 11 0 144
2 12 11 9 1436
2 12 11 15 420
2 15 11 0 392
2 15 11 9 980
2 15 11 15 416
2 6 12 7 100
2 6 12 8 136
2 6 12 14 476
2 9 12 7 22
2 9 12 8 430
2 9 12 14 586
2 10 12 7 320
2 10 12 8 276
2 10 12 14 74
2 12 12 7 396
2 12 12 8 878
2 12 12 14 90
2 15 12 7 1504
2 15 12 8 408
2 15 12 14 144
2 6 13 6 558
2 6 13 9 434
2 6 13 15 1116
2 9 13 6 20
2 9 13 9 36
2 9 13 15 1042
2 10 13 6 48
2 10 13 9 900
2 10 13 15 212
2 12 13 6 1178
2 12 13 9 666
2 12 13 15 518
2 15 13 6 478
2 15 13 9 600
2 15 13 15 1218
2 6 14 5 566
2 6 14 10 336
2 6 14 12 154
2 9 14 5 178
2 9 14 10 912
2 9 14 12 710
2 10 14 5 790
2 10 14 10 58
2 10 14 12 192
2 12 14 5 498
2 12 14 10 288
2 12 14 12 1106
2 15 14 5 784
2 15 14 10 698
2 15 14 12 392
2 6 15 4 980
2 6 15 11 538
2 6 15 13 338
2 9 15 4 112
2 9 15 11 498
2 9 15 13 16
2 10 15 4 74
2 10 15 11 380
2 10 15 13 324
2 12 15 4 982
2 12 15 11 678
2 12 15 13 516
2 15 15 4 670
2 15 15 11 240
2 15 15 13 330
3 7 0 2 118
3 7 0 4 318
3 7 0 11 874
3 8 0 2 2500
3 8 0 4 690
3 8 0 11 760
3 11 0 2 978
3 11 0 4 484
3 11 0 11 864
3 13 0 2 776
3 13 0 4 486
3 13 0 11 878
3 14 0 2 48
3 14 0 4 252
3 14 0 11 1030
3 7 1 3 1214
3 7 1 5 1092
3 7 1 10 1898
3 8 1 3 312
3 8 1 5 206
3 8 1 10 360
3 11 1 3 690
3 11 1 5 822
3 11 1 10 764
3 13 1 3 808
3 13 1 5 490
3 13 1 10 762
3 14 1 3 1108
3 14 1 5 332
3 14 1 10 918
3 7 2 0 1738
3 7 2 6 274
3 7 2 9 1590
3 8 2 0 574
3 8 2 6 1542
3 8 2 9 706
3 11 2 0 826
3 11 2 6 266
3 11 2 9 260
3 13 2 0 272
3 13 2 6 100
3 13 2 9 144
3 14 2 0 334
3 14 2 6 26
3 14 2 9 176
3 7 3 1 604
3 7 3 7 480
3 7 3 8 88
3 8 3 1 694
3 8 3 7 266
3 8 3 8 590
3 11 3 1 674
3 11 3 7 268
3 11 3 8 54
3 13 3 1 36
3 13 3 7 1068
3 13 3 8 370
3 14 3 1 204
3 14 3 7 1204
3 14 3 8 1002
3 7 4 0 394
3 7 4 6 1430
3 7 4 15 252
3 8 4 0 152
3 8 4 6 1122
3 8 4 15 1126
3 11 4 0 644
3 11 4 6 540
3 11 4 15 224
3 13 4 0 130
3 13 4 6 610
3 13 4 15 520
3 14 4 0 4
3 14 4 6 974
3 14 4 15 628
3 7 5 1 478
3 7 5 7 820
3 7 5 14 1050
3 8 5 1 402
3 8 5 7 446
3 8 5 14 342
3 11 5 1 116
3 11 5 7 1306
3 11 5 14 1504
3 13 5 1 1236
3 13 5 7 550
3 13 5 14 510
3 14 5 1 514
3 14 5 7 822
3 14 5 14 664
3 7 6 2 464
3 7 6 4 582
3 7 6 13 218
3 8 6 2 126
3 8 6 4 526
3 8 6 13 208
3 11 6 2 262
3 11 6 4 1018
3 11 6 13 636
3 13 6 2 218
3 13 6 4 350
3 13 6 13 706
3 14 6 2 338
3 14 6 4 1034
3 14 6 13 556
3 7 7 3 20
3 7 7 5 70
3 7 7 12 502
3 8 7 3 470
3 8 7 5 2
3 8 7 12 718
3 11 7 3 1042
3 11 7 5 306
3 11 7 12 736
3 13 7 3 780
3 13 7 5 138
3 13 7 12 438
3 14 7 3 348
3 14 7 5 164
3 14 7 12 582
3 7 8 3 730
3 7 8 10 1628
3 7 8 12 744
3 8 8 3 576
3 8 8 10 138
3 8 8 12 484
3 11 8 3 838
3 11 8 10 212
3 11 8 12 540
3 13 8 3 464
3 13 8 10 536
3 13 8 12 1452
3 14 8 3 458
3 14 8 10 1004
3 14 8 12 1438
3 7 9 2 434
3 7 9 11 356
3 7 9 13 474
3 8 9 2 274
3 8 9 11 920
3 8 9 13 228
3 11 9 2 338
3 11 9 11 932
3 11 9 13 438
3 13 9 2 458
3 13 9 11 206
3 13 9 13 366
3 14 9 2 1468
3 14 9 11 150
3 14 9 13 342
3 7 10 1 914
3 7 10 8 440
3 7 10 14 742
3 8 10 1 106
3 8 10 8 164
3 8 10 14 352
3 11 10 1 1424
3 11 10 8 820
3 11 10 14 16
3 13 10 1 1236
3 13 10 8 164
3 13 10 14 198
3 14 10 1 1012
3 14 10 8 1654
3 14 10 14 1192
3 7 11 0 1012
3 7 11 9 1292
3 7 11 15 846
3 8 11 0 1166
3 8 11 9 186
3 8 11 15 812
3 11 11 0 638
3 11 11 9 474
3 11 11 15 1350
3 13 11 0 560
3 13 11 9 302
3 13 11 15 1426
3 14 11 0 946
3 14 11 9 1210
3 14 11 15 32
3 7 12 7 1558
3 7 12 8 564
3 7 12 14 872
3 8 12 7 76
3 8 12 8 850
3 8 12 14 952
3 11 12 7 930
3 11 12 8 588
3 11 12 14 982
3 13 12 7 538
3 13 12 8 164
3 13 12 14 166
3 14 12 7 106
3 14 12 8 472
3 14 12 14 874
3 7 13 6 866
3 7 13 9 1336
3 7 13 15 266
3 8 13 6 1228
3 8 13 9 994
3 8 13 15 698
3 11 13 6 534
3 11 13 9 342
3 11 13 15 186
3 13 13 6 390
3 13 13 9 330
3 13 13 15 80
3 14 13 6 1634
3 14 13 9 1434
3 14 13 15 1382
3 7 14 5 170
3 7 14 10 854
3 7 14 12 1164
3 8 14 5 100
3 8 14 10 1096
3 8 14 12 638
3 11 14 5 352
3 11 14 10 142
3 11 14 12 112
3 13 14 5 444
3 13 14 10 742
3 13 14 12 1732
3 14 14 5 376
3 14 14 10 1432
3 14 14 12 1908
3 7 15 4 698
3 7 15 11 632
3 7 15 13 1800
3 8 15 4 88
3 8 15 11 786
3 8 15 13 532
3 11 15 4 774
3 11 15 11 52
3 11 15 13 450
3 13 15 4 664
3 13 15 11 16
3 13 15 13 290
3 14 15 4 328
3 14 15 11 80
3 14 15 13 904
4 6 0 2 566
4 6 0 4 1858
4 6 0 11 22
4 9 0 2 506
4 9 0 4 1146
4 9 0 11 836
4 10 0 2 1038
4 10 0 4 336
4 10 0 11 254
4 12 0 2 356
4 12 0 4 448
4 12 0 11 688
4 15 0 2 206
4 15 0 4 1084
4 15 0 11 1516
4 6 1 3 290
4 6 1 5 498
4 6 1 10 724
4 9 1 3 1430
4 9 1 5 690
4 9 1 10 2234
4 10 1 3 194
4 10 1 5 610
4 10 1 10 2010
4 12 1 3 1662
4 12 1 5 550
4 12 1 10 990
4 15 1 3 490
4 15 1 5 1356
4 15 1 10 514
4 6 2 0 860
4 6 2 6 370
4 6 2 9 774
4 9 2 0 160
4 9 2 6 588
4 9 2 9 576
4 10 2 0 288
4 10 2 6 358
4 10 2 9 762
4 12 2 0 868
4 12 2 6 224
4 12 2 9 212
4 15 2 0 1010
4 15 2 6 1722
4 15 2 9 702
4 6 3 1 632
4 6 3 7 458
4 6 3 8 496
4 9 3 1 424
4 9 3 7 50
4 9 3 8 128
4 10 3 1 538
4 10 3 7 1038
4 10 3 8 264
4 12 3 1 772
4 12 3 7 958
4 12 3 8 908
4 15 3 1 296
4 15 3 7 650
4 15 3 8 504
4 6 4 0 660
4 6 4 6 748
4 6 4 15 868
4 9 4 0 266
4 9 4 6 1134
4 9 4 15 796
4 10 4 0 92
4 10 4 6 594
4 10 4 15 576
4 12 4 0 288
4 12 4 6 578
4 12 4 15 1420
4 15 4 0 1342
4 15 4 6 634
4 15 4 15 272
4 6 5 1 378
4 6 5 7 1384
4 6 5 14 550
4 9 5 1 40
4 9 5 7 16
4 9 5 14 664
4 10 5 1 466
4 10 5 7 678
4 10 5 14 246
4 12 5 1 398
4 12 5 7 496
4 12 5 14 92
4 15 5 1 322
4 15 5 7 378
4 15 5 14 182
4 6 6 2 228
4 6 6 4 474
4 6 6 13 176
4 9 6 2 376
4 9 6 4 282
4 9 6 13 2406
4 10 6 2 94
4 10 6 4 670
4 10 6 13 92
4 12 6 2 928
4 12 6 4 490
4 12 6 13 144
4 15 6 2 1516
4 15 6 4 130
4 15 6 13 64
4 6 7 3 328
4 6 7 5 242
4 6 7 12 732
4 9 7 3 398
4 9 7 5 398
4 9 7 12 700
4 10 7 3 188
4 10 7 5 278
4 10 7 12 256
4 12 7 3 776
4 12 7 5 1100
4 12 7 12 122
4 15 7 3 286
4 15 7 5 492
4 15 7 12 396
4 6 8 3 86
4 6 8 10 358
4 6 8 12 1360
4 9 8 3 168
4 9 8 10 344
4 9 8 12 652
4 10 8 3 280
4 10 8 10 1530
4 10 8 12 516
4 12 8 3 1032
4 12 8 10 1684
4 12 8 12 750
4 15 8 3 1332
4 15 8 10 690
4 15 8 12 406
4 6 9 2 802
4 6 9 11 400
4 6 9 13 734
4 9 9 2 276
4 9 9 11 16
4 9 9 13 754
4 10 9 2 956
4 10 9 11 700
4 10 9 13 1548
4 12 9 2 232
4 12 9 11 1262
4 12 9 13 946
4 15 9 2 270
4 15 9 11 96
4 15 9 13 52
4 6 10 1 450
4 6 10 8 974
4 6 10 14 986
4 9 10 1 1044
4 9 10 8 356
4 9 10 14 1180
4 10 10 1 1410
4 10 10 8 32
4 10 10 14 190
4 12 10 1 214
4 12 10 8 842
4 12 10 14 458
4 15 10 1 66
4 15 10 8 576
4 15 10 14 860
4 6 11 0 640
4 6 11 9 312
4 6 11 15 624
4 9 11 0 318
4 9 11 9 824
4 9 11 15 764
4 10 11 0 24
4 10 11 9 280
4 10 11 15 158
4 12 11 0 252
4 12 11 9 792
4 12 11 15 734
4 15 11 0 974
4 15 11 9 804
4 15 11 15 338
4 6 12 7 160
4 6 12 8 406
4 6 12 14 824
4 9 12 7 266
4 9 12 8 676
4 9 12 14 284
4 10 12 7 504
4 10 12 8 474
4 10 12 14 1130
4 12 12 7 1088
4 12 12 8 220
4 12 12 14 426
4 15 12 7 98
4 15 12 8 260
4 15 12 14 1706
4 6 13 6 304
4 6 13 9 460
4 6 13 15 826
4 9 13 6 1030
4 9 13 9 1342
4 9 13 15 752
4 10 13 6 202
4 10 13 9 148
4 10 13 15 12
4 12 13 6 722
4 12 13 9 354
4 12 13 15 550
4 15 13 6 888
4 15 13 9 560
4 15 13 15 216
4 6 14 5 904
4 6 14 10 650
4 6 14 12 1336
4 9 14 5 122
4 9 14 10 518
4 9 14 12 62
4 10 14 5 472
4 10 14 10 252
4 10 14 12 114
4 12 14 5 406
4 12 14 10 248
4 12 14 12 14
4 15 14 5 1060
4 15 14 10 322
4 15 14 12 394
4 6 15 4 246
4 6 15 11 314
4 6 15 13 92
4 9 15 4 918
4 9 15 11 880
4 9 15 13 304
4 10 15 4 486
4 10 15 11 1424
4 10 15 13 84
4 12 15 4 438
4 12 15 11 802
4 12 15 13 798
4 15 15 4 54
4 15 15 11 374
4 15 15 13 112
5 7 0 2 832
5 7 0 4 76
5 7 0 11 1206
5 8 0 2 402
5 8 0 4 888
5 8 0 11 314
5 11 0 2 30
5 11 0 4 12
5 11 0 11 564
5 13 0 2 460
5 13 0 4 340
5 13 0 11 1240
5 14 0 2 308
5 14 0 4 400
5 14 0 11 660
5 7 1 3 246
5 7 1 5 1746
5 7 1 10 126
5 8 1 3 150
5 8 1 5 688
5 8 1 10 208
5 11 1 3 1886
5 11 1 5 196
5 11 1 10 302
5 13 1 3 1256
5 13 1 5 678
5 13 1 10 438
5 14 1 3 132
5 14 1 5 64
5 14 1 10 896
5 7 2 0 476
5 7 2 6 1010
5 7 2 9 2770
5 8 2 0 946
5 8 2 6 1144
5 8 2 9 892
5 11 2 0 204
5 11 2 6 280
5 11 2 9 470
5 13 2 0 136
5 13 2 6 856
5 13 2 9 66
5 14 2 0 234
5 14 2 6 966
5 14 2 9 682
5 7 3 1 296
5 7 3 7 516
5 7 3 8 768
5 8 3 1 738
5 8 3 7 1070
5 8 3 8 182
5 11 3 1 198
5 11 3 7 36
5 11 3 8 178
5 13 3 1 818
5 13 3 7 194
5 13 3 8 544
5 14 3 1 188
5 14 3 7 482
5 14 3 8 444
5 7 4 0 836
5 7 4 6 1228
5 7 4 15 680
5 8 4 0 694
5 8 4 6 970
5 8 4 15 1288
5 11 4 0 566
5 11 4 6 10
5 11 4 15 12
5 13 4 0 816
5 13 4 6 1270
5 13 4 15 30
5 14 4 0 782
5 14 4 6 376
5 14 4 15 518
5 7 5 1 1156
5 7 5 7 364
5 7 5 14 606
5 8 5 1 180
5 8 5 7 272
5 8 5 14 454
5 11 5 1 1450
5 11 5 7 506
5 11 5 14 172
5 13 5 1 220
5 13 5 7 350
5 13 5 14 306
5 14 5 1 420
5 14 5 7 510
5 14 5 14 214
5 7 6 2 32
5 7 6 4 466
5 7 6 13 990
5 8 6 2 284
5 8 6 4 848
5 8 6 13 634
5 11 6 2 108
5 11 6 4 346
5 11 6 13 84
5 13 6 2 1612
5 13 6 4 1132
5 13 6 13 1194
5 14 6 2 502
5 14 6 4 486
5 14 6 13 460
5 7 7 3 70
5 7 7 5 496
5 7 7 12 478
5 8 7 3 34
5 8 7 5 940
5 8 7 12 666
5 11 7 3 544
5 11 7 5 562
5 11 7 12 308
5 13 7 3 438
5 13 7 5 200
5 13 7 12 180
5 14 7 3 462
5 14 7 5 86
5 14 7 12 332
5 7 8 3 514
5 7 8 10 612
5 7 8 12 42
5 8 8 3 966
5 8 8 10 440
5 8 8 12 366
5 11 8 3 66
5 11 8 10 832
5 11 8 12 1106
5 13 8 3 996
5 13 8 10 646
5 13 8 12 40
5 14 8 3 838
5 14 8 10 284
5 14 8 12 146
5 7 9 2 1258
5 7 9 11 156
5 7 9 13 328
5 8 9 2 1118
5 8 9 11 736
5 8 9 13 604
5 11 9 2 318
5 11 9 11 1392
5 11 9 13 788
5 13 9 2 336
5 13 9 11 122
5 13 9 13 170
5 14 9 2 626
5 14 9 11 630
5 14 9 13 576
5 7 10 1 420
5 7 10 8 502
5 7 10 14 742
5 8 10 1 644
5 8 10 8 678
5 8 10 14 1458
5 11 10 1 874
5 11 10 8 306
5 11 10 14 588
5 13 10 1 370
5 13 10 8 1108
5 13 10 14 120
5 14 10 1 1472
5 14 10 8 14
5 14 10 14 516
5 7 11 0 172
5 7 11 9 146
5 7 11 15 320
5 8 11 0 1128
5 8 11 9 66
5 8 11 15 1072
5 11 11 0 352
5 11 11 9 1504
5 11 11 15 284
5 13 11 0 908
5 13 11 9 264
5 13 11 15 112
5 14 11 0 238
5 14 11 9 76
5 14 11 15 984
5 7 12 7 1508
5 7 12 8 446
5 7 12 14 716
5 8 12 7 270
5 8 12 8 208
5 8 12 14 1196
5 11 12 7 378
5 11 12 8 604
5 11 12 14 164
5 13 12 7 206
5 13 12 8 216
5 13 12 14 36
5 14 12 7 430
5 14 12 8 2364
5 14 12 14 1244
5 7 13 6 648
5 7 13 9 350
5 7 13 15 356
5 8 13 6 650
5 8 13 9 1204
5 8 13 15 1092
5 11 13 6 10
5 11 13 9 660
5 11 13 15 666
5 13 13 6 468
5 13 13 9 992
5 13 13 15 284
5 14 13 6 1046
5 14 13 9 654
5 14 13 15 378
5 7 14 5 316
5 7 14 10 1036
5 7 14 12 66
5 8 14 5 1434
5 8 14 10 664
5 8 14 12 1902
5 11 14 5 260
5 11 14 10 564
5 11 14 12 860
5 13 14 5 880
5 13 14 10 18
5 13 14 12 724
5 14 14 5 254
5 14 14 10 160
5 14 14 12 444
5 7 15 4 1264
5 7 15 11 398
5 7 15 13 478
5 8 15 4 858
5 8 15 11 202
5 8 15 13 824
5 11 15 4 316
5 11 15 11 188
5 11 15 13 160
5 13 15 4 902
5 13 15 11 762
5 13 15 13 1622
5 14 15 4 404
5 14 15 11 562
5 14 15 13 348
6 8 0 2 522
6 8 0 4 224
6 8 0 11 872
6 11 0 2 454
6 11 0 4 1048
6 11 0 11 1632
6 13 0 2 714
6 13 0 4 1440
6 13 0 11 1242
6 14 0 2 930
6 14 0 4 1060
6 14 0 11 266
6 8 1 3 598
6 8 1 5 404
6 8 1 10 888
6 11 1 3 782
6 11 1 5 24
6 11 1 10 88
6 13 1 3 722
6 13 1 5 108
6 13 1 10 204
6 14 1 3 514
6 14 1 5 1234
6 14 1 10 8
6 8 2 0 742
6 8 2 6 836
6 8 2 9 570
6 11 2 0 904
6 11 2 6 956
6 11 2 9 124
6 13 2 0 722
6 13 2 6 954
6 13 2 9 1600
6 14 2 0 682
6 14 2 6 1198
6 14 2 9 350
6 8 3 1 916
6 8 3 7 722
6 8 3 8 70
6 11 3 1 1070
6 11 3 7 694
6 11 3 8 410
6 13 3 1 136
6 13 3 7 90
6 13 3 8 1078
6 14 3 1 596
6 14 3 7 1268
6 14 3 8 82
6 8 4 0 306
6 8 4 6 22
6 8 4 15 144
6 11 4 0 1026
6 11 4 6 804
6 11 4 15 170
6 13 4 0 108
6 13 4 6 378
6 13 4 15 130
6 14 4 0 50
6 14 4 6 220
6 14 4 15 74
6 8 5 1 804
6 8 5 7 180
6 8 5 14 170
6 11 5 1 632
6 11 5 7 642
6 11 5 14 1770
6 13 5 1 1006
6 13 5 7 806
6 13 5 14 142
6 14 5 1 1214
6 14 5 7 492
6 14 5 14 946
6 8 6 2 502
6 8 6 4 296
6 8 6 13 288
6 11 6 2 866
6 11 6 4 458
6 11 6 13 400
6 13 6 2 724
6 13 6 4 788
6 13 6 13 224
6 14 6 2 544
6 14 6 4 1248
6 14 6 13 502
6 8 7 3 590
6 8 7 5 180
6 8 7 12 210
6 11 7 3 714
6 11 7 5 1218
6 11 7 12 1608
6 13 7 3 1138
6 13 7 5 652
6 13 7 12 668
6 14 7 3 18
6 14 7 5 774
6 14 7 12 818
6 8 8 3 92
6 8 8 10 548
6 8 8 12 8
6 11 8 3 668
6 11 8 10 538
6 11 8 12 288
6 13 8 3 104
6 13 8 10 666
6 13 8 12 288
6 14 8 3 856
6 14 8 10 116
6 14 8 12 492
6 8 9 2 142
6 8 9 11 224
6 8 9 13 72
6 11 9 2 462
6 11 9 11 878
6 11 9 13 602
6 13 9 2 496
6 13 9 11 350
6 13 9 13 542
6 14 9 2 54
6 14 9 11 668
6 14 9 13 1166
6 8 10 1 14
6 8 10 8 832
6 8 10 14 124
6 11 10 1 950
6 11 10 8 134
6 11 10 14 1708
6 13 10 1 1042
6 13 10 8 394
6 13 10 14 1498
6 14 10 1 298
6 14 10 8 314
6 14 10 14 1122
6 8 11 0 40
6 8 11 9 548
6 8 11 15 384
6 11 11 0 114
6 11 11 9 528
6 11 11 15 1704
6 13 11 0 276
6 13 11 9 124
6 13 11 15 280
6 14 11 0 600
6 14 11 9 702
6 14 11 15 1058
6 8 12 7 692
6 8 12 8 1200
6 8 12 14 282
6 11 12 7 490
6 11 12 8 1290
6 11 12 14 594
6 13 12 7 120
6 13 12 8 136
6 13 12 14 196
6 14 12 7 174
6 14 12 8 524
6 14 12 14 1086
6 8 13 6 282
6 8 13 9 572
6 8 13 15 306
6 11 13 6 732
6 11 13 9 596
6 11 13 15 858
6 13 13 6 642
6 13 13 9 292
6 13 13 15 858
6 14 13 6 484
6 14 13 9 1794
6 14 13 15 1216
6 8 14 5 228
6 8 14 10 1678
6 8 14 12 664
6 11 14 5 1662
6 11 14 10 126
6 11 14 12 540
6 13 14 5 118
6 13 14 10 408
6 13 14 12 190
6 14 14 5 432
6 14 14 10 22
6 14 14 12 580
6 8 15 4 626
6 8 15 11 580
6 8 15 13 622
6 11 15 4 172
6 11 15 11 1012
6 11 15 13 1048
6 13 15 4 4
6 13 15 11 1278
6 13 15 13 196
6 14 15 4 226
6 14 15 11 616
6 14 15 13 216
7 9 0 2 356
7 9 0 4 648
7 9 0 11 600
7 10 0 2 292
7 10 0 4 952
7 10 0 11 400
7 12 0 2 266
7 12 0 4 238
7 12 0 11 1348
7 15 0 2 28
7 15 0 4 148
7 15 0 11 108
7 9 1 3 140
7 9 1 5 1028
7 9 1 10 690
7 10 1 3 1026
7 10 1 5 344
7 10 1 10 1004
7 12 1 3 844
7 12 1 5 206
7 12 1 10 232
7 15 1 3 444
7 15 1 5 458
7 15 1 10 70
7 9 2 0 666
7 9 2 6 344
7 9 2 9 1404
7 10 2 0 768
7 10 2 6 270
7 10 2 9 164
7 12 2 0 1158
7 12 2 6 1020
7 12 2 9 164
7 15 2 0 1110
7 15 2 6 212
7 15 2 9 1164
7 9 3 1 618
7 9 3 7 1814
7 9 3 8 100
7 10 3 1 820
7 10 3 7 284
7 10 3 8 218
7 12 3 1 758
7 12 3 7 116
7 12 3 8 576
7 15 3 1 1514
7 15 3 7 534
7 15 3 8 294
7 9 4 0 1004
7 9 4 6 354
7 9 4 15 260
7 10 4 0 1120
7 10 4 6 32
7 10 4 15 92
7 12 4 0 798
7 12 4 6 576
7 12 4 15 226
7 15 4 0 1156
7 15 4 6 22
7 15 4 15 494
7 9 5 1 14
7 9 5 7 498
7 9 5 14 66
7 10 5 1 568
7 10 5 7 2208
7 10 5 14 406
7 12 5 1 766
7 12 5 7 244
7 12 5 14 578
7 15 5 1 1026
7 15 5 7 942
7 15 5 14 622
7 9 6 2 632
7 9 6 4 214
7 9 6 13 780
7 10 6 2 490
7 10 6 4 222
7 10 6 13 916
7 12 6 2 276
7 12 6 4 60
7 12 6 13 268
7 15 6 2 798
7 15 6 4 48
7 15 6 13 780
7 9 7 3 1014
7 9 7 5 118
7 9 7 12 720
7 10 7 3 2
7 10 7 5 1334
7 10 7 12 568
7 12 7 3 360
7 12 7 5 266
7 12 7 12 1330
7 15 7 3 16
7 15 7 5 488
7 15 7 12 544
7 9 8 3 234
7 9 8 10 6
7 9 8 12 1072
7 10 8 3 1028
7 10 8 10 820
7 10 8 12 54
7 12 8 3 728
7 12 8 10 1202
7 12 8 12 826
7 15 8 3 144
7 15 8 10 794
7 15 8 12 732
7 9 9 2 780
7 9 9 11 1098
7 9 9 13 618
7 10 9 2 794
7 10 9 11 636
7 10 9 13 256
7 12 9 2 598
7 12 9 11 174
7 12 9 13 792
7 15 9 2 16
7 15 9 11 198
7 15 9 13 182
7 9 10 1 304
7 9 10 8 232
7 9 10 14 360
7 10 10 1 182
7 10 10 8 350
7 10 10 14 1176
7 12 10 1 642
7 12 10 8 1262
7 12 10 14 1162
7 15 10 1 880
7 15 10 8 436
7 15 10 14 284
7 9 11 0 886
7 9 11 9 522
7 9 11 15 250
7 10 11 0 988
7 10 11 9 470
7 10 11 15 180
7 12 11 0 928
7 12 11 9 2
7 12 11 15 864
7 15 11 0 1108
7 15 11 9 350
7 15 11 15 258
7 9 12 7 254
7 9 12 8 1402
7 9 12 14 930
7 10 12 7 464
7 10 12 8 302
7 10 12 14 1630
7 12 12 7 746
7 12 12 8 670
7 12 12 14 20
7 15 12 7 702
7 15 12 8 1670
7 15 12 14 482
7 9 13 6 158
7 9 13 9 388
7 9 13 15 120
7 10 13 6 32
7 10 13 9 210
7 10 13 15 408
7 12 13 6 500
7 12 13 9 1286
7 12 13 15 200
7 15 13 6 484
7 15 13 9 572
7 15 13 15 160
7 9 14 5 340
7 9 14 10 90
7 9 14 12 846
7 10 14 5 250
7 10 14 10 542
7 10 14 12 192
7 12 14 5 2184
7 12 14 10 70
7 12 14 12 228
7 15 14 5 1330
7 15 14 10 630
7 15 14 12 400
7 9 15 4 74
7 9 15 11 1112
7 9 15 13 84
7 10 15 4 74
7 10 15 11 374
7 10 15 13 464
7 12 15 4 418
7 12 15 11 280
7 12 15 13 760
7 15 15 4 334
7 15 15 11 1050
7 15 15 13 1072
8 10 0 2 652
8 10 0 4 920
8 10 0 11 748
8 12 0 2 338
8 12 0 4 396
8 12 0 11 120
8 10 1 3 88
8 10 1 5 388
8 10 1 10 142
8 12 1 3 42
8 12 1 5 200
8 12 1 10 648
8 10 2 0 508
8 10 2 6 586
8 10 2 9 502
8 12 2 0 20
8 12 2 6 982
8 12 2 9 1082
8 10 3 1 338
8 10 3 7 630
8 10 3 8 190
8 12 3 1 144
8 12 3 7 210
8 12 3 8 1130
8 10 4 0 832
8 10 4 6 512
8 10 4 15 354
8 12 4 0 108
8 12 4 6 776
8 12 4 15 440
8 10 5 1 90
8 10 5 7 120
8 10 5 14 478
8 12 5 1 536
8 12 5 7 372
8 12 5 14 426
8 10 6 2 494
8 10 6 4 566
8 10 6 13 590
8 12 6 2 448
8 12 6 4 488
8 12 6 13 540
8 10 7 3 420
8 10 7 5 362
8 10 7 12 1256
8 12 7 3 336
8 12 7 5 986
8 12 7 12 1420
8 10 8 3 320
8 10 8 10 818
8 10 8 12 674
8 12 8 3 676
8 12 8 10 138
8 12 8 12 500
8 10 9 2 922
8 10 9 11 8
8 10 9 13 374
8 12 9 2 588
8 12 9 11 294
8 12 9 13 1756
8 10 10 1 736
8 10 10 8 1234
8 10 10 14 1260
8 12 10 1 122
8 12 10 8 272
8 12 10 14 692
8 10 11 0 12
8 10 11 9 120
8 10 11 15 484
8 12 11 0 198
8 12 11 9 180
8 12 11 15 432
8 10 12 7 564
8 10 12 8 632
8 10 12 14 114
8 12 12 7 26
8 12 12 8 582
8 12 12 14 606
8 10 13 6 200
8 10 13 9 338
8 10 13 15 16
8 12 13 6 272
8 12 13 9 20
8 12 13 15 48
8 10 14 5 376
8 10 14 10 278
8 10 14 12 214
8 12 14 5 894
8 12 14 10 70
8 12 14 12 212
8 10 15 4 172
8 10 15 11 1064
8 10 15 13 1688
8 12 15 4 990
8 12 15 11 468
8 12 15 13 366
9 11 0 2 720
9 11 0 4 284
9 11 0 11 522
9 13 0 2 324
9 13 0 4 36
9 13 0 11 340
9 11 1 3 1600
9 11 1 5 418
9 11 1 10 354
9 13 1 3 582
9 13 1 5 788
9 13 1 10 620
9 11 2 0 1306
9 11 2 6 522
9 11 2 9 200
9 13 2 0 462
9 13 2 6 150
9 13 2 9 1322
9 11 3 1 980
9 11 3 7 902
9 11 3 8 1010
9 13 3 1 1146
9 13 3 7 390
9 13 3 8 962
9 11 4 0 162
9 11 4 6 156
9 11 4 15 602
9 13 4 0 538
9 13 4 6 1870
9 13 4 15 400
9 11 5 1 230
9 11 5 7 114
9 11 5 14 158
9 13 5 1 144
9 13 5 7 630
9 13 5 14 722
9 11 6 2 234
9 11 6 4 1114
9 11 6 13 790
9 13 6 2 618
9 13 6 4 1040
9 13 6 13 156
9 11 7 3 856
9 11 7 5 160
9 11 7 12 634
9 13 7 3 300
9 13 7 5 180
9 13 7 12 20
9 11 8 3 474
9 11 8 10 290
9 11 8 12 444
9 13 8 3 510
9 13 8 10 596
9 13 8 12 430
9 11 9 2 778
9 11 9 11 156
9 11 9 13 1284
9 13 9 2 760
9 13 9 11 264
9 13 9 13 784
9 11 10 1 398
9 11 10 8 358
9 11 10 14 650
9 13 10 1 172
9 13 10 8 124
9 13 10 14 498
9 11 11 0 652
9 11 11 9 1282
9 11 11 15 406
9 13 11 0 524
9 13 11 9 246
9 13 11 15 30
9 11 12 7 388
9 11 12 8 1432
9 11 12 14 770
9 13 12 7 142
9 13 12 8 412
9 13 12 14 1554
9 11 13 6 32
9 11 13 9 824
9 11 13 15 274
9 13 13 6 782
9 13 13 9 264
9 13 13 15 568
9 11 14 5 72
9 11 14 10 946
9 11 14 12 318
9 13 14 5 1906
9 13 14 10 852
9 13 14 12 1314
9 11 15 4 1238
9 11 15 11 252
9 11 15 13 158
9 13 15 4 1100
9 13 15 11 964
9 13 15 13 304
10 14 0 2 438
10 14 0 4 308
10 14 0 11 138
10 14 1 3 214
10 14 1 5 6
10 14 1 10 924
10 14 2 0 712
10 14 2 6 172
10 14 2 9 1088
10 14 3 1 1222
10 14 3 7 474
10 14 3 8 414
10 14 4 0 300
10 14 4 6 1778
10 14 4 15 218
10 14 5 1 864
10 14 5 7 172
10 14 5 14 1152
10 14 6 2 140
10 14 6 4 752
10 14 6 13 242
10 14 7 3 538
10 14 7 5 502
10 14 7 12 872
10 14 8 3 528
10 14 8 10 392
10 14 8 12 164
10 14 9 2 16
10 14 9 11 488
10 14 9 13 102
10 14 10 1 652
10 14 10 8 510
10 14 10 14 1320
10 14 11 0 844
10 14 11 9 626
10 14 11 15 434
10 14 12 7 924
10 14 12 8 798
10 14 12 14 768
10 14 13 6 442
10 14 13 9 156
10 14 13 15 24
10 14 14 5 620
10 14 14 10 1240
10 14 14 12 414
10 14 15 4 930
10 14 15 11 750
10 14 15 13 198
11 15 0 2 252
11 15 0 4 536
11 15 0 11 138
11 15 1 3 930
11 15 1 5 674
11 15 1 10 650
11 15 2 0 374
11 15 2 6 574
11 15 2 9 862
11 15 3 1 204
11 15 3 7 158
11 15 3 8 1358
11 15 4 0 84
11 15 4 6 1244
11 15 4 15 624
11 15 5 1 724
11 15 5 7 1058
11 15 5 14 508
11 15 6 2 1810
11 15 6 4 78
11 15 6 13 272
11 15 7 3 298
11 15 7 5 8
11 15 7 12 152
11 15 8 3 314
11 15 8 10 106
11 15 8 12 28
11 15 9 2 874
11 15 9 11 1950
11 15 9 13 294
11 15 10 1 574
11 15 10 8 266
11 15 10 14 664
11 15 11 0 904
11 15 11 9 32
11 15 11 15 762
11 15 12 7 168
11 15 12 8 1120
11 15 12 14 1150
11 15 13 6 1072
11 15 13 9 532
11 15 13 15 244
11 15 14 5 886
11 15 14 10 888
11 15 14 12 208
11 15 15 4 94
11 15 15 11 820
11 15 15 13 360
12 14 0 2 550
12 14 0 4 1180
12 14 0 11 1098
12 14 1 3 200
12 14 1 5 102
12 14 1 10 218
12 14 2 0 610
12 14 2 6 1104
12 14 2 9 74
12 14 3 1 1058
12 14 3 7 434
12 14 3 8 646
12 14 4 0 42
12 14 4 6 400
12 14 4 15 134
12 14 5 1 238
12 14 5 7 500
12 14 5 14 264
12 14 6 2 500
12 14 6 4 730
12 14 6 13 420
12 14 7 3 182
12 14 7 5 170
12 14 7 12 432
12 14 8 3 956
12 14 8 10 294
12 14 8 12 1242
12 14 9 2 582
12 14 9 11 476
12 14 9 13 246
12 14 10 1 964
12 14 10 8 1018
12 14 10 14 94
12 14 11 0 856
12 14 11 9 1442
12 14 11 15 612
12 14 12 7 306
12 14 12 8 538
12 14 12 14 518
12 14 13 6 344
12 14 13 9 750
12 14 13 15 14
12 14 14 5 1218
12 14 14 10 902
12 14 14 12 1030
12 14 15 4 784
12 14 15 11 672
12 14 15 13 508
13 15 0 2 696
13 15 0 4 1172
13 15 0 11 108
13 15 1 3 508
13 15 1 5 288
13 15 1 10 708
13 15 2 0 188
13 15 2 6 1356
13 15 2 9 364
13 15 3 1 260
13 15 3 7 266
13 15 3 8 750
13 15 4 0 744
13 15 4 6 618
13 15 4 15 1098
13 15 5 1 638
13 15 5 7 762
13 15 5 14 158
13 15 6 2 552
13 15 6 4 364
13 15 6 13 204
13 15 7 3 192
13 15 7 5 670
13 15 7 12 1344
13 15 8 3 306
13 15 8 10 84
13 15 8 12 4
13 15 9 2 628
13 15 9 11 928
13 15 9 13 554
13 15 10 1 168
13 15 10 8 542
13 15 10 14 128
13 15 11 0 266
13 15 11 9 308
13 15 11 15 142
13 15 12 7 388
13 15 12 8 792
13 15 12 14 992
13 15 13 6 864
13 15 13 9 330
13 15 13 15 348
13 15 14 5 1174
13 15 14 10 430
13 15 14 12 56
13 15 15 4 114
13 15 15 11 382
13 15 15 13 814
