0 2 0 2 614
0 2 0 4 896
0 2 0 11 330
0 4 0 2 844
0 4 0 4 682
0 4 0 11 850
0 8 0 2 116
0 8 0 4 596
0 8 0 11 710
0 11 0 2 996
0 11 0 4 44
0 11 0 11 256
0 13 0 2 218
0 13 0 4 796
0 13 0 11 1290
0 14 0 2 420
0 14 0 4 146
0 14 0 11 456
0 2 1 3 208
0 2 1 5 628
0 2 1 10 718
0 4 1 3 418
0 4 1 5 108
0 4 1 10 916
0 8 1 3 38
0 8 1 5 418
0 8 1 10 1132
0 11 1 3 1134
0 11 1 5 938
0 11 1 10 114
0 13 1 3 282
0 13 1 5 1758
0 13 1 10 342
0 14 1 3 490
0 14 1 5 362
0 14 1 10 580
0 2 2 0 116
0 2 2 6 192
0 2 2 9 1504
0 4 2 0 204
0 4 2 6 156
0 4 2 9 660
0 8 2 0 840
0 8 2 6 80
0 8 2 9 202
0 11 2 0 336
0 11 2 6 512
0 11 2 9 424
0 13 2 0 80
0 13 2 6 1128
0 13 2 9 718
0 14 2 0 430
0 14 2 6 166
0 14 2 9 322
0 2 3 1 280
0 2 3 7 1112
0 2 3 8 1242
0 4 3 1 1248
0 4 3 7 178
0 4 3 8 1446
0 8 3 1 24
0 8 3 7 494
0 8 3 8 214
0 11 3 1 288
0 11 3 7 230
0 11 3 8 958
0 13 3 1 398
0 13 3 7 888
0 13 3 8 1048
0 14 3 1 924
0 14 3 7 798
0 14 3 8 848
0 2 4 0 382
0 2 4 6 574
0 2 4 15 218
0 4 4 0 644
0 4 4 6 888
0 4 4 15 432
0 8 4 0 250
0 8 4 6 1124
0 8 4 15 202
0 11 4 0 676
0 11 4 6 376
0 11 4 15 142
0 13 4 0 708
0 13 4 6 342
0 13 4 15 716
0 14 4 0 310
0 14 4 6 134
0 14 4 15 112
0 2 5 1 964
0 2 5 7 172
0 2 5 14 896
0 4 5 1 338
0 4 5 7 1926
0 4 5 14 1030
0 8 5 1 570
0 8 5 7 376
0 8 5 14 1590
0 11 5 1 258
0 11 5 7 1364
0 11 5 14 542
0 13 5 1 358
0 13 5 7 32
0 13 5 14 174
0 14 5 1 690
0 14 5 7 160
0 14 5 14 180
0 2 6 2 306
0 2 6 4 572
0 2 6 13 476
0 4 6 2 1238
0 4 6 4 526
0 4 6 13 424
0 8 6 2 74
0 8 6 4 560
0 8 6 13 848
0 11 6 2 404
0 11 6 4 74
0 11 6 13 1508
0 13 6 2 1250
0 13 6 4 794
0 13 6 13 1182
0 14 6 2 360
0 14 6 4 958
0 14 6 13 836
0 2 7 3 792
0 2 7 5 126
0 2 7 12 634
0 4 7 3 10
0 4 7 5 584
0 4 7 12 142
0 8 7 3 1034
0 8 7 5 696
0 8 7 12 1316
0 11 7 3 716
0 11 7 5 208
0 11 7 12 1196
0 13 7 3 128
0 13 7 5 750
0 13 7 12 612
0 14 7 3 304
0 14 7 5 988
0 14 7 12 1010
0 2 8 3 238
0 2 8 10 936
0 2 8 12 82
0 4 8 3 1310
0 4 8 10 1396
0 4 8 12 294
0 8 8 3 1982
0 8 8 10 126
0 8 8 12 1960
0 11 8 3 1252
0 11 8 10 742
0 11 8 12 322
0 13 8 3 12
0 13 8 10 608
0 13 8 12 54
0 14 8 3 1284
0 14 8 10 636
0 14 8 12 870
0 2 9 2 58
0 2 9 11 490
0 2 9 13 648
0 4 9 2 1674
0 4 9 11 508
0 4 9 13 566
0 8 9 2 1078
0 8 9 11 730
0 8 9 13 434
0 11 9 2 478
0 11 9 11 490
0 11 9 13 1402
0 13 9 2 654
0 13 9 11 60
0 13 9 13 874
0 14 9 2 460
0 14 9 11 200
0 14 9 13 558
0 2 10 1 194
0 2 10 8 436
0 2 10 14 454
0 4 10 1 208
0 4 10 8 740
0 4 10 14 424
0 8 10 1 712
0 8 10 8 74
0 8 10 14 146
0 11 10 1 218
0 11 10 8 306
0 11 10 14 536
0 13 10 1 606
0 13 10 8 1028
0 13 10 14 728
0 14 10 1 718
0 14 10 8 498
0 14 10 14 656
0 2 11 0 206
0 2 11 9 796
0 2 11 15 810
0 4 11 0 40
0 4 11 9 954
0 4 11 15 522
0 8 11 0 422
0 8 11 9 216
0 8 11 15 910
0 11 11 0 1750
0 11 11 9 530
0 11 11 15 378
0 13 11 0 76
0 13 11 9 460
0 13 11 15 0
0 14 11 0 1246
0 14 11 9 420
0 14 11 15 12
0 2 12 7 182
0 2 12 8 946
0 2 12 14 732
0 4 12 7 350
0 4 12 8 540
0 4 12 14 50
0 8 12 7 222
0 8 12 8 676
0 8 12 14 50
0 11 12 7 170
0 11 12 8 1096
0 11 12 14 372
0 13 12 7 116
0 13 12 8 352
0 13 12 14 706
0 14 12 7 426
0 14 12 8 254
0 14 12 14 174
0 2 13 6 332
0 2 13 9 776
0 2 13 15 700
0 4 13 6 674
0 4 13 9 362
0 4 13 15 66
0 8 13 6 912
0 8 13 9 566
0 8 13 15 218
0 11 13 6 10
0 11 13 9 312
0 11 13 15 48
0 13 13 6 1666
0 13 13 9 332
0 13 13 15 670
0 14 13 6 20
0 14 13 9 728
0 14 13 15 508
0 2 14 5 268
0 2 14 10 414
0 2 14 12 152
0 4 14 5 282
0 4 14 10 466
0 4 14 12 768
0 8 14 5 856
0 8 14 10 404
0 8 14 12 936
0 11 14 5 566
0 11 14 10 206
0 11 14 12 118
0 13 14 5 1392
0 13 14 10 190
0 13 14 12 1146
0 14 14 5 982
0 14 14 10 1340
0 14 14 12 496
0 2 15 4 174
0 2 15 11 370
0 2 15 13 1158
0 4 15 4 714
0 4 15 11 790
0 4 15 13 294
0 8 15 4 830
0 8 15 11 10
0 8 15 13 1578
0 11 15 4 728
0 11 15 11 84
0 11 15 13 184
0 13 15 4 522
0 13 15 11 1646
0 13 15 13 268
0 14 15 4 924
0 14 15 11 244
0 14 15 13 560
1 3 0 2 228
1 3 0 4 12
1 3 0 11 388
1 5 0 2 1206
1 5 0 4 136
1 5 0 11 104
1 9 0 2 42
1 9 0 4 1834
1 9 0 11 854
1 10 0 2 610
1 10 0 4 98
1 10 0 11 818
1 12 0 2 672
1 12 0 4 368
1 12 0 11 306
1 15 0 2 276
1 15 0 4 520
1 15 0 11 62
1 3 1 3 82
1 3 1 5 246
1 3 1 10 120
1 5 1 3 578
1 5 1 5 262
1 5 1 10 264
1 9 1 3 754
1 9 1 5 488
1 9 1 10 668
1 10 1 3 170
1 10 1 5 1302
1 10 1 10 1614
1 12 1 3 64
1 12 1 5 980
1 12 1 10 390
1 15 1 3 30
1 15 1 5 890
1 15 1 10 648
1 3 2 0 912
1 3 2 6 80
1 3 2 9 352
1 5 2 0 492
1 5 2 6 144
1 5 2 9 32
1 9 2 0 488
1 9 2 6 690
1 9 2 9 366
1 10 2 0 482
1 10 2 6 526
1 10 2 9 92
1 12 2 0 976
1 12 2 6 106
1 12 2 9 858
1 15 2 0 630
1 15 2 6 526
1 15 2 9 1142
1 3 3 1 522
1 3 3 7 294
1 3 3 8 824
1 5 3 1 1860
1 5 3 7 1812
1 5 3 8 652
1 9 3 1 298
1 9 3 7 154
1 9 3 8 562
1 10 3 1 340
1 10 3 7 228
1 10 3 8 48
1 12 3 1 932
1 12 3 7 190
1 12 3 8 894
1 15 3 1 512
1 15 3 7 372
1 15 3 8 230
1 3 4 0 192
1 3 4 6 404
1 3 4 15 768
1 5 4 0 578
1 5 4 6 2318
1 5 4 15 996
1 9 4 0 290
1 9 4 6 12
1 9 4 15 170
1 10 4 0 1198
1 10 4 6 430
1 10 4 15 360
1 12 4 0 532
1 12 4 6 640
1 12 4 15 1290
1 15 4 0 90
1 15 4 6 432
1 15 4 15 136
1 3 5 1 522
1 3 5 7 482
1 3 5 14 96
1 5 5 1 502
1 5 5 7 474
1 5 5 14 100
1 9 5 1 406
1 9 5 7 1416
1 9 5 14 130
1 10 5 1 392
1 10 5 7 220
1 10 5 14 176
1 12 5 1 290
1 12 5 7 510
1 12 5 14 108
1 15 5 1 1052
1 15 5 7 434
1 15 5 14 426
1 3 6 2 1630
1 3 6 4 1166
1 3 6 13 196
1 5 6 2 1148
1 5 6 4 824
1 5 6 13 616
1 9 6 2 608
1 9 6 4 676
1 9 6 13 28
1 10 6 2 720
1 10 6 4 820
1 10 6 13 682
1 12 6 2 842
1 12 6 4 100
1 12 6 13 1448
1 15 6 2 992
1 15 6 4 218
1 15 6 13 768
1 3 7 3 30
1 3 7 5 1020
1 3 7 12 472
1 5 7 3 332
1 5 7 5 450
1 5 7 12 128
1 9 7 3 26
1 9 7 5 130
1 9 7 12 376
1 10 7 3 128
1 10 7 5 1500
1 10 7 12 176
1 12 7 3 264
1 12 7 5 220
1 12 7 12 564
1 15 7 3 236
1 15 7 5 28
1 15 7 12 1068
1 3 8 3 358
1 3 8 10 572
1 3 8 12 220
1 5 8 3 1858
1 5 8 10 230
1 5 8 12 824
1 9 8 3 388
1 9 8 10 1040
1 9 8 12 50
1 10 8 3 392
1 10 8 10 56
1 10 8 12 120
1 12 8 3 22
1 12 8 10 848
1 12 8 12 322
1 15 8 3 428
1 15 8 10 1368
1 15 8 12 430
1 3 9 2 746
1 3 9 11 1118
1 3 9 13 1452
1 5 9 2 730
1 5 9 11 164
1 5 9 13 790
1 9 9 2 498
1 9 9 11 364
1 9 9 13 976
1 10 9 2 952
1 10 9 11 724
1 10 9 13 42
1 12 9 2 652
1 12 9 11 412
1 12 9 13 334
1 15 9 2 698
1 15 9 11 1046
1 15 9 13 348
1 3 10 1 430
1 3 10 8 1408
1 3 10 14 1304
1 5 10 1 2744
1 5 10 8 990
1 5 10 14 604
1 9 10 1 944
1 9 10 8 54
1 9 10 14 78
1 10 10 1 1298
1 10 10 8 176
1 10 10 14 1782
1 12 10 1 932
1 12 10 8 1104
1 12 10 14 160
1 15 10 1 590
1 15 10 8 850
1 15 10 14 634
1 3 11 0 32
1 3 11 9 1002
1 3 11 15 180
1 5 11 0 210
1 5 11 9 772
1 5 11 15 240
1 9 11 0 294
1 9 11 9 44
1 9 11 15 624
1 10 11 0 442
1 10 11 9 774
1 10 11 15 60
1 12 11 0 270
1 12 11 9 724
1 12 11 15 1408
1 15 11 0 48
1 15 11 9 244
1 15 11 15 382
1 3 12 7 1320
1 3 12 8 212
1 3 12 14 1240
1 5 12 7 506
1 5 12 8 1084
1 5 12 14 870
1 9 12 7 592
1 9 12 8 620
1 9 12 14 398
1 10 12 7 146
1 10 12 8 406
1 10 12 14 870
1 12 12 7 1302
1 12 12 8 1194
1 12 12 14 402
1 15 12 7 588
1 15 12 8 116
1 15 12 14 890
1 3 13 6 526
1 3 13 9 628
1 3 13 15 966
1 5 13 6 302
1 5 13 9 412
1 5 13 15 482
1 9 13 6 184
1 9 13 9 926
1 9 13 15 262
1 10 13 6 704
1 10 13 9 676
1 10 13 15 676
1 12 13 6 204
1 12 13 9 1042
1 12 13 15 1438
1 15 13 6 238
1 15 13 9 154
1 15 13 15 218
1 3 14 5 1604
1 3 14 10 180
1 3 14 12 366
1 5 14 5 90
1 5 14 10 612
1 5 14 12 318
1 9 14 5 1836
1 9 14 10 1416
1 9 14 12 530
1 10 14 5 132
1 10 14 10 948
1 10 14 12 972
1 12 14 5 756
1 12 14 10 646
1 12 14 12 116
1 15 14 5 262
1 15 14 10 674
1 15 14 12 284
1 3 15 4 200
1 3 15 11 254
1 3 15 13 1170
1 5 15 4 970
1 5 15 11 360
1 5 15 13 152
1 9 15 4 56
1 9 15 11 552
1 9 15 13 840
1 10 15 4 158
1 10 15 11 692
1 10 15 13 12
1 12 15 4 272
1 12 15 11 1106
1 12 15 13 76
1 15 15 4 632
1 15 15 11 322
1 15 15 13 336
2 6 0 2 740
2 6 0 4 116
2 6 0 11 526
2 9 0 2 936
2 9 0 4 134
2 9 0 11 588
2 10 0 2 190
2 10 0 4 904
2 10 0 11 900
2 12 0 2 1070
2 12 0 4 506
2 12 0 11 252
2 15 0 2 254
2 15 0 4 256
2 15 0 11 212
2 6 1 3 766
2 6 1 5 948
2 6 1 10 302
2 9 1 3 140
2 9 1 5 2236
2 9 1 10 984
2 10 1 3 196
2 10 1 5 518
2 10 1 10 252
2 12 1 3 308
2 12 1 5 1256
2 12 1 10 312
2 15 1 3 672
2 15 1 5 1476
2 15 1 10 384
2 6 2 0 538
2 6 2 6 1524
2 6 2 9 1008
2 9 2 0 140
2 9 2 6 1616
2 9 2 9 1374
2 10 2 0 768
2 10 2 6 82
2 10 2 9 168
2 12 2 0 478
2 12 2 6 174
2 12 2 9 384
2 15 2 0 438
2 15 2 6 564
2 15 2 9 20
2 6 3 1 832
2 6 3 7 578
2 6 3 8 1168
2 9 3 1 678
2 9 3 7 360
2 9 3 8 516
2 10 3 1 396
2 10 3 7 874
2 10 3 8 58
2 12 3 1 4
2 12 3 7 28
2 12 3 8 260
2 15 3 1 174
2 15 3 7 1804
2 15 3 8 524
2 6 4 0 958
2 6 4 6 386
2 6 4 15 120
2 9 4 0 104
2 9 4 6 380
2 9 4 15 1922
2 10 4 0 164
2 10 4 6 262
2 10 4 15 972
2 12 4 0 438
2 12 4 6 220
2 12 4 15 16
2 15 4 0 388
2 15 4 6 182
2 15 4 15 1646
2 6 5 1 178
2 6 5 7 1318
2 6 5 14 258
2 9 5 1 1436
2 9 5 7 1664
2 9 5 14 526
2 10 5 1 1072
2 10 5 7 24
2 10 5 14 742
2 12 5 1 806
2 12 5 7 78
2 12 5 14 738
2 15 5 1 184
2 15 5 7 608
2 15 5 14 698
2 6 6 2 1290
2 6 6 4 604
2 6 6 13 148
2 9 6 2 1136
2 9 6 4 420
2 9 6 13 132
2 10 6 2 838
2 10 6 4 208
2 10 6 13 1150
2 12 6 2 1324
2 12 6 4 818
2 12 6 13 470
2 15 6 2 134
2 15 6 4 534
2 15 6 13 408
2 6 7 3 78
2 6 7 5 224
2 6 7 12 388
2 9 7 3 1580
2 9 7 5 510
2 9 7 12 440
2 10 7 3 508
2 10 7 5 344
2 10 7 12 362
2 12 7 3 528
2 12 7 5 460
2 12 7 12 640
2 15 7 3 50
2 15 7 5 866
2 15 7 12 310
2 6 8 3 722
2 6 8 10 960
2 6 8 12 552
2 9 8 3 612
2 9 8 10 1840
2 9 8 12 470
2 10 8 3 338
2 10 8 10 520
2 10 8 12 228
2 12 8 3 656
2 12 8 10 1574
2 12 8 12 426
2 15 8 3 596
2 15 8 10 924
2 15 8 12 1030
2 6 9 2 562
2 6 9 11 926
2 6 9 13 156
2 9 9 2 70
2 9 9 11 1138
2 9 9 13 214
2 10 9 2 156
2 10 9 11 304
2 10 9 13 826
2 12 9 2 1080
2 12 9 11 706
2 12 9 13 1136
2 15 9 2 354
2 15 9 11 898
2 15 9 13 96
2 6 10 1 644
2 6 10 8 514
2 6 10 14 614
2 9 10 1 762
2 9 10 8 394
2 9 10 14 1586
2 10 10 1 552
2 10 10 8 186
2 10 10 14 510
2 12 10 1 102
2 12 10 8 698
2 12 10 14 118
2 15 10 1 1148
2 15 10 8 1182
2 15 10 14 302
2 6 11 0 974
2 6 11 9 136
2 6 11 15 608
2 9 11 0 1078
2 9 11 9 1684
2 9 11 15 626
2 10 11 0 94
2 10 11 9 224
2 10 11 15 926
2 12 11 0 212
2 12 11 9 1550
2 12 11 15 472
2 15 11 0 922
2 15 11 9 864
2 15 11 15 1036
2 6 12 7 980
2 6 12 8 452
2 6 12 14 1186
2 9 12 7 72
2 9 12 8 904
2 9 12 14 328
2 10 12 7 780
2 10 12 8 794
2 10 12 14 500
2 12 12 7 962
2 12 12 8 1480
2 12 12 14 1314
2 15 12 7 762
2 15 12 8 236
2 15 12 14 492
2 6 13 6 496
2 6 13 9 12
2 6 13 15 1436
2 9 13 6 1422
2 9 13 9 908
2 9 13 15 388
2 10 13 6 556
2 10 13 9 556
2 10 13 15 1626
2 12 13 6 242
2 12 13 9 730
2 12 13 15 480
2 15 13 6 1276
2 15 13 9 326
2 15 13 15 1020
2 6 14 5 316
2 6 14 10 1306
2 6 14 12 588
2 9 14 5 1138
2 9 14 10 466
2 9 14 12 1698
2 10 14 5 770
2 10 14 10 1478
2 10 14 12 418
2 12 14 5 384
2 12 14 10 1092
2 12 14 12 340
2 15 14 5 1004
2 15 14 10 520
2 15 14 12 1442
2 6 15 4 240
2 6 15 11 434
2 6 15 13 662
2 9 15 4 316
2 9 15 11 320
2 9 15 13 214
2 10 15 4 1006
2 10 15 11 420
2 10 15 13 540
2 12 15 4 1914
2 12 15 11 786
2 12 15 13 24
2 15 15 4 420
2 15 15 11 8
2 15 15 13 106
3 7 0 2 38
3 7 0 4 160
3 7 0 11 310
3 8 0 2 580
3 8 0 4 906
3 8 0 11 602
3 11 0 2 252
3 11 0 4 1172
3 11 0 11 2164
3 13 0 2 50
3 13 0 4 1180
3 13 0 11 852
3 14 0 2 402
3 14 0 4 1536
3 14 0 11 598
3 7 1 3 1238
3 7 1 5 452
3 7 1 10 130
3 8 1 3 252
3 8 1 5 54
3 8 1 10 160
3 11 1 3 400
3 11 1 5 1052
3 11 1 10 676
3 13 1 3 310
3 13 1 5 1468
3 13 1 10 1606
3 14 1 3 288
3 14 1 5 106
3 14 1 10 44
3 7 2 0 276
3 7 2 6 708
3 7 2 9 136
3 8 2 0 614
3 8 2 6 822
3 8 2 9 520
3 11 2 0 4
3 11 2 6 574
3 11 2 9 1344
3 13 2 0 408
3 13 2 6 80
3 13 2 9 354
3 14 2 0 666
3 14 2 6 462
3 14 2 9 68
3 7 3 1 1364
3 7 3 7 1052
3 7 3 8 350
3 8 3 1 24
3 8 3 7 306
3 8 3 8 220
3 11 3 1 814
3 11 3 7 216
3 11 3 8 266
3 13 3 1 96
3 13 3 7 92
3 13 3 8 574
3 14 3 1 276
3 14 3 7 42
3 14 3 8 230
3 7 4 0 94
3 7 4 6 1328
3 7 4 15 842
3 8 4 0 224
3 8 4 6 870
3 8 4 15 128
3 11 4 0 1180
3 11 4 6 664
3 11 4 15 138
3 13 4 0 132
3 13 4 6 1136
3 13 4 15 30
3 14 4 0 554
3 14 4 6 318
3 14 4 15 122
3 7 5 1 114
3 7 5 7 766
3 7 5 14 1008
3 8 5 1 1756
3 8 5 7 572
3 8 5 14 398
3 11 5 1 1076
3 11 5 7 810
3 11 5 14 340
3 13 5 1 1168
3 13 5 7 598
3 13 5 14 526
3 14 5 1 1724
3 14 5 7 98
3 14 5 14 1268
3 7 6 2 134
3 7 6 4 404
3 7 6 13 856
3 8 6 2 158
3 8 6 4 132
3 8 6 13 600
3 11 6 2 1304
3 11 6 4 78
3 11 6 13 122
3 13 6 2 52
3 13 6 4 128
3 13 6 13 552
3 14 6 2 156
3 14 6 4 260
3 14 6 13 1146
3 7 7 3 60
3 7 7 5 392
3 7 7 12 148
3 8 7 3 1094
3 8 7 5 158
3 8 7 12 124
3 11 7 3 790
3 11 7 5 1476
3 11 7 12 650
3 13 7 3 214
3 13 7 5 560
3 13 7 12 906
3 14 7 3 1170
3 14 7 5 194
3 14 7 12 460
3 7 8 3 104
3 7 8 10 930
3 7 8 12 288
3 8 8 3 440
3 8 8 10 716
3 8 8 12 682
3 11 8 3 214
3 11 8 10 88
3 11 8 12 776
3 13 8 3 356
3 13 8 10 350
3 13 8 12 566
3 14 8 3 544
3 14 8 10 540
3 14 8 12 1108
3 7 9 2 448
3 7 9 11 786
3 7 9 13 794
3 8 9 2 192
3 8 9 11 380
3 8 9 13 558
3 11 9 2 988
3 11 9 11 626
3 11 9 13 820
3 13 9 2 548
3 13 9 11 768
3 13 9 13 2
3 14 9 2 2
3 14 9 11 1372
3 14 9 13 282
3 7 10 1 1516
3 7 10 8 738
3 7 10 14 156
3 8 10 1 284
3 8 10 8 938
3 8 10 14 906
3 11 10 1 1088
3 11 10 8 168
3 11 10 14 1236
3 13 10 1 312
3 13 10 8 328
3 13 10 14 1300
3 14 10 1 1112
3 14 10 8 66
3 14 10 14 336
3 7 11 0 1086
3 7 11 9 28
3 7 11 15 578
3 8 11 0 308
3 8 11 9 828
3 8 11 15 86
3 11 11 0 232
3 11 11 9 564
3 11 11 15 934
3 13 11 0 180
3 13 11 9 394
3 13 11 15 660
3 14 11 0 1268
3 14 11 9 742
3 14 11 15 404
3 7 12 7 244
3 7 12 8 1750
3 7 12 14 68
3 8 12 7 172
3 8 12 8 430
3 8 12 14 648
3 11 12 7 186
3 11 12 8 968
3 11 12 14 360
3 13 12 7 448
3 13 12 8 444
3 13 12 14 340
3 14 12 7 650
3 14 12 8 168
3 14 12 14 684
3 7 13 6 606
3 7 13 9 42
3 7 13 15 1004
3 8 13 6 994
3 8 13 9 288
3 8 13 15 694
3 11 13 6 1022
3 11 13 9 298
3 11 13 15 966
3 13 13 6 282
3 13 13 9 42
3 13 13 15 1464
3 14 13 6 200
3 14 13 9 1286
3 14 13 15 498
3 7 14 5 306
3 7 14 10 1066
3 7 14 12 282
3 8 14 5 110
3 8 14 10 744
3 8 14 12 514
3 11 14 5 330
3 11 14 10 1398
3 11 14 12 586
3 13 14 5 134
3 13 14 10 432
3 13 14 12 800
3 14 14 5 78
3 14 14 10 740
3 14 14 12 2268
3 7 15 4 1074
3 7 15 11 902
3 7 15 13 590
3 8 15 4 70
3 8 15 11 1854
3 8 15 13 236
3 11 15 4 390
3 11 15 11 650
3 11 15 13 1182
3 13 15 4 224
3 13 15 11 966
3 13 15 13 1372
3 14 15 4 304
3 14 15 11 158
3 14 15 13 584
4 6 0 2 1310
4 6 0 4 760
4 6 0 11 1002
4 9 0 2 820
4 9 0 4 588
4 9 0 11 230
4 10 0 2 254
4 10 0 4 854
4 10 0 11 854
4 12 0 2 876
4 12 0 4 1654
4 12 0 11 336
4 15 0 2 1862
4 15 0 4 824
4 15 0 11 118
4 6 1 3 426
4 6 1 5 2150
4 6 1 10 522
4 9 1 3 614
4 9 1 5 302
4 9 1 10 166
4 10 1 3 1180
4 10 1 5 688
4 10 1 10 136
4 12 1 3 1196
4 12 1 5 646
4 12 1 10 102
4 15 1 3 1058
4 15 1 5 490
4 15 1 10 1008
4 6 2 0 388
4 6 2 6 536
4 6 2 9 854
4 9 2 0 258
4 9 2 6 1104
4 9 2 9 176
4 10 2 0 258
4 10 2 6 252
4 10 2 9 640
4 12 2 0 126
4 12 2 6 1400
4 12 2 9 314
4 15 2 0 336
4 15 2 6 402
4 15 2 9 124
4 6 3 1 526
4 6 3 7 314
4 6 3 8 24
4 9 3 1 346
4 9 3 7 732
4 9 3 8 766
4 10 3 1 700
4 10 3 7 736
4 10 3 8 68
4 12 3 1 718
4 12 3 7 434
4 12 3 8 1044
4 15 3 1 1786
4 15 3 7 620
4 15 3 8 398
4 6 4 0 1160
4 6 4 6 718
4 6 4 15 336
4 9 4 0 228
4 9 4 6 216
4 9 4 15 1396
4 10 4 0 136
4 10 4 6 1042
4 10 4 15 1046
4 12 4 0 462
4 12 4 6 874
4 12 4 15 278
4 15 4 0 586
4 15 4 6 20
4 15 4 15 1436
4 6 5 1 446
4 6 5 7 224
4 6 5 14 1158
4 9 5 1 1316
4 9 5 7 112
4 9 5 14 194
4 10 5 1 644
4 10 5 7 58
4 10 5 14 396
4 12 5 1 518
4 12 5 7 622
4 12 5 14 432
4 15 5 1 524
4 15 5 7 802
4 15 5 14 174
4 6 6 2 802
4 6 6 4 586
4 6 6 13 690
4 9 6 2 156
4 9 6 4 762
4 9 6 13 694
4 10 6 2 436
4 10 6 4 334
4 10 6 13 156
4 12 6 2 904
4 12 6 4 892
4 12 6 13 526
4 15 6 2 894
4 15 6 4 162
4 15 6 13 438
4 6 7 3 1400
4 6 7 5 472
4 6 7 12 448
4 9 7 3 796
4 9 7 5 1754
4 9 7 12 214
4 10 7 3 1688
4 10 7 5 44
4 10 7 12 938
4 12 7 3 374
4 12 7 5 458
4 12 7 12 1128
4 15 7 3 1360
4 15 7 5 824
4 15 7 12 1362
4 6 8 3 420
4 6 8 10 964
4 6 8 12 824
4 9 8 3 552
4 9 8 10 96
4 9 8 12 368
4 10 8 3 872
4 10 8 10 800
4 10 8 12 368
4 12 8 3 250
4 12 8 10 726
4 12 8 12 424
4 15 8 3 184
4 15 8 10 1410
4 15 8 12 650
4 6 9 2 350
4 6 9 11 748
4 6 9 13 314
4 9 9 2 594
4 9 9 11 452
4 9 9 13 1012
4 10 9 2 252
4 10 9 11 378
4 10 9 13 390
4 12 9 2 472
4 12 9 11 684
4 12 9 13 80
4 15 9 2 60
4 15 9 11 870
4 15 9 13 104
4 6 10 1 526
4 6 10 8 1214
4 6 10 14 614
4 9 10 1 1286
4 9 10 8 456
4 9 10 14 16
4 10 10 1 324
4 10 10 8 778
4 10 10 14 1130
4 12 10 1 1378
4 12 10 8 32
4 12 10 14 44
4 15 10 1 938
4 15 10 8 514
4 15 10 14 216
4 6 11 0 154
4 6 11 9 1336
4 6 11 15 552
4 9 11 0 1168
4 9 11 9 1810
4 9 11 15 864
4 10 11 0 1730
4 10 11 9 750
4 10 11 15 326
4 12 11 0 1432
4 12 11 9 1110
4 12 11 15 134
4 15 11 0 640
4 15 11 9 574
4 15 11 15 12
4 6 12 7 494
4 6 12 8 140
4 6 12 14 890
4 9 12 7 554
4 9 12 8 384
4 9 12 14 228
4 10 12 7 574
4 10 12 8 100
4 10 12 14 1010
4 12 12 7 624
4 12 12 8 314
4 12 12 14 78
4 15 12 7 194
4 15 12 8 266
4 15 12 14 480
4 6 13 6 64
4 6 13 9 508
4 6 13 15 912
4 9 13 6 44
4 9 13 9 206
4 9 13 15 1668
4 10 13 6 26
4 10 13 9 862
4 10 13 15 670
4 12 13 6 1212
4 12 13 9 754
4 12 13 15 300
4 15 13 6 1192
4 15 13 9 676
4 15 13 15 322
4 6 14 5 1514
4 6 14 10 1346
4 6 14 12 284
4 9 14 5 1204
4 9 14 10 508
4 9 14 12 352
4 10 14 5 544
4 10 14 10 84
4 10 14 12 264
4 12 14 5 506
4 12 14 10 562
4 12 14 12 288
4 15 14 5 590
4 15 14 10 564
4 15 14 12 1064
4 6 15 4 148
4 6 15 11 372
4 6 15 13 244
4 9 15 4 110
4 9 15 11 12
4 9 15 13 150
4 10 15 4 458
4 10 15 11 472
4 10 15 13 1062
4 12 15 4 424
4 12 15 11 580
4 12 15 13 820
4 15 15 4 1524
4 15 15 11 552
4 15 15 13 222
5 7 0 2 98
5 7 0 4 92
5 7 0 11 1206
5 8 0 2 1120
5 8 0 4 234
5 8 0 11 1128
5 11 0 2 848
5 11 0 4 1308
5 11 0 11 756
5 13 0 2 614
5 13 0 4 210
5 13 0 11 1332
5 14 0 2 386
5 14 0 4 182
5 14 0 11 200
5 7 1 3 612
5 7 1 5 1154
5 7 1 10 1032
5 8 1 3 36
5 8 1 5 1010
5 8 1 10 2056
5 11 1 3 214
5 11 1 5 972
5 11 1 10 442
5 13 1 3 2
5 13 1 5 242
5 13 1 10 406
5 14 1 3 326
5 14 1 5 190
5 14 1 10 1338
5 7 2 0 1404
5 7 2 6 1508
5 7 2 9 180
5 8 2 0 816
5 8 2 6 1392
5 8 2 9 1132
5 11 2 0 620
5 11 2 6 316
5 11 2 9 754
5 13 2 0 416
5 13 2 6 370
5 13 2 9 96
5 14 2 0 806
5 14 2 6 1628
5 14 2 9 510
5 7 3 1 1852
5 7 3 7 1870
5 7 3 8 426
5 8 3 1 322
5 8 3 7 876
5 8 3 8 1310
5 11 3 1 206
5 11 3 7 220
5 11 3 8 568
5 13 3 1 744
5 13 3 7 1116
5 13 3 8 788
5 14 3 1 1086
5 14 3 7 60
5 14 3 8 928
5 7 4 0 114
5 7 4 6 128
5 7 4 15 232
5 8 4 0 16
5 8 4 6 256
5 8 4 15 82
5 11 4 0 310
5 11 4 6 1140
5 11 4 15 968
5 13 4 0 184
5 13 4 6 560
5 13 4 15 874
5 14 4 0 646
5 14 4 6 1044
5 14 4 15 244
5 7 5 1 620
5 7 5 7 1132
5 7 5 14 110
5 8 5 1 346
5 8 5 7 1022
5 8 5 14 316
5 11 5 1 1362
5 11 5 7 1396
5 11 5 14 98
5 13 5 1 274
5 13 5 7 782
5 13 5 14 724
5 14 5 1 846
5 14 5 7 208
5 14 5 14 774
5 7 6 2 420
5 7 6 4 18
5 7 6 13 974
5 8 6 2 632
5 8 6 4 462
5 8 6 13 422
5 11 6 2 1074
5 11 6 4 84
5 11 6 13 1390
5 13 6 2 1080
5 13 6 4 1236
5 13 6 13 56
5 14 6 2 1110
5 14 6 4 114
5 14 6 13 70
5 7 7 3 426
5 7 7 5 660
5 7 7 12 710
5 8 7 3 188
5 8 7 5 102
5 8 7 12 266
5 11 7 3 468
5 11 7 5 1330
5 11 7 12 1882
5 13 7 3 480
5 13 7 5 410
5 13 7 12 624
5 14 7 3 320
5 14 7 5 452
5 14 7 12 612
5 7 8 3 810
5 7 8 10 436
5 7 8 12 208
5 8 8 3 852
5 8 8 10 872
5 8 8 12 254
5 11 8 3 402
5 11 8 10 540
5 11 8 12 830
5 13 8 3 620
5 13 8 10 276
5 13 8 12 1416
5 14 8 3 458
5 14 8 10 658
5 14 8 12 236
5 7 9 2 822
5 7 9 11 670
5 7 9 13 488
5 8 9 2 686
5 8 9 11 250
5 8 9 13 770
5 11 9 2 214
5 11 9 11 260
5 11 9 13 840
5 13 9 2 932
5 13 9 11 136
5 13 9 13 178
5 14 9 2 560
5 14 9 11 602
5 14 9 13 540
5 7 10 1 402
5 7 10 8 816
5 7 10 14 418
5 8 10 1 720
5 8 10 8 396
5 8 10 14 810
5 11 10 1 1322
5 11 10 8 552
5 11 10 14 156
5 13 10 1 700
5 13 10 8 8
5 13 10 14 1490
5 14 10 1 550
5 14 10 8 520
5 14 10 14 286
5 7 11 0 634
5 7 11 9 688
5 7 11 15 612
5 8 11 0 20
5 8 11 9 630
5 8 11 15 268
5 11 11 0 144
5 11 11 9 582
5 11 11 15 872
5 13 11 0 1128
5 13 11 9 130
5 13 11 15 490
5 14 11 0 498
5 14 11 9 348
5 14 11 15 272
5 7 12 7 244
5 7 12 8 624
5 7 12 14 16
5 8 12 7 1138
5 8 12 8 138
5 8 12 14 1348
5 11 12 7 416
5 11 12 8 304
5 11 12 14 1472
5 13 12 7 278
5 13 12 8 1114
5 13 12 14 382
5 14 12 7 444
5 14 12 8 294
5 14 12 14 162
5 7 13 6 710
5 7 13 9 872
5 7 13 15 1036
5 8 13 6 576
5 8 13 9 282
5 8 13 15 512
5 11 13 6 1950
5 11 13 9 688
5 11 13 15 996
5 13 13 6 410
5 13 13 9 600
5 13 13 15 442
5 14 13 6 182
5 14 13 9 674
5 14 13 15 96
5 7 14 5 728
5 7 14 10 126
5 7 14 12 618
5 8 14 5 262
5 8 14 10 886
5 8 14 12 168
5 11 14 5 1042
5 11 14 10 746
5 11 14 12 1656
5 13 14 5 436
5 13 14 10 1140
5 13 14 12 280
5 14 14 5 806
5 14 14 10 42
5 14 14 12 630
5 7 15 4 754
5 7 15 11 624
5 7 15 13 594
5 8 15 4 162
5 8 15 11 1006
5 8 15 13 772
5 11 15 4 402
5 11 15 11 756
5 11 15 13 654
5 13 15 4 1318
5 13 15 11 162
5 13 15 13 158
5 14 15 4 624
5 14 15 11 48
5 14 15 13 860
6 8 0 2 566
6 8 0 4 288
6 8 0 11 372
6 11 0 2 386
6 11 0 4 238
6 11 0 11 1484
6 13 0 2 880
6 13 0 4 38
6 13 0 11 50
6 14 0 2 202
6 14 0 4 898
6 14 0 11 300
6 8 1 3 704
6 8 1 5 188
6 8 1 10 510
6 11 1 3 324
6 11 1 5 776
6 11 1 10 694
6 13 1 3 812
6 13 1 5 202
6 13 1 10 358
6 14 1 3 508
6 14 1 5 1468
6 14 1 10 1020
6 8 2 0 48
6 8 2 6 344
6 8 2 9 968
6 11 2 0 124
6 11 2 6 222
6 11 2 9 1100
6 13 2 0 36
6 13 2 6 10
6 13 2 9 32
6 14 2 0 618
6 14 2 6 224
6 14 2 9 892
6 8 3 1 842
6 8 3 7 988
6 8 3 8 498
6 11 3 1 976
6 11 3 7 260
6 11 3 8 822
6 13 3 1 308
6 13 3 7 130
6 13 3 8 1122
6 14 3 1 38
6 14 3 7 82
6 14 3 8 1574
6 8 4 0 1032
6 8 4 6 870
6 8 4 15 134
6 11 4 0 154
6 11 4 6 286
6 11 4 15 76
6 13 4 0 314
6 13 4 6 760
6 13 4 15 1262
6 14 4 0 660
6 14 4 6 248
6 14 4 15 198
6 8 5 1 642
6 8 5 7 1046
6 8 5 14 896
6 11 5 1 126
6 11 5 7 554
6 11 5 14 524
6 13 5 1 328
6 13 5 7 342
6 13 5 14 634
6 14 5 1 32
6 14 5 7 846
6 14 5 14 426
6 8 6 2 916
6 8 6 4 276
6 8 6 13 100
6 11 6 2 1908
6 11 6 4 276
6 11 6 13 10
6 13 6 2 398
6 13 6 4 1050
6 13 6 13 876
6 14 6 2 1120
6 14 6 4 274
6 14 6 13 1010
6 8 7 3 404
6 8 7 5 720
6 8 7 12 804
6 11 7 3 996
6 11 7 5 334
6 11 7 12 550
6 13 7 3 612
6 13 7 5 576
6 13 7 12 596
6 14 7 3 764
6 14 7 5 456
6 14 7 12 254
6 8 8 3 1134
6 8 8 10 354
6 8 8 12 324
6 11 8 3 524
6 11 8 10 130
6 11 8 12 504
6 13 8 3 418
6 13 8 10 794
6 13 8 12 826
6 14 8 3 752
6 14 8 10 742
6 14 8 12 1014
6 8 9 2 856
6 8 9 11 1634
6 8 9 13 602
6 11 9 2 1206
6 11 9 11 1508
6 11 9 13 438
6 13 9 2 82
6 13 9 11 772
6 13 9 13 32
6 14 9 2 1324
6 14 9 11 458
6 14 9 13 4
6 8 10 1 1026
6 8 10 8 1542
6 8 10 14 200
6 11 10 1 824
6 11 10 8 378
6 11 10 14 722
6 13 10 1 342
6 13 10 8 720
6 13 10 14 176
6 14 10 1 850
6 14 10 8 536
6 14 10 14 1522
6 8 11 0 16
6 8 11 9 566
6 8 11 15 610
6 11 11 0 1970
6 11 11 9 888
6 11 11 15 164
6 13 11 0 642
6 13 11 9 10
6 13 11 15 520
6 14 11 0 412
6 14 11 9 100
6 14 11 15 656
6 8 12 7 520
6 8 12 8 726
6 8 12 14 594
6 11 12 7 152
6 11 12 8 68
6 11 12 14 1554
6 13 12 7 804
6 13 12 8 764
6 13 12 14 1024
6 14 12 7 18
6 14 12 8 400
6 14 12 14 478
6 8 13 6 588
6 8 13 9 38
6 8 13 15 18
6 11 13 6 1244
6 11 13 9 436
6 11 13 15 160
6 13 13 6 202
6 13 13 9 1040
6 13 13 15 552
6 14 13 6 1114
6 14 13 9 514
6 14 13 15 52
6 8 14 5 648
6 8 14 10 780
6 8 14 12 762
6 11 14 5 342
6 11 14 10 1540
6 11 14 12 138
6 13 14 5 310
6 13 14 10 892
6 13 14 12 1130
6 14 14 5 82
6 14 14 10 18
6 14 14 12 158
6 8 15 4 912
6 8 15 11 352
6 8 15 13 910
6 11 15 4 16
6 11 15 11 960
6 11 15 13 1622
6 13 15 4 262
6 13 15 11 1160
6 13 15 13 904
6 14 15 4 794
6 14 15 11 454
6 14 15 13 804
7 9 0 2 486
7 9 0 4 218
7 9 0 11 1268
7 10 0 2 108
7 10 0 4 272
7 10 0 11 1114
7 12 0 2 420
7 12 0 4 878
7 12 0 11 12
7 15 0 2 826
7 15 0 4 670
7 15 0 11 122
7 9 1 3 1002
7 9 1 5 20
7 9 1 10 398
7 10 1 3 244
7 10 1 5 316
7 10 1 10 1042
7 12 1 3 220
7 12 1 5 1138
7 12 1 10 388
7 15 1 3 296
7 15 1 5 1124
7 15 1 10 238
7 9 2 0 1576
7 9 2 6 672
7 9 2 9 140
7 10 2 0 310
7 10 2 6 660
7 10 2 9 58
7 12 2 0 384
7 12 2 6 560
7 12 2 9 196
7 15 2 0 1022
7 15 2 6 494
7 15 2 9 190
7 9 3 1 162
7 9 3 7 924
7 9 3 8 538
7 10 3 1 228
7 10 3 7 110
7 10 3 8 532
7 12 3 1 44
7 12 3 7 196
7 12 3 8 520
7 15 3 1 1020
7 15 3 7 594
7 15 3 8 64
7 9 4 0 2190
7 9 4 6 72
7 9 4 15 698
7 10 4 0 422
7 10 4 6 782
7 10 4 15 376
7 12 4 0 448
7 12 4 6 836
7 12 4 15 476
7 15 4 0 500
7 15 4 6 86
7 15 4 15 1310
7 9 5 1 338
7 9 5 7 192
7 9 5 14 2
7 10 5 1 604
7 10 5 7 118
7 10 5 14 402
7 12 5 1 678
7 12 5 7 24
7 12 5 14 794
7 15 5 1 1134
7 15 5 7 130
7 15 5 14 1142
7 9 6 2 1766
7 9 6 4 392
7 9 6 13 302
7 10 6 2 430
7 10 6 4 672
7 10 6 13 580
7 12 6 2 54
7 12 6 4 420
7 12 6 13 1322
7 15 6 2 1156
7 15 6 4 42
7 15 6 13 404
7 9 7 3 296
7 9 7 5 564
7 9 7 12 70
7 10 7 3 684
7 10 7 5 226
7 10 7 12 98
7 12 7 3 1274
7 12 7 5 472
7 12 7 12 204
7 15 7 3 902
7 15 7 5 598
7 15 7 12 840
7 9 8 3 194
7 9 8 10 904
7 9 8 12 554
7 10 8 3 798
7 10 8 10 606
7 10 8 12 500
7 12 8 3 264
7 12 8 10 292
7 12 8 12 126
7 15 8 3 252
7 15 8 10 1248
7 15 8 12 356
7 9 9 2 116
7 9 9 11 840
7 9 9 13 544
7 10 9 2 1122
7 10 9 11 96
7 10 9 13 284
7 12 9 2 58
7 12 9 11 636
7 12 9 13 222
7 15 9 2 278
7 15 9 11 498
7 15 9 13 1336
7 9 10 1 378
7 9 10 8 2406
7 9 10 14 582
7 10 10 1 40
7 10 10 8 268
7 10 10 14 12
7 12 10 1 1454
7 12 10 8 672
7 12 10 14 742
7 15 10 1 548
7 15 10 8 126
7 15 10 14 950
7 9 11 0 304
7 9 11 9 396
7 9 11 15 134
7 10 11 0 82
7 10 11 9 414
7 10 11 15 234
7 12 11 0 4
7 12 11 9 450
7 12 11 15 108
7 15 11 0 34
7 15 11 9 134
7 15 11 15 568
7 9 12 7 220
7 9 12 8 704
7 9 12 14 204
7 10 12 7 66
7 10 12 8 878
7 10 12 14 588
7 12 12 7 526
7 12 12 8 480
7 12 12 14 122
7 15 12 7 752
7 15 12 8 882
7 15 12 14 338
7 9 13 6 34
7 9 13 9 854
7 9 13 15 870
7 10 13 6 390
7 10 13 9 810
7 10 13 15 802
7 12 13 6 816
7 12 13 9 588
7 12 13 15 108
7 15 13 6 876
7 15 13 9 428
7 15 13 15 474
7 9 14 5 692
7 9 14 10 118
7 9 14 12 468
7 10 14 5 736
7 10 14 10 32
7 10 14 12 768
7 12 14 5 386
7 12 14 10 414
7 12 14 12 840
7 15 14 5 320
7 15 14 10 498
7 15 14 12 854
7 9 15 4 356
7 9 15 11 92
7 9 15 13 420
7 10 15 4 36
7 10 15 11 364
7 10 15 13 218
7 12 15 4 898
7 12 15 11 1396
7 12 15 13 1398
7 15 15 4 128
7 15 15 11 812
7 15 15 13 1094
8 10 0 2 462
8 10 0 4 1134
8 10 0 11 532
8 12 0 2 80
8 12 0 4 776
8 12 0 11 4
8 10 1 3 54
8 10 1 5 1790
8 10 1 10 310
8 12 1 3 696
8 12 1 5 980
8 12 1 10 762
8 10 2 0 446
8 10 2 6 1212
8 10 2 9 620
8 12 2 0 378
8 12 2 6 204
8 12 2 9 988
8 10 3 1 170
8 10 3 7 210
8 10 3 8 34
8 12 3 1 354
8 12 3 7 150
8 12 3 8 392
8 10 4 0 756
8 10 4 6 96
8 10 4 15 58
8 12 4 0 110
8 12 4 6 266
8 12 4 15 4
8 10 5 1 240
8 10 5 7 520
8 10 5 14 128
8 12 5 1 378
8 12 5 7 336
8 12 5 14 1052
8 10 6 2 324
8 10 6 4 58
8 10 6 13 712
8 12 6 2 106
8 12 6 4 1510
8 12 6 13 90
8 10 7 3 468
8 10 7 5 314
8 10 7 12 890
8 12 7 3 802
8 12 7 5 726
8 12 7 12 168
8 10 8 3 238
8 10 8 10 212
8 10 8 12 236
8 12 8 3 394
8 12 8 10 866
8 12 8 12 66
8 10 9 2 1724
8 10 9 11 104
8 10 9 13 762
8 12 9 2 166
8 12 9 11 286
8 12 9 13 744
8 10 10 1 270
8 10 10 8 350
8 10 10 14 304
8 12 10 1 494
8 12 10 8 1668
8 12 10 14 192
8 10 11 0 118
8 10 11 9 120
8 10 11 15 1110
8 12 11 0 746
8 12 11 9 622
8 12 11 15 690
8 10 12 7 210
8 10 12 8 1032
8 10 12 14 538
8 12 12 7 154
8 12 12 8 964
8 12 12 14 1830
8 10 13 6 172
8 10 13 9 172
8 10 13 15 108
8 12 13 6 1140
8 12 13 9 298
8 12 13 15 204
8 10 14 5 548
8 10 14 10 2188
8 10 14 12 202
8 12 14 5 826
8 12 14 10 198
8 12 14 12 380
8 10 15 4 372
8 10 15 11 66
8 10 15 13 6
8 12 15 4 1228
8 12 15 11 1082
8 12 15 13 24
9 11 0 2 546
9 11 0 4 540
9 11 0 11 964
9 13 0 2 92
9 13 0 4 898
9 13 0 11 282
9 11 1 3 1782
9 11 1 5 180
9 11 1 10 412
9 13 1 3 564
9 13 1 5 890
9 13 1 10 398
9 11 2 0 298
9 11 2 6 180
9 11 2 9 1816
9 13 2 0 910
9 13 2 6 408
9 13 2 9 210
9 11 3 1 88
9 11 3 7 774
9 11 3 8 1102
9 13 3 1 874
9 13 3 7 954
9 13 3 8 852
9 11 4 0 248
9 11 4 6 32
9 11 4 15 368
9 13 4 0 68
9 13 4 6 1006
9 13 4 15 1154
9 11 5 1 196
9 11 5 7 652
9 11 5 14 964
9 13 5 1 1166
9 13 5 7 106
9 13 5 14 264
9 11 6 2 300
9 11 6 4 682
9 11 6 13 126
9 13 6 2 732
9 13 6 4 434
9 13 6 13 570
9 11 7 3 738
9 11 7 5 944
9 11 7 12 270
9 13 7 3 724
9 13 7 5 1376
9 13 7 12 136
9 11 8 3 184
9 11 8 10 218
9 11 8 12 636
9 13 8 3 994
9 13 8 10 392
9 13 8 12 238
9 11 9 2 652
9 11 9 11 382
9 11 9 13 698
9 13 9 2 16
9 13 9 11 686
9 13 9 13 436
9 11 10 1 190
9 11 10 8 436
9 11 10 14 548
9 13 10 1 940
9 13 10 8 190
9 13 10 14 736
9 11 11 0 424
9 11 11 9 728
9 11 11 15 748
9 13 11 0 390
9 13 11 9 32
9 13 11 15 518
9 11 12 7 1118
9 11 12 8 158
9 11 12 14 424
9 13 12 7 654
9 13 12 8 350
9 13 12 14 482
9 11 13 6 622
9 11 13 9 132
9 11 13 15 1064
9 13 13 6 1272
9 13 13 9 1016
9 13 13 15 310
9 11 14 5 1170
9 11 14 10 584
9 11 14 12 1410
9 13 14 5 698
9 13 14 10 14
9 13 14 12 1888
9 11 15 4 690
9 11 15 11 238
9 11 15 13 322
9 13 15 4 210
9 13 15 11 244
9 13 15 13 448
10 14 0 2 14
10 14 0 4 48
10 14 0 11 178
10 14 1 3 52
10 14 1 5 728
10 14 1 10 886
10 14 2 0 154
10 14 2 6 482
10 14 2 9 1142
10 14 3 1 1112
10 14 3 7 594
10 14 3 8 490
10 14 4 0 442
10 14 4 6 308
10 14 4 15 420
10 14 5 1 404
10 14 5 7 458
10 14 5 14 266
10 14 6 2 614
10 14 6 4 262
10 14 6 13 260
10 14 7 3 434
10 14 7 5 728
10 14 7 12 648
10 14 8 3 698
10 14 8 10 462
10 14 8 12 1484
10 14 9 2 492
10 14 9 11 1472
10 14 9 13 678
10 14 10 1 1290
10 14 10 8 254
10 14 10 14 1326
10 14 11 0 200
10 14 11 9 1168
10 14 11 15 210
10 14 12 7 732
10 14 12 8 12
10 14 12 14 218
10 14 13 6 8
10 14 13 9 392
10 14 13 15 886
10 14 14 5 80
10 14 14 10 430
10 14 14 12 486
10 14 15 4 240
10 14 15 11 562
10 14 15 13 470
11 15 0 2 522
11 15 0 4 560
11 15 0 11 1292
11 15 1 3 436
11 15 1 5 1212
11 15 1 10 974
11 15 2 0 318
11 15 2 6 260
11 15 2 9 1252
11 15 3 1 506
11 15 3 7 392
11 15 3 8 614
11 15 4 0 636
11 15 4 6 376
11 15 4 15 308
11 15 5 1 598
11 15 5 7 406
11 15 5 14 342
11 15 6 2 242
11 15 6 4 74
11 15 6 13 330
11 15 7 3 406
11 15 7 5 456
11 15 7 12 1866
11 15 8 3 876
11 15 8 10 1228
11 15 8 12 622
11 15 9 2 138
11 15 9 11 4
11 15 9 13 1910
11 15 10 1 998
11 15 10 8 1344
11 15 10 14 920
11 15 11 0 4
11 15 11 9 328
11 15 11 15 552
11 15 12 7 592
11 15 12 8 574
11 15 12 14 910
11 15 13 6 860
11 15 13 9 110
11 15 13 15 296
11 15 14 5 664
11 15 14 10 38
11 15 14 12 246
11 15 15 4 306
11 15 15 11 648
11 15 15 13 750
12 14 0 2 508
12 14 0 4 294
12 14 0 11 308
12 14 1 3 202
12 14 1 5 1206
12 14 1 10 80
12 14 2 0 8
12 14 2 6 446
12 14 2 9 800
12 14 3 1 340
12 14 3 7 810
12 14 3 8 938
12 14 4 0 1010
12 14 4 6 174
12 14 4 15 796
12 14 5 1 38
12 14 5 7 304
12 14 5 14 846
12 14 6 2 526
12 14 6 4 122
12 14 6 13 832
12 14 7 3 488
12 14 7 5 142
12 14 7 12 404
12 14 8 3 30
12 14 8 10 1060
12 14 8 12 1228
12 14 9 2 728
12 14 9 11 20
12 14 9 13 736
12 14 10 1 958
12 14 10 8 510
12 14 10 14 570
12 14 11 0 818
12 14 11 9 1088
12 14 11 15 1196
12 14 12 7 364
12 14 12 8 1118
12 14 12 14 454
12 14 13 6 480
12 14 13 9 408
12 14 13 15 740
12 14 14 5 1164
12 14 14 10 120
12 14 14 12 166
12 14 15 4 466
12 14 15 11 990
12 14 15 13 452
13 15 0 2 1404
13 15 0 4 204
13 15 0 11 70
13 15 1 3 286
13 15 1 5 14
13 15 1 10 872
13 15 2 0 8
13 15 2 6 672
13 15 2 9 202
13 15 3 1 182
13 15 3 7 642
13 15 3 8 60
13 15 4 0 484
13 15 4 6 176
13 15 4 15 156
13 15 5 1 1140
13 15 5 7 938
13 15 5 14 176
13 15 6 2 466
13 15 6 4 374
13 15 6 13 822
13 15 7 3 882
13 15 7 5 1310
13 15 7 12 334
13 15 8 3 514
13 15 8 10 738
13 15 8 12 466
13 15 9 2 1028
13 15 9 11 774
13 15 9 13 1328
13 15 10 1 1174
13 15 10 8 250
13 15 10 14 872
13 15 11 0 1680
13 15 11 9 1218
13 15 11 15 1904
13 15 12 7 1498
13 15 12 8 506
13 15 12 14 676
13 15 13 6 266
13 15 13 9 418
13 15 13 15 376
13 15 14 5 1068
13 15 14 10 326
13 15 14 12 292
13 15 15 4 280
13 15 15 11 342
13 15 15 13 6
