0 2 0 2 724
0 2 0 4 1984
0 2 0 11 708
0 4 0 2 540
0 4 0 4 748
0 4 0 11 362
0 8 0 2 624
0 8 0 4 250
0 8 0 11 772
0 11 0 2 10
0 11 0 4 480
0 11 0 11 1202
0 13 0 2 382
0 13 0 4 132
0 13 0 11 390
0 14 0 2 902
0 14 0 4 130
0 14 0 11 96
0 2 1 3 154
0 2 1 5 726
0 2 1 10 1076
0 4 1 3 746
0 4 1 5 1184
0 4 1 10 140
0 8 1 3 122
0 8 1 5 1210
0 8 1 10 984
0 11 1 3 1028
0 11 1 5 442
0 11 1 10 442
0 13 1 3 1876
0 13 1 5 14
0 13 1 10 476
0 14 1 3 84
0 14 1 5 230
0 14 1 10 352
0 2 2 0 436
0 2 2 6 1780
0 2 2 9 82
0 4 2 0 640
0 4 2 6 1130
0 4 2 9 1550
0 8 2 0 508
0 8 2 6 942
0 8 2 9 1020
0 11 2 0 616
0 11 2 6 992
0 11 2 9 318
0 13 2 0 84
0 13 2 6 368
0 13 2 9 90
0 14 2 0 222
0 14 2 6 414
0 14 2 9 304
0 2 3 1 2
0 2 3 7 36
0 2 3 8 516
0 4 3 1 964
0 4 3 7 82
0 4 3 8 532
0 8 3 1 600
0 8 3 7 734
0 8 3 8 1478
0 11 3 1 832
0 11 3 7 628
0 11 3 8 6
0 13 3 1 854
0 13 3 7 756
0 13 3 8 1030
0 14 3 1 74
0 14 3 7 744
0 14 3 8 156
0 2 4 0 714
0 2 4 6 324
0 2 4 15 720
0 4 4 0 664
0 4 4 6 432
0 4 4 15 106
0 8 4 0 378
0 8 4 6 1130
0 8 4 15 214
0 11 4 0 484
0 11 4 6 1340
0 11 4 15 1028
0 13 4 0 844
0 13 4 6 896
0 13 4 15 356
0 14 4 0 378
0 14 4 6 488
0 14 4 15 930
0 2 5 1 334
0 2 5 7 384
0 2 5 14 1260
0 4 5 1 80
0 4 5 7 550
0 4 5 14 196
0 8 5 1 1214
0 8 5 7 88
0 8 5 14 38
0 11 5 1 824
0 11 5 7 450
0 11 5 14 102
0 13 5 1 674
0 13 5 7 96
0 13 5 14 430
0 14 5 1 342
0 14 5 7 134
0 14 5 14 704
0 2 6 2 536
0 2 6 4 1650
0 2 6 13 170
0 4 6 2 72
0 4 6 4 2090
0 4 6 13 608
0 8 6 2 1442
0 8 6 4 54
0 8 6 13 906
0 11 6 2 534
0 11 6 4 1832
0 11 6 13 866
0 13 6 2 16
0 13 6 4 690
0 13 6 13 724
0 14 6 2 998
0 14 6 4 604
0 14 6 13 762
0 2 7 3 32
0 2 7 5 746
0 2 7 12 1096
0 4 7 3 180
0 4 7 5 1368
0 4 7 12 234
0 8 7 3 62
0 8 7 5 750
0 8 7 12 856
0 11 7 3 1068
0 11 7 5 18
0 11 7 12 148
0 13 7 3 280
0 13 7 5 300
0 13 7 12 734
0 14 7 3 708
0 14 7 5 1244
0 14 7 12 360
0 2 8 3 562
0 2 8 10 12
0 2 8 12 618
0 4 8 3 1338
0 4 8 10 830
0 4 8 12 1570
0 8 8 3 1500
0 8 8 10 524
0 8 8 12 100
0 11 8 3 358
0 11 8 10 516
0 11 8 12 1248
0 13 8 3 780
0 13 8 10 500
0 13 8 12 440
0 14 8 3 58
0 14 8 10 1014
0 14 8 12 252
0 2 9 2 404
0 2 9 11 36
0 2 9 13 50
0 4 9 2 1660
0 4 9 11 534
0 4 9 13 322
0 8 9 2 494
0 8 9 11 622
0 8 9 13 2144
0 11 9 2 654
0 11 9 11 1438
0 11 9 13 874
0 13 9 2 282
0 13 9 11 476
0 13 9 13 54
0 14 9 2 716
0 14 9 11 28
0 14 9 13 484
0 2 10 1 254
0 2 10 8 36
0 2 10 14 98
0 4 10 1 1620
0 4 10 8 1142
0 4 10 14 474
0 8 10 1 62
0 8 10 8 422
0 8 10 14 510
0 11 10 1 518
0 11 10 8 72
0 11 10 14 56
0 13 10 1 728
0 13 10 8 1744
0 13 10 14 2
0 14 10 1 1250
0 14 10 8 540
0 14 10 14 1160
0 2 11 0 2610
0 2 11 9 106
0 2 11 15 294
0 4 11 0 1446
0 4 11 9 854
0 4 11 15 446
0 8 11 0 256
0 8 11 9 722
0 8 11 15 328
0 11 11 0 1370
0 11 11 9 368
0 11 11 15 188
0 13 11 0 642
0 13 11 9 810
0 13 11 15 1078
0 14 11 0 192
0 14 11 9 1342
0 14 11 15 1102
0 2 12 7 664
0 2 12 8 602
0 2 12 14 254
0 4 12 7 208
0 4 12 8 120
0 4 12 14 196
0 8 12 7 792
0 8 12 8 750
0 8 12 14 78
0 11 12 7 864
0 11 12 8 1126
0 11 12 14 364
0 13 12 7 1282
0 13 12 8 668
0 13 12 14 208
0 14 12 7 458
0 14 12 8 372
0 14 12 14 1076
0 2 13 6 696
0 2 13 9 238
0 2 13 15 924
0 4 13 6 764
0 4 13 9 288
0 4 13 15 116
0 8 13 6 552
0 8 13 9 1492
0 8 13 15 600
0 11 13 6 312
0 11 13 9 770
0 11 13 15 824
0 13 13 6 22
0 13 13 9 124
0 13 13 15 944
0 14 13 6 836
0 14 13 9 1184
0 14 13 15 866
0 2 14 5 762
0 2 14 10 206
0 2 14 12 598
0 4 14 5 666
0 4 14 10 646
0 4 14 12 134
0 8 14 5 2118
0 8 14 10 218
0 8 14 12 512
0 11 14 5 676
0 11 14 10 326
0 11 14 12 154
0 13 14 5 250
0 13 14 10 462
0 13 14 12 1048
0 14 14 5 1046
0 14 14 10 880
0 14 14 12 1104
0 2 15 4 240
0 2 15 11 22
0 2 15 13 502
0 4 15 4 726
0 4 15 11 958
0 4 15 13 326
0 8 15 4 1092
0 8 15 11 1788
0 8 15 13 180
0 11 15 4 1766
0 11 15 11 416
0 11 15 13 450
0 13 15 4 606
0 13 15 11 954
0 13 15 13 100
0 14 15 4 72
0 14 15 11 88
0 14 15 13 310
1 3 0 2 90
1 3 0 4 448
1 3 0 11 280
1 5 0 2 238
1 5 0 4 984
1 5 0 11 788
1 9 0 2 246
1 9 0 4 124
1 9 0 11 816
1 10 0 2 760
1 10 0 4 442
1 10 0 11 692
1 12 0 2 240
1 12 0 4 526
1 12 0 11 56
1 15 0 2 368
1 15 0 4 400
1 15 0 11 590
1 3 1 3 1706
1 3 1 5 512
1 3 1 10 438
1 5 1 3 390
1 5 1 5 712
1 5 1 10 876
1 9 1 3 110
1 9 1 5 198
1 9 1 10 858
1 10 1 3 94
1 10 1 5 288
1 10 1 10 414
1 12 1 3 534
1 12 1 5 300
1 12 1 10 532
1 15 1 3 148
1 15 1 5 214
1 15 1 10 254
1 3 2 0 540
1 3 2 6 104
1 3 2 9 928
1 5 2 0 570
1 5 2 6 68
1 5 2 9 1066
1 9 2 0 1108
1 9 2 6 500
1 9 2 9 242
1 10 2 0 136
1 10 2 6 222
1 10 2 9 234
1 12 2 0 232
1 12 2 6 1018
1 12 2 9 792
1 15 2 0 476
1 15 2 6 720
1 15 2 9 32
1 3 3 1 1612
1 3 3 7 800
1 3 3 8 290
1 5 3 1 98
1 5 3 7 94
1 5 3 8 660
1 9 3 1 824
1 9 3 7 64
1 9 3 8 510
1 10 3 1 1056
1 10 3 7 820
1 10 3 8 1044
1 12 3 1 1004
1 12 3 7 1200
1 12 3 8 726
1 15 3 1 1240
1 15 3 7 44
1 15 3 8 782
1 3 4 0 1146
1 3 4 6 1204
1 3 4 15 984
1 5 4 0 136
1 5 4 6 1376
1 5 4 15 720
1 9 4 0 1586
1 9 4 6 1114
1 9 4 15 512
1 10 4 0 372
1 10 4 6 502
1 10 4 15 228
1 12 4 0 236
1 12 4 6 1824
1 12 4 15 2198
1 15 4 0 414
1 15 4 6 130
1 15 4 15 1218
1 3 5 1 454
1 3 5 7 44
1 3 5 14 588
1 5 5 1 380
1 5 5 7 584
1 5 5 14 142
1 9 5 1 418
1 9 5 7 386
1 9 5 14 8
1 10 5 1 38
1 10 5 7 504
1 10 5 14 596
1 12 5 1 428
1 12 5 7 980
1 12 5 14 768
1 15 5 1 352
1 15 5 7 414
1 15 5 14 494
1 3 6 2 364
1 3 6 4 440
1 3 6 13 848
1 5 6 2 1166
1 5 6 4 622
1 5 6 13 770
1 9 6 2 1272
1 9 6 4 1068
1 9 6 13 592
1 10 6 2 594
1 10 6 4 186
1 10 6 13 196
1 12 6 2 308
1 12 6 4 28
1 12 6 13 592
1 15 6 2 74
1 15 6 4 1028
1 15 6 13 1810
1 3 7 3 670
1 3 7 5 132
1 3 7 12 396
1 5 7 3 112
1 5 7 5 398
1 5 7 12 690
1 9 7 3 1190
1 9 7 5 96
1 9 7 12 480
1 10 7 3 552
1 10 7 5 462
1 10 7 12 1092
1 12 7 3 48
1 12 7 5 862
1 12 7 12 686
1 15 7 3 260
1 15 7 5 352
1 15 7 12 754
1 3 8 3 700
1 3 8 10 314
1 3 8 12 474
1 5 8 3 446
1 5 8 10 932
1 5 8 12 984
1 9 8 3 198
1 9 8 10 1026
1 9 8 12 532
1 10 8 3 84
1 10 8 10 748
1 10 8 12 446
1 12 8 3 704
1 12 8 10 770
1 12 8 12 1144
1 15 8 3 308
1 15 8 10 540
1 15 8 12 1168
1 3 9 2 390
1 3 9 11 470
1 3 9 13 1306
1 5 9 2 244
1 5 9 11 546
1 5 9 13 24
1 9 9 2 390
1 9 9 11 446
1 9 9 13 434
1 10 9 2 592
1 10 9 11 630
1 10 9 13 72
1 12 9 2 108
1 12 9 11 1014
1 12 9 13 1076
1 15 9 2 766
1 15 9 11 42
1 15 9 13 444
1 3 10 1 1248
1 3 10 8 270
1 3 10 14 540
1 5 10 1 136
1 5 10 8 472
1 5 10 14 672
1 9 10 1 488
1 9 10 8 756
1 9 10 14 344
1 10 10 1 600
1 10 10 8 2238
1 10 10 14 1996
1 12 10 1 118
1 12 10 8 226
1 12 10 14 54
1 15 10 1 1220
1 15 10 8 586
1 15 10 14 1596
1 3 11 0 1570
1 3 11 9 182
1 3 11 15 780
1 5 11 0 478
1 5 11 9 406
1 5 11 15 454
1 9 11 0 630
1 9 11 9 66
1 9 11 15 380
1 10 11 0 548
1 10 11 9 1360
1 10 11 15 402
1 12 11 0 288
1 12 11 9 156
1 12 11 15 842
1 15 11 0 1480
1 15 11 9 540
1 15 11 15 194
1 3 12 7 120
1 3 12 8 354
1 3 12 14 126
1 5 12 7 374
1 5 12 8 306
1 5 12 14 928
1 9 12 7 1086
1 9 12 8 414
1 9 12 14 882
1 10 12 7 26
1 10 12 8 636
1 10 12 14 1298
1 12 12 7 412
1 12 12 8 1066
1 12 12 14 1434
1 15 12 7 612
1 15 12 8 444
1 15 12 14 504
1 3 13 6 38
1 3 13 9 1040
1 3 13 15 2460
1 5 13 6 1550
1 5 13 9 414
1 5 13 15 578
1 9 13 6 1222
1 9 13 9 278
1 9 13 15 526
1 10 13 6 800
1 10 13 9 428
1 10 13 15 230
1 12 13 6 134
1 12 13 9 970
1 12 13 15 34
1 15 13 6 540
1 15 13 9 1030
1 15 13 15 2190
1 3 14 5 418
1 3 14 10 64
1 3 14 12 34
1 5 14 5 556
1 5 14 10 906
1 5 14 12 2
1 9 14 5 98
1 9 14 10 530
1 9 14 12 336
1 10 14 5 634
1 10 14 10 1590
1 10 14 12 312
1 12 14 5 710
1 12 14 10 60
1 12 14 12 458
1 15 14 5 750
1 15 14 10 596
1 15 14 12 68
1 3 15 4 1464
1 3 15 11 604
1 3 15 13 318
1 5 15 4 326
1 5 15 11 210
1 5 15 13 770
1 9 15 4 854
1 9 15 11 340
1 9 15 13 1862
1 10 15 4 928
1 10 15 11 62
1 10 15 13 216
1 12 15 4 1166
1 12 15 11 752
1 12 15 13 476
1 15 15 4 202
1 15 15 11 454
1 15 15 13 614
2 6 0 2 402
2 6 0 4 496
2 6 0 11 590
2 9 0 2 516
2 9 0 4 1010
2 9 0 11 224
2 10 0 2 172
2 10 0 4 30
2 10 0 11 928
2 12 0 2 984
2 12 0 4 20
2 12 0 11 1060
2 15 0 2 6
2 15 0 4 782
2 15 0 11 1448
2 6 1 3 478
2 6 1 5 76
2 6 1 10 724
2 9 1 3 94
2 9 1 5 492
2 9 1 10 882
2 10 1 3 466
2 10 1 5 956
2 10 1 10 1010
2 12 1 3 284
2 12 1 5 78
2 12 1 10 150
2 15 1 3 204
2 15 1 5 1160
2 15 1 10 110
2 6 2 0 1320
2 6 2 6 82
2 6 2 9 222
2 9 2 0 1172
2 9 2 6 96
2 9 2 9 320
2 10 2 0 944
2 10 2 6 1852
2 10 2 9 716
2 12 2 0 84
2 12 2 6 158
2 12 2 9 234
2 15 2 0 666
2 15 2 6 1678
2 15 2 9 838
2 6 3 1 1004
2 6 3 7 554
2 6 3 8 128
2 9 3 1 1296
2 9 3 7 1266
2 9 3 8 288
2 10 3 1 114
2 10 3 7 486
2 10 3 8 870
2 12 3 1 790
2 12 3 7 852
2 12 3 8 156
2 15 3 1 728
2 15 3 7 358
2 15 3 8 54
2 6 4 0 86
2 6 4 6 72
2 6 4 15 212
2 9 4 0 232
2 9 4 6 738
2 9 4 15 212
2 10 4 0 426
2 10 4 6 12
2 10 4 15 1460
2 12 4 0 514
2 12 4 6 1806
2 12 4 15 268
2 15 4 0 712
2 15 4 6 998
2 15 4 15 412
2 6 5 1 1782
2 6 5 7 796
2 6 5 14 1186
2 9 5 1 148
2 9 5 7 852
2 9 5 14 1054
2 10 5 1 1332
2 10 5 7 282
2 10 5 14 684
2 12 5 1 328
2 12 5 7 74
2 12 5 14 284
2 15 5 1 54
2 15 5 7 118
2 15 5 14 634
2 6 6 2 694
2 6 6 4 104
2 6 6 13 52
2 9 6 2 494
2 9 6 4 626
2 9 6 13 424
2 10 6 2 1048
2 10 6 4 460
2 10 6 13 402
2 12 6 2 88
2 12 6 4 364
2 12 6 13 236
2 15 6 2 1980
2 15 6 4 12
2 15 6 13 30
2 6 7 3 1234
2 6 7 5 976
2 6 7 12 230
2 9 7 3 954
2 9 7 5 226
2 9 7 12 870
2 10 7 3 1566
2 10 7 5 162
2 10 7 12 346
2 12 7 3 298
2 12 7 5 1092
2 12 7 12 1176
2 15 7 3 1072
2 15 7 5 72
2 15 7 12 116
2 6 8 3 572
2 6 8 10 14
2 6 8 12 1026
2 9 8 3 1054
2 9 8 10 1330
2 9 8 12 542
2 10 8 3 108
2 10 8 10 828
2 10 8 12 298
2 12 8 3 1138
2 12 8 10 190
2 12 8 12 1022
2 15 8 3 534
2 15 8 10 166
2 15 8 12 968
2 6 9 2 234
2 6 9 11 200
2 6 9 13 518
2 9 9 2 914
2 9 9 11 720
2 9 9 13 458
2 10 9 2 98
2 10 9 11 340
2 10 9 13 220
2 12 9 2 1148
2 12 9 11 922
2 12 9 13 1228
2 15 9 2 510
2 15 9 11 456
2 15 9 13 632
2 6 10 1 44
2 6 10 8 12
2 6 10 14 434
2 9 10 1 782
2 9 10 8 192
2 9 10 14 982
2 10 10 1 936
2 10 10 8 1328
2 10 10 14 528
2 12 10 1 1084
2 12 10 8 896
2 12 10 14 476
2 15 10 1 436
2 15 10 8 1112
2 15 10 14 546
2 6 11 0 1710
2 6 11 9 62
2 6 11 15 266
2 9 11 0 686
2 9 11 9 368
2 9 11 15 718
2 10 11 0 578
2 10 11 9 640
2 10 11 15 326
2 12 11 0 454
2 12 11 9 1716
2 12 11 15 212
2 15 11 0 1546
2 15 11 9 288
2 15 11 15 10
2 6 12 7 1068
2 6 12 8 420
2 6 12 14 1198
2 9 12 7 184
2 9 12 8 124
2 9 12 14 270
2 10 12 7 214
2 10 12 8 136
2 10 12 14 1362
2 12 12 7 106
2 12 12 8 936
2 12 12 14 596
2 15 12 7 166
2 15 12 8 64
2 15 12 14 434
2 6 13 6 782
2 6 13 9 1000
2 6 13 15 830
2 9 13 6 950
2 9 13 9 1118
2 9 13 15 742
2 10 13 6 460
2 10 13 9 1022
2 10 13 15 364
2 12 13 6 376
2 12 13 9 2452
2 12 13 15 1162
2 15 13 6 630
2 15 13 9 334
2 15 13 15 330
2 6 14 5 18
2 6 14 10 620
2 6 14 12 486
2 9 14 5 348
2 9 14 10 156
2 9 14 12 468
2 10 14 5 10
2 10 14 10 238
2 10 14 12 124
2 12 14 5 106
2 12 14 10 736
2 12 14 12 496
2 15 14 5 430
2 15 14 10 950
2 15 14 12 254
2 6 15 4 1452
2 6 15 11 390
2 6 15 13 1386
2 9 15 4 362
2 9 15 11 1748
2 9 15 13 524
2 10 15 4 1182
2 10 15 11 62
2 10 15 13 138
2 12 15 4 1382
2 12 15 11 434
2 12 15 13 194
2 15 15 4 838
2 15 15 11 2
2 15 15 13 334
3 7 0 2 420
3 7 0 4 126
3 7 0 11 418
3 8 0 2 902
3 8 0 4 1050
3 8 0 11 982
3 11 0 2 724
3 11 0 4 314
3 11 0 11 182
3 13 0 2 356
3 13 0 4 534
3 13 0 11 860
3 14 0 2 874
3 14 0 4 104
3 14 0 11 1154
3 7 1 3 20
3 7 1 5 184
3 7 1 10 82
3 8 1 3 898
3 8 1 5 266
3 8 1 10 992
3 11 1 3 238
3 11 1 5 410
3 11 1 10 234
3 13 1 3 326
3 13 1 5 628
3 13 1 10 68
3 14 1 3 182
3 14 1 5 216
3 14 1 10 1134
3 7 2 0 102
3 7 2 6 1264
3 7 2 9 498
3 8 2 0 136
3 8 2 6 86
3 8 2 9 140
3 11 2 0 1694
3 11 2 6 738
3 11 2 9 1072
3 13 2 0 1282
3 13 2 6 1028
3 13 2 9 532
3 14 2 0 58
3 14 2 6 1176
3 14 2 9 40
3 7 3 1 1130
3 7 3 7 146
3 7 3 8 312
3 8 3 1 220
3 8 3 7 1030
3 8 3 8 456
3 11 3 1 624
3 11 3 7 860
3 11 3 8 190
3 13 3 1 1280
3 13 3 7 920
3 13 3 8 716
3 14 3 1 480
3 14 3 7 238
3 14 3 8 1784
3 7 4 0 580
3 7 4 6 474
3 7 4 15 212
3 8 4 0 1028
3 8 4 6 1030
3 8 4 15 1006
3 11 4 0 756
3 11 4 6 586
3 11 4 15 772
3 13 4 0 1022
3 13 4 6 604
3 13 4 15 834
3 14 4 0 1336
3 14 4 6 28
3 14 4 15 914
3 7 5 1 1002
3 7 5 7 2056
3 7 5 14 582
3 8 5 1 202
3 8 5 7 1048
3 8 5 14 88
3 11 5 1 990
3 11 5 7 264
3 11 5 14 942
3 13 5 1 1094
3 13 5 7 510
3 13 5 14 860
3 14 5 1 1162
3 14 5 7 216
3 14 5 14 542
3 7 6 2 470
3 7 6 4 398
3 7 6 13 428
3 8 6 2 220
3 8 6 4 74
3 8 6 13 1638
3 11 6 2 324
3 11 6 4 258
3 11 6 13 186
3 13 6 2 1024
3 13 6 4 106
3 13 6 13 392
3 14 6 2 336
3 14 6 4 424
3 14 6 13 1442
3 7 7 3 508
3 7 7 5 836
3 7 7 12 868
3 8 7 3 312
3 8 7 5 1678
3 8 7 12 328
3 11 7 3 328
3 11 7 5 274
3 11 7 12 186
3 13 7 3 492
3 13 7 5 932
3 13 7 12 1268
3 14 7 3 728
3 14 7 5 926
3 14 7 12 216
3 7 8 3 50
3 7 8 10 1566
3 7 8 12 1714
3 8 8 3 242
3 8 8 10 174
3 8 8 12 236
3 11 8 3 408
3 11 8 10 516
3 11 8 12 1612
3 13 8 3 34
3 13 8 10 346
3 13 8 12 94
3 14 8 3 916
3 14 8 10 326
3 14 8 12 452
3 7 9 2 204
3 7 9 11 536
3 7 9 13 524
3 8 9 2 236
3 8 9 11 84
3 8 9 13 496
3 11 9 2 180
3 11 9 11 170
3 11 9 13 94
3 13 9 2 786
3 13 9 11 142
3 13 9 13 792
3 14 9 2 374
3 14 9 11 336
3 14 9 13 336
3 7 10 1 792
3 7 10 8 504
3 7 10 14 1586
3 8 10 1 990
3 8 10 8 158
3 8 10 14 572
3 11 10 1 790
3 11 10 8 1042
3 11 10 14 268
3 13 10 1 468
3 13 10 8 360
3 13 10 14 1022
3 14 10 1 386
3 14 10 8 210
3 14 10 14 138
3 7 11 0 1386
3 7 11 9 1354
3 7 11 15 672
3 8 11 0 338
3 8 11 9 30
3 8 11 15 230
3 11 11 0 540
3 11 11 9 820
3 11 11 15 1630
3 13 11 0 300
3 13 11 9 1246
3 13 11 15 126
3 14 11 0 1422
3 14 11 9 4
3 14 11 15 512
3 7 12 7 138
3 7 12 8 446
3 7 12 14 164
3 8 12 7 598
3 8 12 8 594
3 8 12 14 976
3 11 12 7 1236
3 11 12 8 864
3 11 12 14 954
3 13 12 7 354
3 13 12 8 46
3 13 12 14 98
3 14 12 7 1684
3 14 12 8 686
3 14 12 14 1320
3 7 13 6 26
3 7 13 9 374
3 7 13 15 954
3 8 13 6 1084
3 8 13 9 254
3 8 13 15 1000
3 11 13 6 22
3 11 13 9 718
3 11 13 15 808
3 13 13 6 506
3 13 13 9 696
3 13 13 15 172
3 14 13 6 64
3 14 13 9 822
3 14 13 15 376
3 7 14 5 430
3 7 14 10 768
3 7 14 12 14
3 8 14 5 1306
3 8 14 10 280
3 8 14 12 120
3 11 14 5 940
3 11 14 10 348
3 11 14 12 984
3 13 14 5 656
3 13 14 10 1116
3 13 14 12 132
3 14 14 5 404
3 14 14 10 650
3 14 14 12 308
3 7 15 4 1352
3 7 15 11 756
3 7 15 13 750
3 8 15 4 846
3 8 15 11 266
3 8 15 13 234
3 11 15 4 0
3 11 15 11 744
3 11 15 13 540
3 13 15 4 460
3 13 15 11 876
3 13 15 13 80
3 14 15 4 518
3 14 15 11 606
3 14 15 13 394
4 6 0 2 166
4 6 0 4 324
4 6 0 11 350
4 9 0 2 858
4 9 0 4 116
4 9 0 11 472
4 10 0 2 538
4 10 0 4 744
4 10 0 11 320
4 12 0 2 956
4 12 0 4 1112
4 12 0 11 616
4 15 0 2 1262
4 15 0 4 464
4 15 0 11 1050
4 6 1 3 1864
4 6 1 5 108
4 6 1 10 414
4 9 1 3 1360
4 9 1 5 44
4 9 1 10 196
4 10 1 3 428
4 10 1 5 666
4 10 1 10 300
4 12 1 3 224
4 12 1 5 860
4 12 1 10 122
4 15 1 3 162
4 15 1 5 100
4 15 1 10 1756
4 6 2 0 148
4 6 2 6 1114
4 6 2 9 86
4 9 2 0 428
4 9 2 6 2296
4 9 2 9 622
4 10 2 0 624
4 10 2 6 638
4 10 2 9 762
4 12 2 0 482
4 12 2 6 800
4 12 2 9 204
4 15 2 0 6
4 15 2 6 756
4 15 2 9 154
4 6 3 1 514
4 6 3 7 306
4 6 3 8 644
4 9 3 1 1314
4 9 3 7 844
4 9 3 8 390
4 10 3 1 134
4 10 3 7 1894
4 10 3 8 198
4 12 3 1 1012
4 12 3 7 1190
4 12 3 8 406
4 15 3 1 206
4 15 3 7 338
4 15 3 8 764
4 6 4 0 606
4 6 4 6 1278
4 6 4 15 702
4 9 4 0 298
4 9 4 6 352
4 9 4 15 458
4 10 4 0 314
4 10 4 6 254
4 10 4 15 734
4 12 4 0 364
4 12 4 6 900
4 12 4 15 704
4 15 4 0 802
4 15 4 6 188
4 15 4 15 104
4 6 5 1 576
4 6 5 7 68
4 6 5 14 912
4 9 5 1 1434
4 9 5 7 1418
4 9 5 14 1006
4 10 5 1 1548
4 10 5 7 1086
4 10 5 14 338
4 12 5 1 660
4 12 5 7 144
4 12 5 14 630
4 15 5 1 116
4 15 5 7 636
4 15 5 14 828
4 6 6 2 368
4 6 6 4 1014
4 6 6 13 854
4 9 6 2 626
4 9 6 4 332
4 9 6 13 390
4 10 6 2 676
4 10 6 4 268
4 10 6 13 814
4 12 6 2 140
4 12 6 4 856
4 12 6 13 1320
4 15 6 2 228
4 15 6 4 1372
4 15 6 13 208
4 6 7 3 1200
4 6 7 5 504
4 6 7 12 414
4 9 7 3 2202
4 9 7 5 44
4 9 7 12 706
4 10 7 3 358
4 10 7 5 320
4 10 7 12 466
4 12 7 3 1248
4 12 7 5 472
4 12 7 12 588
4 15 7 3 528
4 15 7 5 614
4 15 7 12 244
4 6 8 3 964
4 6 8 10 74
4 6 8 12 394
4 9 8 3 588
4 9 8 10 656
4 9 8 12 802
4 10 8 3 592
4 10 8 10 304
4 10 8 12 624
4 12 8 3 1548
4 12 8 10 990
4 12 8 12 810
4 15 8 3 1364
4 15 8 10 412
4 15 8 12 2206
4 6 9 2 1852
4 6 9 11 1670
4 6 9 13 274
4 9 9 2 662
4 9 9 11 754
4 9 9 13 274
4 10 9 2 210
4 10 9 11 480
4 10 9 13 878
4 12 9 2 66
4 12 9 11 40
4 12 9 13 388
4 15 9 2 700
4 15 9 11 176
4 15 9 13 86
4 6 10 1 514
4 6 10 8 834
4 6 10 14 1096
4 9 10 1 596
4 9 10 8 644
4 9 10 14 32
4 10 10 1 354
4 10 10 8 106
4 10 10 14 618
4 12 10 1 526
4 12 10 8 362
4 12 10 14 598
4 15 10 1 668
4 15 10 8 456
4 15 10 14 122
4 6 11 0 162
4 6 11 9 418
4 6 11 15 22
4 9 11 0 232
4 9 11 9 922
4 9 11 15 8
4 10 11 0 618
4 10 11 9 380
4 10 11 15 576
4 12 11 0 510
4 12 11 9 450
4 12 11 15 120
4 15 11 0 1262
4 15 11 9 894
4 15 11 15 286
4 6 12 7 688
4 6 12 8 270
4 6 12 14 836
4 9 12 7 916
4 9 12 8 1404
4 9 12 14 96
4 10 12 7 554
4 10 12 8 354
4 10 12 14 720
4 12 12 7 1332
4 12 12 8 584
4 12 12 14 772
4 15 12 7 362
4 15 12 8 600
4 15 12 14 496
4 6 13 6 870
4 6 13 9 370
4 6 13 15 978
4 9 13 6 22
4 9 13 9 54
4 9 13 15 236
4 10 13 6 370
4 10 13 9 1336
4 10 13 15 212
4 12 13 6 502
4 12 13 9 222
4 12 13 15 38
4 15 13 6 36
4 15 13 9 422
4 15 13 15 388
4 6 14 5 230
4 6 14 10 240
4 6 14 12 262
4 9 14 5 838
4 9 14 10 762
4 9 14 12 624
4 10 14 5 172
4 10 14 10 806
4 10 14 12 356
4 12 14 5 532
4 12 14 10 2
4 12 14 12 1032
4 15 14 5 608
4 15 14 10 28
4 15 14 12 332
4 6 15 4 770
4 6 15 11 482
4 6 15 13 538
4 9 15 4 332
4 9 15 11 592
4 9 15 13 344
4 10 15 4 886
4 10 15 11 346
4 10 15 13 352
4 12 15 4 1906
4 12 15 11 980
4 12 15 13 1256
4 15 15 4 916
4 15 15 11 384
4 15 15 13 266
5 7 0 2 264
5 7 0 4 522
5 7 0 11 1414
5 8 0 2 1412
5 8 0 4 688
5 8 0 11 40
5 11 0 2 46
5 11 0 4 342
5 11 0 11 824
5 13 0 2 106
5 13 0 4 568
5 13 0 11 2
5 14 0 2 954
5 14 0 4 130
5 14 0 11 436
5 7 1 3 1184
5 7 1 5 374
5 7 1 10 746
5 8 1 3 878
5 8 1 5 74
5 8 1 10 390
5 11 1 3 1298
5 11 1 5 1174
5 11 1 10 714
5 13 1 3 46
5 13 1 5 242
5 13 1 10 842
5 14 1 3 1144
5 14 1 5 1140
5 14 1 10 850
5 7 2 0 1618
5 7 2 6 1116
5 7 2 9 420
5 8 2 0 812
5 8 2 6 1422
5 8 2 9 224
5 11 2 0 1000
5 11 2 6 168
5 11 2 9 748
5 13 2 0 520
5 13 2 6 286
5 13 2 9 648
5 14 2 0 782
5 14 2 6 644
5 14 2 9 176
5 7 3 1 424
5 7 3 7 164
5 7 3 8 690
5 8 3 1 248
5 8 3 7 198
5 8 3 8 1298
5 11 3 1 508
5 11 3 7 20
5 11 3 8 622
5 13 3 1 812
5 13 3 7 638
5 13 3 8 82
5 14 3 1 948
5 14 3 7 168
5 14 3 8 342
5 7 4 0 536
5 7 4 6 1090
5 7 4 15 260
5 8 4 0 274
5 8 4 6 634
5 8 4 15 438
5 11 4 0 1154
5 11 4 6 54
5 11 4 15 1026
5 13 4 0 128
5 13 4 6 474
5 13 4 15 130
5 14 4 0 322
5 14 4 6 14
5 14 4 15 1608
5 7 5 1 1682
5 7 5 7 140
5 7 5 14 724
5 8 5 1 144
5 8 5 7 378
5 8 5 14 452
5 11 5 1 1040
5 11 5 7 344
5 11 5 14 162
5 13 5 1 414
5 13 5 7 718
5 13 5 14 30
5 14 5 1 592
5 14 5 7 16
5 14 5 14 418
5 7 6 2 956
5 7 6 4 6
5 7 6 13 926
5 8 6 2 412
5 8 6 4 116
5 8 6 13 24
5 11 6 2 602
5 11 6 4 660
5 11 6 13 488
5 13 6 2 352
5 13 6 4 310
5 13 6 13 832
5 14 6 2 102
5 14 6 4 876
5 14 6 13 880
5 7 7 3 814
5 7 7 5 344
5 7 7 12 208
5 8 7 3 92
5 8 7 5 772
5 8 7 12 954
5 11 7 3 462
5 11 7 5 688
5 11 7 12 104
5 13 7 3 478
5 13 7 5 6
5 13 7 12 606
5 14 7 3 624
5 14 7 5 918
5 14 7 12 530
5 7 8 3 910
5 7 8 10 52
5 7 8 12 690
5 8 8 3 398
5 8 8 10 214
5 8 8 12 1262
5 11 8 3 162
5 11 8 10 432
5 11 8 12 890
5 13 8 3 300
5 13 8 10 1190
5 13 8 12 2060
5 14 8 3 1272
5 14 8 10 1700
5 14 8 12 2252
5 7 9 2 776
5 7 9 11 602
5 7 9 13 242
5 8 9 2 4
5 8 9 11 732
5 8 9 13 594
5 11 9 2 272
5 11 9 11 116
5 11 9 13 364
5 13 9 2 384
5 13 9 11 260
5 13 9 13 234
5 14 9 2 932
5 14 9 11 984
5 14 9 13 784
5 7 10 1 208
5 7 10 8 814
5 7 10 14 956
5 8 10 1 128
5 8 10 8 880
5 8 10 14 872
5 11 10 1 186
5 11 10 8 882
5 11 10 14 930
5 13 10 1 582
5 13 10 8 196
5 13 10 14 518
5 14 10 1 976
5 14 10 8 838
5 14 10 14 642
5 7 11 0 438
5 7 11 9 856
5 7 11 15 22
5 8 11 0 790
5 8 11 9 1490
5 8 11 15 694
5 11 11 0 14
5 11 11 9 10
5 11 11 15 1398
5 13 11 0 26
5 13 11 9 876
5 13 11 15 856
5 14 11 0 826
5 14 11 9 1120
5 14 11 15 378
5 7 12 7 1036
5 7 12 8 434
5 7 12 14 1468
5 8 12 7 552
5 8 12 8 330
5 8 12 14 822
5 11 12 7 1260
5 11 12 8 468
5 11 12 14 1248
5 13 12 7 1586
5 13 12 8 650
5 13 12 14 398
5 14 12 7 946
5 14 12 8 438
5 14 12 14 564
5 7 13 6 886
5 7 13 9 698
5 7 13 15 420
5 8 13 6 736
5 8 13 9 832
5 8 13 15 36
5 11 13 6 146
5 11 13 9 512
5 11 13 15 320
5 13 13 6 836
5 13 13 9 1214
5 13 13 15 716
5 14 13 6 148
5 14 13 9 566
5 14 13 15 434
5 7 14 5 64
5 7 14 10 94
5 7 14 12 592
5 8 14 5 1700
5 8 14 10 748
5 8 14 12 196
5 11 14 5 334
5 11 14 10 408
5 11 14 12 898
5 13 14 5 658
5 13 14 10 694
5 13 14 12 1486
5 14 14 5 1182
5 14 14 10 916
5 14 14 12 1514
5 7 15 4 556
5 7 15 11 1084
5 7 15 13 1218
5 8 15 4 746
5 8 15 11 496
5 8 15 13 94
5 11 15 4 76
5 11 15 11 650
5 11 15 13 138
5 13 15 4 294
5 13 15 11 8
5 13 15 13 154
5 14 15 4 48
5 14 15 11 486
5 14 15 13 1502
6 8 0 2 520
6 8 0 4 554
6 8 0 11 346
6 11 0 2 1094
6 11 0 4 450
6 11 0 11 100
6 13 0 2 226
6 13 0 4 338
6 13 0 11 594
6 14 0 2 924
6 14 0 4 1382
6 14 0 11 890
6 8 1 3 1014
6 8 1 5 880
6 8 1 10 972
6 11 1 3 562
6 11 1 5 172
6 11 1 10 1232
6 13 1 3 1624
6 13 1 5 308
6 13 1 10 1288
6 14 1 3 236
6 14 1 5 1072
6 14 1 10 118
6 8 2 0 868
6 8 2 6 402
6 8 2 9 32
6 11 2 0 684
6 11 2 6 384
6 11 2 9 376
6 13 2 0 38
6 13 2 6 650
6 13 2 9 1522
6 14 2 0 260
6 14 2 6 830
6 14 2 9 356
6 8 3 1 612
6 8 3 7 74
6 8 3 8 1710
6 11 3 1 110
6 11 3 7 416
6 11 3 8 1426
6 13 3 1 760
6 13 3 7 106
6 13 3 8 482
6 14 3 1 94
6 14 3 7 614
6 14 3 8 280
6 8 4 0 1236
6 8 4 6 34
6 8 4 15 452
6 11 4 0 172
6 11 4 6 1754
6 11 4 15 2070
6 13 4 0 598
6 13 4 6 1312
6 13 4 15 440
6 14 4 0 668
6 14 4 6 362
6 14 4 15 164
6 8 5 1 438
6 8 5 7 610
6 8 5 14 742
6 11 5 1 1012
6 11 5 7 1378
6 11 5 14 90
6 13 5 1 14
6 13 5 7 140
6 13 5 14 78
6 14 5 1 1054
6 14 5 7 436
6 14 5 14 744
6 8 6 2 356
6 8 6 4 1116
6 8 6 13 1862
6 11 6 2 984
6 11 6 4 516
6 11 6 13 160
6 13 6 2 1012
6 13 6 4 1264
6 13 6 13 344
6 14 6 2 772
6 14 6 4 666
6 14 6 13 520
6 8 7 3 832
6 8 7 5 782
6 8 7 12 448
6 11 7 3 122
6 11 7 5 470
6 11 7 12 70
6 13 7 3 538
6 13 7 5 308
6 13 7 12 802
6 14 7 3 278
6 14 7 5 212
6 14 7 12 1146
6 8 8 3 164
6 8 8 10 554
6 8 8 12 22
6 11 8 3 202
6 11 8 10 94
6 11 8 12 4
6 13 8 3 80
6 13 8 10 1326
6 13 8 12 836
6 14 8 3 344
6 14 8 10 142
6 14 8 12 664
6 8 9 2 496
6 8 9 11 72
6 8 9 13 234
6 11 9 2 816
6 11 9 11 128
6 11 9 13 100
6 13 9 2 1070
6 13 9 11 1410
6 13 9 13 724
6 14 9 2 684
6 14 9 11 538
6 14 9 13 272
6 8 10 1 1008
6 8 10 8 200
6 8 10 14 736
6 11 10 1 234
6 11 10 8 658
6 11 10 14 524
6 13 10 1 384
6 13 10 8 442
6 13 10 14 670
6 14 10 1 190
6 14 10 8 838
6 14 10 14 1076
6 8 11 0 1476
6 8 11 9 52
6 8 11 15 168
6 11 11 0 626
6 11 11 9 1576
6 11 11 15 1936
6 13 11 0 884
6 13 11 9 196
6 13 11 15 902
6 14 11 0 866
6 14 11 9 900
6 14 11 15 1480
6 8 12 7 470
6 8 12 8 430
6 8 12 14 40
6 11 12 7 128
6 11 12 8 348
6 11 12 14 930
6 13 12 7 170
6 13 12 8 1410
6 13 12 14 302
6 14 12 7 242
6 14 12 8 1372
6 14 12 14 20
6 8 13 6 152
6 8 13 9 72
6 8 13 15 1228
6 11 13 6 1154
6 11 13 9 798
6 11 13 15 490
6 13 13 6 184
6 13 13 9 988
6 13 13 15 352
6 14 13 6 856
6 14 13 9 518
6 14 13 15 1050
6 8 14 5 664
6 8 14 10 128
6 8 14 12 224
6 11 14 5 1506
6 11 14 10 480
6 11 14 12 642
6 13 14 5 344
6 13 14 10 760
6 13 14 12 640
6 14 14 5 1616
6 14 14 10 268
6 14 14 12 282
6 8 15 4 752
6 8 15 11 24
6 8 15 13 1106
6 11 15 4 826
6 11 15 11 232
6 11 15 13 394
6 13 15 4 446
6 13 15 11 234
6 13 15 13 192
6 14 15 4 124
6 14 15 11 670
6 14 15 13 716
7 9 0 2 40
7 9 0 4 812
7 9 0 11 34
7 10 0 2 180
7 10 0 4 350
7 10 0 11 1074
7 12 0 2 46
7 12 0 4 106
7 12 0 11 1398
7 15 0 2 56
7 15 0 4 1056
7 15 0 11 42
7 9 1 3 1010
7 9 1 5 126
7 9 1 10 846
7 10 1 3 174
7 10 1 5 360
7 10 1 10 494
7 12 1 3 208
7 12 1 5 128
7 12 1 10 970
7 15 1 3 88
7 15 1 5 632
7 15 1 10 710
7 9 2 0 58
7 9 2 6 796
7 9 2 9 272
7 10 2 0 584
7 10 2 6 158
7 10 2 9 656
7 12 2 0 496
7 12 2 6 1106
7 12 2 9 134
7 15 2 0 556
7 15 2 6 868
7 15 2 9 408
7 9 3 1 1084
7 9 3 7 246
7 9 3 8 512
7 10 3 1 264
7 10 3 7 314
7 10 3 8 392
7 12 3 1 632
7 12 3 7 964
7 12 3 8 98
7 15 3 1 1506
7 15 3 7 528
7 15 3 8 412
7 9 4 0 162
7 9 4 6 858
7 9 4 15 1708
7 10 4 0 232
7 10 4 6 162
7 10 4 15 422
7 12 4 0 474
7 12 4 6 118
7 12 4 15 930
7 15 4 0 338
7 15 4 6 424
7 15 4 15 460
7 9 5 1 524
7 9 5 7 446
7 9 5 14 324
7 10 5 1 0
7 10 5 7 386
7 10 5 14 206
7 12 5 1 650
7 12 5 7 32
7 12 5 14 696
7 15 5 1 136
7 15 5 7 814
7 15 5 14 244
7 9 6 2 252
7 9 6 4 60
7 9 6 13 638
7 10 6 2 2
7 10 6 4 440
7 10 6 13 354
7 12 6 2 1316
7 12 6 4 576
7 12 6 13 904
7 15 6 2 4
7 15 6 4 656
7 15 6 13 580
7 9 7 3 342
7 9 7 5 818
7 9 7 12 400
7 10 7 3 98
7 10 7 5 194
7 10 7 12 54
7 12 7 3 212
7 12 7 5 288
7 12 7 12 278
7 15 7 3 850
7 15 7 5 482
7 15 7 12 402
7 9 8 3 174
7 9 8 10 114
7 9 8 12 324
7 10 8 3 498
7 10 8 10 1184
7 10 8 12 370
7 12 8 3 28
7 12 8 10 186
7 12 8 12 1096
7 15 8 3 496
7 15 8 10 402
7 15 8 12 614
7 9 9 2 1096
7 9 9 11 596
7 9 9 13 160
7 10 9 2 1792
7 10 9 11 764
7 10 9 13 384
7 12 9 2 1014
7 12 9 11 856
7 12 9 13 262
7 15 9 2 926
7 15 9 11 962
7 15 9 13 688
7 9 10 1 310
7 9 10 8 1706
7 9 10 14 828
7 10 10 1 488
7 10 10 8 1232
7 10 10 14 172
7 12 10 1 666
7 12 10 8 604
7 12 10 14 22
7 15 10 1 452
7 15 10 8 800
7 15 10 14 260
7 9 11 0 16
7 9 11 9 220
7 9 11 15 320
7 10 11 0 1192
7 10 11 9 200
7 10 11 15 340
7 12 11 0 1078
7 12 11 9 274
7 12 11 15 20
7 15 11 0 994
7 15 11 9 130
7 15 11 15 130
7 9 12 7 338
7 9 12 8 358
7 9 12 14 618
7 10 12 7 2032
7 10 12 8 314
7 10 12 14 1194
7 12 12 7 768
7 12 12 8 514
7 12 12 14 904
7 15 12 7 76
7 15 12 8 1622
7 15 12 14 836
7 9 13 6 32
7 9 13 9 238
7 9 13 15 190
7 10 13 6 1114
7 10 13 9 230
7 10 13 15 1354
7 12 13 6 1130
7 12 13 9 398
7 12 13 15 1704
7 15 13 6 384
7 15 13 9 966
7 15 13 15 742
7 9 14 5 758
7 9 14 10 674
7 9 14 12 572
7 10 14 5 1220
7 10 14 10 202
7 10 14 12 598
7 12 14 5 58
7 12 14 10 926
7 12 14 12 1476
7 15 14 5 1554
7 15 14 10 700
7 15 14 12 626
7 9 15 4 1098
7 9 15 11 482
7 9 15 13 24
7 10 15 4 172
7 10 15 11 520
7 10 15 13 272
7 12 15 4 338
7 12 15 11 18
7 12 15 13 1186
7 15 15 4 512
7 15 15 11 1248
7 15 15 13 288
8 10 0 2 646
8 10 0 4 186
8 10 0 11 540
8 12 0 2 764
8 12 0 4 720
8 12 0 11 450
8 10 1 3 84
8 10 1 5 806
8 10 1 10 454
8 12 1 3 642
8 12 1 5 154
8 12 1 10 632
8 10 2 0 284
8 10 2 6 246
8 10 2 9 380
8 12 2 0 124
8 12 2 6 1364
8 12 2 9 722
8 10 3 1 22
8 10 3 7 644
8 10 3 8 178
8 12 3 1 888
8 12 3 7 678
8 12 3 8 76
8 10 4 0 10
8 10 4 6 292
8 10 4 15 1110
8 12 4 0 978
8 12 4 6 616
8 12 4 15 842
8 10 5 1 118
8 10 5 7 80
8 10 5 14 450
8 12 5 1 778
8 12 5 7 536
8 12 5 14 568
8 10 6 2 586
8 10 6 4 656
8 10 6 13 166
8 12 6 2 916
8 12 6 4 2
8 12 6 13 156
8 10 7 3 1300
8 10 7 5 312
8 10 7 12 58
8 12 7 3 238
8 12 7 5 198
8 12 7 12 200
8 10 8 3 274
8 10 8 10 756
8 10 8 12 174
8 12 8 3 190
8 12 8 10 786
8 12 8 12 446
8 10 9 2 120
8 10 9 11 534
8 10 9 13 1368
8 12 9 2 208
8 12 9 11 1178
8 12 9 13 802
8 10 10 1 78
8 10 10 8 1180
8 10 10 14 148
8 12 10 1 200
8 12 10 8 1088
8 12 10 14 910
8 10 11 0 152
8 10 11 9 498
8 10 11 15 1210
8 12 11 0 468
8 12 11 9 664
8 12 11 15 42
8 10 12 7 718
8 10 12 8 546
8 10 12 14 450
8 12 12 7 142
8 12 12 8 222
8 12 12 14 572
8 10 13 6 274
8 10 13 9 570
8 10 13 15 196
8 12 13 6 434
8 12 13 9 712
8 12 13 15 402
8 10 14 5 356
8 10 14 10 496
8 10 14 12 822
8 12 14 5 1304
8 12 14 10 46
8 12 14 12 260
8 10 15 4 752
8 10 15 11 2478
8 10 15 13 362
8 12 15 4 1550
8 12 15 11 76
8 12 15 13 666
9 11 0 2 1130
9 11 0 4 1780
9 11 0 11 376
9 13 0 2 406
9 13 0 4 104
9 13 0 11 48
9 11 1 3 970
9 11 1 5 460
9 11 1 10 574
9 13 1 3 110
9 13 1 5 446
9 13 1 10 24
9 11 2 0 1094
9 11 2 6 588
9 11 2 9 532
9 13 2 0 480
9 13 2 6 88
9 13 2 9 888
9 11 3 1 956
9 11 3 7 832
9 11 3 8 536
9 13 3 1 594
9 13 3 7 576
9 13 3 8 1192
9 11 4 0 298
9 11 4 6 84
9 11 4 15 90
9 13 4 0 288
9 13 4 6 972
9 13 4 15 168
9 11 5 1 60
9 11 5 7 596
9 11 5 14 548
9 13 5 1 1610
9 13 5 7 890
9 13 5 14 1070
9 11 6 2 728
9 11 6 4 910
9 11 6 13 302
9 13 6 2 1462
9 13 6 4 572
9 13 6 13 1028
9 11 7 3 750
9 11 7 5 140
9 11 7 12 830
9 13 7 3 1562
9 13 7 5 616
9 13 7 12 354
9 11 8 3 692
9 11 8 10 180
9 11 8 12 608
9 13 8 3 202
9 13 8 10 40
9 13 8 12 218
9 11 9 2 264
9 11 9 11 1420
9 11 9 13 840
9 13 9 2 334
9 13 9 11 116
9 13 9 13 54
9 11 10 1 680
9 11 10 8 58
9 11 10 14 138
9 13 10 1 40
9 13 10 8 172
9 13 10 14 356
9 11 11 0 1066
9 11 11 9 738
9 11 11 15 1112
9 13 11 0 852
9 13 11 9 302
9 13 11 15 32
9 11 12 7 766
9 11 12 8 252
9 11 12 14 42
9 13 12 7 520
9 13 12 8 1224
9 13 12 14 674
9 11 13 6 286
9 11 13 9 670
9 11 13 15 524
9 13 13 6 400
9 13 13 9 598
9 13 13 15 926
9 11 14 5 220
9 11 14 10 1186
9 11 14 12 36
9 13 14 5 1050
9 13 14 10 582
9 13 14 12 678
9 11 15 4 234
9 11 15 11 704
9 11 15 13 226
9 13 15 4 574
9 13 15 11 930
9 13 15 13 1128
10 14 0 2 660
10 14 0 4 1140
10 14 0 11 180
10 14 1 3 424
10 14 1 5 460
10 14 1 10 142
10 14 2 0 960
10 14 2 6 424
10 14 2 9 1192
10 14 3 1 1018
10 14 3 7 930
10 14 3 8 362
10 14 4 0 328
10 14 4 6 1278
10 14 4 15 306
10 14 5 1 332
10 14 5 7 470
10 14 5 14 740
10 14 6 2 860
10 14 6 4 630
10 14 6 13 916
10 14 7 3 1152
10 14 7 5 146
10 14 7 12 364
10 14 8 3 80
10 14 8 10 430
10 14 8 12 930
10 14 9 2 274
10 14 9 11 332
10 14 9 13 292
10 14 10 1 200
10 14 10 8 12
10 14 10 14 728
10 14 11 0 628
10 14 11 9 1220
10 14 11 15 776
10 14 12 7 180
10 14 12 8 378
10 14 12 14 984
10 14 13 6 2
10 14 13 9 1186
10 14 13 15 494
10 14 14 5 2114
10 14 14 10 204
10 14 14 12 90
10 14 15 4 72
10 14 15 11 292
10 14 15 13 652
11 15 0 2 792
11 15 0 4 138
11 15 0 11 692
11 15 1 3 66
11 15 1 5 544
11 15 1 10 512
11 15 2 0 968
11 15 2 6 528
11 15 2 9 958
11 15 3 1 250
11 15 3 7 164
11 15 3 8 588
11 15 4 0 1006
11 15 4 6 60
11 15 4 15 54
11 15 5 1 360
11 15 5 7 136
11 15 5 14 1950
11 15 6 2 18
11 15 6 4 754
11 15 6 13 794
11 15 7 3 1020
11 15 7 5 24
11 15 7 12 1140
11 15 8 3 628
11 15 8 10 728
11 15 8 12 1598
11 15 9 2 464
11 15 9 11 226
11 15 9 13 1048
11 15 10 1 716
11 15 10 8 712
11 15 10 14 632
11 15 11 0 306
11 15 11 9 908
11 15 11 15 450
11 15 12 7 498
11 15 12 8 1134
11 15 12 14 542
11 15 13 6 1362
11 15 13 9 12
11 15 13 15 668
11 15 14 5 170
11 15 14 10 1078
11 15 14 12 1184
11 15 15 4 766
11 15 15 11 686
11 15 15 13 492
12 14 0 2 638
12 14 0 4 586
12 14 0 11 176
12 14 1 3 544
12 14 1 5 762
12 14 1 10 518
12 14 2 0 250
12 14 2 6 1008
12 14 2 9 498
12 14 3 1 562
12 14 3 7 114
12 14 3 8 234
12 14 4 0 1062
12 14 4 6 888
12 14 4 15 116
12 14 5 1 1182
12 14 5 7 950
12 14 5 14 966
12 14 6 2 188
12 14 6 4 146
12 14 6 13 216
12 14 7 3 724
12 14 7 5 480
12 14 7 12 944
12 14 8 3 414
12 14 8 10 650
12 14 8 12 194
12 14 9 2 230
12 14 9 11 528
12 14 9 13 270
12 14 10 1 478
12 14 10 8 808
12 14 10 14 68
12 14 11 0 874
12 14 11 9 180
12 14 11 15 140
12 14 12 7 72
12 14 12 8 408
12 14 12 14 1128
12 14 13 6 64
12 14 13 9 2076
12 14 13 15 894
12 14 14 5 1652
12 14 14 10 984
12 14 14 12 588
12 14 15 4 4
12 14 15 11 1086
12 14 15 13 232
13 15 0 2 306
13 15 0 4 210
13 15 0 11 544
13 15 1 3 1034
13 15 1 5 858
13 15 1 10 150
13 15 2 0 606
13 15 2 6 1004
13 15 2 9 748
13 15 3 1 368
13 15 3 7 416
13 15 3 8 610
13 15 4 0 32
13 15 4 6 256
13 15 4 15 546
13 15 5 1 852
13 15 5 7 1676
13 15 5 14 1262
13 15 6 2 1376
13 15 6 4 194
13 15 6 13 58
13 15 7 3 8
13 15 7 5 724
13 15 7 12 868
13 15 8 3 272
13 15 8 10 1156
13 15 8 12 350
13 15 9 2 408
13 15 9 11 204
13 15 9 13 300
13 15 10 1 722
13 15 10 8 830
13 15 10 14 208
13 15 11 0 1098
13 15 11 9 244
13 15 11 15 286
13 15 12 7 752
13 15 12 8 1366
13 15 12 14 30
13 15 13 6 442
13 15 13 9 1220
13 15 13 15 744
13 15 14 5 1248
13 15 14 10 534
13 15 14 12 238
13 15 15 4 306
13 15 15 11 92
13 15 15 13 520
