0 2 0 2 1428
0 2 0 4 716
0 2 0 11 84
0 4 0 2 342
0 4 0 4 378
0 4 0 11 616
0 8 0 2 120
0 8 0 4 420
0 8 0 11 410
0 11 0 2 1008
0 11 0 4 26
0 11 0 11 424
0 13 0 2 56
0 13 0 4 578
0 13 0 11 1542
0 14 0 2 880
0 14 0 4 46
0 14 0 11 386
0 2 1 3 102
0 2 1 5 852
0 2 1 10 234
0 4 1 3 638
0 4 1 5 1066
0 4 1 10 708
0 8 1 3 368
0 8 1 5 152
0 8 1 10 488
0 11 1 3 242
0 11 1 5 46
0 11 1 10 612
0 13 1 3 558
0 13 1 5 800
0 13 1 10 438
0 14 1 3 222
0 14 1 5 426
0 14 1 10 768
0 2 2 0 152
0 2 2 6 814
0 2 2 9 1314
0 4 2 0 1628
0 4 2 6 236
0 4 2 9 182
0 8 2 0 878
0 8 2 6 460
0 8 2 9 10
0 11 2 0 1122
0 11 2 6 194
0 11 2 9 218
0 13 2 0 82
0 13 2 6 474
0 13 2 9 696
0 14 2 0 252
0 14 2 6 202
0 14 2 9 420
0 2 3 1 14
0 2 3 7 440
0 2 3 8 480
0 4 3 1 516
0 4 3 7 316
0 4 3 8 848
0 8 3 1 944
0 8 3 7 438
0 8 3 8 114
0 11 3 1 852
0 11 3 7 626
0 11 3 8 356
0 13 3 1 240
0 13 3 7 178
0 13 3 8 434
0 14 3 1 1044
0 14 3 7 488
0 14 3 8 290
0 2 4 0 284
0 2 4 6 394
0 2 4 15 764
0 4 4 0 288
0 4 4 6 1628
0 4 4 15 938
0 8 4 0 886
0 8 4 6 1096
0 8 4 15 470
0 11 4 0 128
0 11 4 6 576
0 11 4 15 774
0 13 4 0 700
0 13 4 6 746
0 13 4 15 346
0 14 4 0 830
0 14 4 6 52
0 14 4 15 556
0 2 5 1 1652
0 2 5 7 184
0 2 5 14 2198
0 4 5 1 1396
0 4 5 7 1026
0 4 5 14 574
0 8 5 1 696
0 8 5 7 716
0 8 5 14 422
0 11 5 1 82
0 11 5 7 716
0 11 5 14 596
0 13 5 1 144
0 13 5 7 796
0 13 5 14 472
0 14 5 1 550
0 14 5 7 84
0 14 5 14 172
0 2 6 2 114
0 2 6 4 1160
0 2 6 13 484
0 4 6 2 600
0 4 6 4 650
0 4 6 13 294
0 8 6 2 512
0 8 6 4 114
0 8 6 13 2150
0 11 6 2 206
0 11 6 4 156
0 11 6 13 352
0 13 6 2 1602
0 13 6 4 272
0 13 6 13 22
0 14 6 2 4
0 14 6 4 424
0 14 6 13 470
0 2 7 3 380
0 2 7 5 72
0 2 7 12 10
0 4 7 3 588
0 4 7 5 94
0 4 7 12 648
0 8 7 3 1004
0 8 7 5 230
0 8 7 12 526
0 11 7 3 1360
0 11 7 5 290
0 11 7 12 394
0 13 7 3 538
0 13 7 5 870
0 13 7 12 450
0 14 7 3 972
0 14 7 5 320
0 14 7 12 106
0 2 8 3 830
0 2 8 10 490
0 2 8 12 262
0 4 8 3 50
0 4 8 10 410
0 4 8 12 552
0 8 8 3 48
0 8 8 10 1496
0 8 8 12 770
0 11 8 3 68
0 11 8 10 236
0 11 8 12 850
0 13 8 3 534
0 13 8 10 186
0 13 8 12 878
0 14 8 3 714
0 14 8 10 136
0 14 8 12 212
0 2 9 2 510
0 2 9 11 1042
0 2 9 13 90
0 4 9 2 476
0 4 9 11 376
0 4 9 13 1266
0 8 9 2 228
0 8 9 11 1424
0 8 9 13 444
0 11 9 2 58
0 11 9 11 186
0 11 9 13 994
0 13 9 2 46
0 13 9 11 258
0 13 9 13 158
0 14 9 2 200
0 14 9 11 444
0 14 9 13 136
0 2 10 1 128
0 2 10 8 878
0 2 10 14 370
0 4 10 1 234
0 4 10 8 1000
0 4 10 14 622
0 8 10 1 1208
0 8 10 8 432
0 8 10 14 514
0 11 10 1 312
0 11 10 8 232
0 11 10 14 234
0 13 10 1 22
0 13 10 8 952
0 13 10 14 880
0 14 10 1 300
0 14 10 8 1752
0 14 10 14 2550
0 2 11 0 14
0 2 11 9 186
0 2 11 15 430
0 4 11 0 578
0 4 11 9 1868
0 4 11 15 180
0 8 11 0 136
0 8 11 9 936
0 8 11 15 578
0 11 11 0 280
0 11 11 9 1372
0 11 11 15 34
0 13 11 0 858
0 13 11 9 122
0 13 11 15 238
0 14 11 0 730
0 14 11 9 176
0 14 11 15 974
0 2 12 7 488
0 2 12 8 762
0 2 12 14 798
0 4 12 7 512
0 4 12 8 398
0 4 12 14 10
0 8 12 7 830
0 8 12 8 1226
0 8 12 14 1064
0 11 12 7 326
0 11 12 8 412
0 11 12 14 1222
0 13 12 7 1624
0 13 12 8 278
0 13 12 14 638
0 14 12 7 590
0 14 12 8 1036
0 14 12 14 1032
0 2 13 6 210
0 2 13 9 80
0 2 13 15 212
0 4 13 6 1058
0 4 13 9 1460
0 4 13 15 414
0 8 13 6 22
0 8 13 9 162
0 8 13 15 598
0 11 13 6 714
0 11 13 9 652
0 11 13 15 114
0 13 13 6 222
0 13 13 9 528
0 13 13 15 330
0 14 13 6 734
0 14 13 9 850
0 14 13 15 266
0 2 14 5 938
0 2 14 10 440
0 2 14 12 174
0 4 14 5 726
0 4 14 10 276
0 4 14 12 272
0 8 14 5 1244
0 8 14 10 536
0 8 14 12 10
0 11 14 5 22
0 11 14 10 284
0 11 14 12 844
0 13 14 5 404
0 13 14 10 1322
0 13 14 12 192
0 14 14 5 634
0 14 14 10 126
0 14 14 12 1416
0 2 15 4 292
0 2 15 11 494
0 2 15 13 340
0 4 15 4 306
0 4 15 11 24
0 4 15 13 1194
0 8 15 4 1662
0 8 15 11 18
0 8 15 13 592
0 11 15 4 990
0 11 15 11 158
0 11 15 13 486
0 13 15 4 744
0 13 15 11 606
0 13 15 13 826
0 14 15 4 1026
0 14 15 11 946
0 14 15 13 38
1 3 0 2 1162
1 3 0 4 160
1 3 0 11 866
1 5 0 2 598
1 5 0 4 10
1 5 0 11 708
1 9 0 2 240
1 9 0 4 186
1 9 0 11 558
1 10 0 2 770
1 10 0 4 1590
1 10 0 11 212
1 12 0 2 262
1 12 0 4 740
1 12 0 11 134
1 15 0 2 256
1 15 0 4 622
1 15 0 11 234
1 3 1 3 98
1 3 1 5 292
1 3 1 10 836
1 5 1 3 512
1 5 1 5 692
1 5 1 10 274
1 9 1 3 598
1 9 1 5 1106
1 9 1 10 2080
1 10 1 3 318
1 10 1 5 1018
1 10 1 10 950
1 12 1 3 114
1 12 1 5 748
1 12 1 10 842
1 15 1 3 546
1 15 1 5 734
1 15 1 10 106
1 3 2 0 186
1 3 2 6 760
1 3 2 9 444
1 5 2 0 1676
1 5 2 6 1126
1 5 2 9 1052
1 9 2 0 472
1 9 2 6 92
1 9 2 9 102
1 10 2 0 654
1 10 2 6 766
1 10 2 9 158
1 12 2 0 342
1 12 2 6 794
1 12 2 9 506
1 15 2 0 1156
1 15 2 6 310
1 15 2 9 834
1 3 3 1 738
1 3 3 7 436
1 3 3 8 208
1 5 3 1 84
1 5 3 7 4
1 5 3 8 244
1 9 3 1 820
1 9 3 7 506
1 9 3 8 34
1 10 3 1 250
1 10 3 7 1694
1 10 3 8 790
1 12 3 1 214
1 12 3 7 446
1 12 3 8 30
1 15 3 1 1062
1 15 3 7 1078
1 15 3 8 1436
1 3 4 0 598
1 3 4 6 220
1 3 4 15 648
1 5 4 0 884
1 5 4 6 60
1 5 4 15 492
1 9 4 0 26
1 9 4 6 1584
1 9 4 15 598
1 10 4 0 36
1 10 4 6 238
1 10 4 15 4
1 12 4 0 1660
1 12 4 6 238
1 12 4 15 1084
1 15 4 0 264
1 15 4 6 814
1 15 4 15 660
1 3 5 1 386
1 3 5 7 268
1 3 5 14 168
1 5 5 1 8
1 5 5 7 606
1 5 5 14 1698
1 9 5 1 882
1 9 5 7 772
1 9 5 14 1182
1 10 5 1 460
1 10 5 7 496
1 10 5 14 138
1 12 5 1 434
1 12 5 7 546
1 12 5 14 192
1 15 5 1 1014
1 15 5 7 6
1 15 5 14 738
1 3 6 2 136
1 3 6 4 1258
1 3 6 13 1272
1 5 6 2 1080
1 5 6 4 72
1 5 6 13 162
1 9 6 2 328
1 9 6 4 304
1 9 6 13 442
1 10 6 2 526
1 10 6 4 560
1 10 6 13 154
1 12 6 2 184
1 12 6 4 132
1 12 6 13 1674
1 15 6 2 664
1 15 6 4 4
1 15 6 13 122
1 3 7 3 4
1 3 7 5 768
1 3 7 12 914
1 5 7 3 1024
1 5 7 5 26
1 5 7 12 106
1 9 7 3 698
1 9 7 5 384
1 9 7 12 652
1 10 7 3 814
1 10 7 5 744
1 10 7 12 286
1 12 7 3 416
1 12 7 5 336
1 12 7 12 526
1 15 7 3 750
1 15 7 5 1196
1 15 7 12 1264
1 3 8 3 1392
1 3 8 10 854
1 3 8 12 402
1 5 8 3 412
1 5 8 10 434
1 5 8 12 524
1 9 8 3 286
1 9 8 10 406
1 9 8 12 344
1 10 8 3 390
1 10 8 10 302
1 10 8 12 958
1 12 8 3 166
1 12 8 10 200
1 12 8 12 12
1 15 8 3 886
1 15 8 10 914
1 15 8 12 564
1 3 9 2 128
1 3 9 11 328
1 3 9 13 712
1 5 9 2 516
1 5 9 11 288
1 5 9 13 1078
1 9 9 2 340
1 9 9 11 1368
1 9 9 13 768
1 10 9 2 212
1 10 9 11 98
1 10 9 13 272
1 12 9 2 724
1 12 9 11 266
1 12 9 13 632
1 15 9 2 114
1 15 9 11 610
1 15 9 13 288
1 3 10 1 692
1 3 10 8 1062
1 3 10 14 222
1 5 10 1 1034
1 5 10 8 356
1 5 10 14 1260
1 9 10 1 194
1 9 10 8 992
1 9 10 14 1520
1 10 10 1 250
1 10 10 8 448
1 10 10 14 480
1 12 10 1 320
1 12 10 8 52
1 12 10 14 252
1 15 10 1 1576
1 15 10 8 662
1 15 10 14 844
1 3 11 0 1030
1 3 11 9 162
1 3 11 15 278
1 5 11 0 468
1 5 11 9 748
1 5 11 15 690
1 9 11 0 530
1 9 11 9 102
1 9 11 15 524
1 10 11 0 596
1 10 11 9 1280
1 10 11 15 882
1 12 11 0 50
1 12 11 9 806
1 12 11 15 254
1 15 11 0 14
1 15 11 9 840
1 15 11 15 174
1 3 12 7 154
1 3 12 8 272
1 3 12 14 1086
1 5 12 7 490
1 5 12 8 386
1 5 12 14 642
1 9 12 7 392
1 9 12 8 568
1 9 12 14 338
1 10 12 7 1202
1 10 12 8 4
1 10 12 14 232
1 12 12 7 694
1 12 12 8 100
1 12 12 14 316
1 15 12 7 1220
1 15 12 8 218
1 15 12 14 546
1 3 13 6 1120
1 3 13 9 376
1 3 13 15 676
1 5 13 6 40
1 5 13 9 46
1 5 13 15 904
1 9 13 6 832
1 9 13 9 284
1 9 13 15 230
1 10 13 6 902
1 10 13 9 624
1 10 13 15 1190
1 12 13 6 558
1 12 13 9 478
1 12 13 15 272
1 15 13 6 6
1 15 13 9 968
1 15 13 15 630
1 3 14 5 208
1 3 14 10 166
1 3 14 12 1174
1 5 14 5 30
1 5 14 10 430
1 5 14 12 18
1 9 14 5 636
1 9 14 10 462
1 9 14 12 198
1 10 14 5 1062
1 10 14 10 136
1 10 14 12 1140
1 12 14 5 680
1 12 14 10 1220
1 12 14 12 380
1 15 14 5 240
1 15 14 10 460
1 15 14 12 768
1 3 15 4 448
1 3 15 11 294
1 3 15 13 66
1 5 15 4 152
1 5 15 11 358
1 5 15 13 578
1 9 15 4 346
1 9 15 11 352
1 9 15 13 226
1 10 15 4 272
1 10 15 11 1406
1 10 15 13 304
1 12 15 4 564
1 12 15 11 34
1 12 15 13 524
1 15 15 4 1054
1 15 15 11 1496
1 15 15 13 442
2 6 0 2 128
2 6 0 4 404
2 6 0 11 476
2 9 0 2 390
2 9 0 4 502
2 9 0 11 254
2 10 0 2 606
2 10 0 4 812
2 10 0 11 638
2 12 0 2 820
2 12 0 4 226
2 12 0 11 224
2 15 0 2 70
2 15 0 4 660
2 15 0 11 658
2 6 1 3 550
2 6 1 5 592
2 6 1 10 848
2 9 1 3 760
2 9 1 5 438
2 9 1 10 262
2 10 1 3 1040
2 10 1 5 1822
2 10 1 10 2294
2 12 1 3 376
2 12 1 5 10
2 12 1 10 530
2 15 1 3 936
2 15 1 5 378
2 15 1 10 966
2 6 2 0 486
2 6 2 6 290
2 6 2 9 418
2 9 2 0 76
2 9 2 6 1324
2 9 2 9 86
2 10 2 0 598
2 10 2 6 166
2 10 2 9 1690
2 12 2 0 714
2 12 2 6 662
2 12 2 9 500
2 15 2 0 96
2 15 2 6 104
2 15 2 9 610
2 6 3 1 232
2 6 3 7 432
2 6 3 8 290
2 9 3 1 288
2 9 3 7 222
2 9 3 8 1250
2 10 3 1 604
2 10 3 7 238
2 10 3 8 190
2 12 3 1 618
2 12 3 7 644
2 12 3 8 1000
2 15 3 1 1264
2 15 3 7 1640
2 15 3 8 466
2 6 4 0 318
2 6 4 6 718
2 6 4 15 194
2 9 4 0 62
2 9 4 6 816
2 9 4 15 654
2 10 4 0 974
2 10 4 6 1398
2 10 4 15 28
2 12 4 0 610
2 12 4 6 44
2 12 4 15 454
2 15 4 0 234
2 15 4 6 788
2 15 4 15 376
2 6 5 1 286
2 6 5 7 2146
2 6 5 14 356
2 9 5 1 816
2 9 5 7 1070
2 9 5 14 244
2 10 5 1 1522
2 10 5 7 1158
2 10 5 14 130
2 12 5 1 28
2 12 5 7 56
2 12 5 14 188
2 15 5 1 220
2 15 5 7 418
2 15 5 14 1218
2 6 6 2 1182
2 6 6 4 720
2 6 6 13 1032
2 9 6 2 694
2 9 6 4 1238
2 9 6 13 356
2 10 6 2 1098
2 10 6 4 266
2 10 6 13 918
2 12 6 2 186
2 12 6 4 830
2 12 6 13 942
2 15 6 2 990
2 15 6 4 310
2 15 6 13 566
2 6 7 3 56
2 6 7 5 598
2 6 7 12 1102
2 9 7 3 448
2 9 7 5 734
2 9 7 12 548
2 10 7 3 706
2 10 7 5 1028
2 10 7 12 300
2 12 7 3 2
2 12 7 5 1328
2 12 7 12 244
2 15 7 3 462
2 15 7 5 778
2 15 7 12 54
2 6 8 3 398
2 6 8 10 1030
2 6 8 12 24
2 9 8 3 70
2 9 8 10 1114
2 9 8 12 1334
2 10 8 3 292
2 10 8 10 690
2 10 8 12 754
2 12 8 3 2
2 12 8 10 256
2 12 8 12 496
2 15 8 3 292
2 15 8 10 92
2 15 8 12 10
2 6 9 2 22
2 6 9 11 520
2 6 9 13 796
2 9 9 2 490
2 9 9 11 280
2 9 9 13 234
2 10 9 2 202
2 10 9 11 408
2 10 9 13 638
2 12 9 2 694
2 12 9 11 1394
2 12 9 13 282
2 15 9 2 230
2 15 9 11 40
2 15 9 13 400
2 6 10 1 544
2 6 10 8 142
2 6 10 14 126
2 9 10 1 1676
2 9 10 8 268
2 9 10 14 738
2 10 10 1 1100
2 10 10 8 596
2 10 10 14 188
2 12 10 1 596
2 12 10 8 798
2 12 10 14 848
2 15 10 1 292
2 15 10 8 106
2 15 10 14 796
2 6 11 0 402
2 6 11 9 1066
2 6 11 15 436
2 9 11 0 460
2 9 11 9 890
2 9 11 15 376
2 10 11 0 356
2 10 11 9 268
2 10 11 15 922
2 12 11 0 354
2 12 11 9 896
2 12 11 15 388
2 15 11 0 30
2 15 11 9 1090
2 15 11 15 1552
2 6 12 7 164
2 6 12 8 234
2 6 12 14 428
2 9 12 7 390
2 9 12 8 354
2 9 12 14 1240
2 10 12 7 1092
2 10 12 8 200
2 10 12 14 606
2 12 12 7 1220
2 12 12 8 804
2 12 12 14 1080
2 15 12 7 46
2 15 12 8 1432
2 15 12 14 988
2 6 13 6 1216
2 6 13 9 244
2 6 13 15 112
2 9 13 6 162
2 9 13 9 774
2 9 13 15 792
2 10 13 6 1032
2 10 13 9 1728
2 10 13 15 556
2 12 13 6 16
2 12 13 9 562
2 12 13 15 732
2 15 13 6 1118
2 15 13 9 978
2 15 13 15 26
2 6 14 5 620
2 6 14 10 538
2 6 14 12 1822
2 9 14 5 174
2 9 14 10 492
2 9 14 12 796
2 10 14 5 786
2 10 14 10 528
2 10 14 12 1396
2 12 14 5 724
2 12 14 10 410
2 12 14 12 1166
2 15 14 5 434
2 15 14 10 408
2 15 14 12 384
2 6 15 4 806
2 6 15 11 54
2 6 15 13 476
2 9 15 4 196
2 9 15 11 24
2 9 15 13 514
2 10 15 4 190
2 10 15 11 748
2 10 15 13 18
2 12 15 4 1502
2 12 15 11 156
2 12 15 13 802
2 15 15 4 788
2 15 15 11 636
2 15 15 13 94
3 7 0 2 370
3 7 0 4 218
3 7 0 11 276
3 8 0 2 358
3 8 0 4 1960
3 8 0 11 614
3 11 0 2 80
3 11 0 4 540
3 11 0 11 276
3 13 0 2 676
3 13 0 4 572
3 13 0 11 102
3 14 0 2 150
3 14 0 4 560
3 14 0 11 684
3 7 1 3 312
3 7 1 5 340
3 7 1 10 370
3 8 1 3 1070
3 8 1 5 526
3 8 1 10 304
3 11 1 3 946
3 11 1 5 890
3 11 1 10 68
3 13 1 3 772
3 13 1 5 1852
3 13 1 10 624
3 14 1 3 252
3 14 1 5 554
3 14 1 10 490
3 7 2 0 158
3 7 2 6 268
3 7 2 9 694
3 8 2 0 1320
3 8 2 6 1158
3 8 2 9 248
3 11 2 0 400
3 11 2 6 532
3 11 2 9 458
3 13 2 0 614
3 13 2 6 324
3 13 2 9 366
3 14 2 0 400
3 14 2 6 144
3 14 2 9 716
3 7 3 1 870
3 7 3 7 78
3 7 3 8 748
3 8 3 1 80
3 8 3 7 814
3 8 3 8 96
3 11 3 1 878
3 11 3 7 268
3 11 3 8 102
3 13 3 1 226
3 13 3 7 924
3 13 3 8 144
3 14 3 1 302
3 14 3 7 1242
3 14 3 8 162
3 7 4 0 168
3 7 4 6 528
3 7 4 15 1170
3 8 4 0 420
3 8 4 6 172
3 8 4 15 268
3 11 4 0 490
3 11 4 6 134
3 11 4 15 2224
3 13 4 0 1570
3 13 4 6 604
3 13 4 15 940
3 14 4 0 304
3 14 4 6 1466
3 14 4 15 798
3 7 5 1 176
3 7 5 7 496
3 7 5 14 414
3 8 5 1 374
3 8 5 7 764
3 8 5 14 34
3 11 5 1 50
3 11 5 7 614
3 11 5 14 1198
3 13 5 1 1186
3 13 5 7 482
3 13 5 14 1086
3 14 5 1 1240
3 14 5 7 106
3 14 5 14 34
3 7 6 2 2
3 7 6 4 274
3 7 6 13 234
3 8 6 2 138
3 8 6 4 1804
3 8 6 13 738
3 11 6 2 90
3 11 6 4 40
3 11 6 13 4
3 13 6 2 1076
3 13 6 4 882
3 13 6 13 588
3 14 6 2 580
3 14 6 4 358
3 14 6 13 546
3 7 7 3 970
3 7 7 5 368
3 7 7 12 10
3 8 7 3 328
3 8 7 5 278
3 8 7 12 1106
3 11 7 3 258
3 11 7 5 668
3 11 7 12 474
3 13 7 3 318
3 13 7 5 208
3 13 7 12 80
3 14 7 3 194
3 14 7 5 408
3 14 7 12 1874
3 7 8 3 358
3 7 8 10 1042
3 7 8 12 1262
3 8 8 3 836
3 8 8 10 636
3 8 8 12 94
3 11 8 3 674
3 11 8 10 1084
3 11 8 12 48
3 13 8 3 240
3 13 8 10 1138
3 13 8 12 1308
3 14 8 3 264
3 14 8 10 276
3 14 8 12 1114
3 7 9 2 966
3 7 9 11 314
3 7 9 13 798
3 8 9 2 554
3 8 9 11 1012
3 8 9 13 34
3 11 9 2 974
3 11 9 11 924
3 11 9 13 128
3 13 9 2 36
3 13 9 11 1346
3 13 9 13 894
3 14 9 2 24
3 14 9 11 796
3 14 9 13 184
3 7 10 1 22
3 7 10 8 552
3 7 10 14 528
3 8 10 1 1136
3 8 10 8 466
3 8 10 14 380
3 11 10 1 1452
3 11 10 8 490
3 11 10 14 444
3 13 10 1 744
3 13 10 8 914
3 13 10 14 538
3 14 10 1 664
3 14 10 8 372
3 14 10 14 94
3 7 11 0 1022
3 7 11 9 708
3 7 11 15 228
3 8 11 0 854
3 8 11 9 1342
3 8 11 15 1190
3 11 11 0 242
3 11 11 9 824
3 11 11 15 460
3 13 11 0 204
3 13 11 9 542
3 13 11 15 252
3 14 11 0 1252
3 14 11 9 714
3 14 11 15 426
3 7 12 7 700
3 7 12 8 814
3 7 12 14 294
3 8 12 7 102
3 8 12 8 168
3 8 12 14 838
3 11 12 7 432
3 11 12 8 174
3 11 12 14 52
3 13 12 7 272
3 13 12 8 1364
3 13 12 14 440
3 14 12 7 88
3 14 12 8 878
3 14 12 14 88
3 7 13 6 100
3 7 13 9 294
3 7 13 15 356
3 8 13 6 906
3 8 13 9 182
3 8 13 15 1010
3 11 13 6 616
3 11 13 9 536
3 11 13 15 1002
3 13 13 6 212
3 13 13 9 168
3 13 13 15 70
3 14 13 6 770
3 14 13 9 1390
3 14 13 15 570
3 7 14 5 1258
3 7 14 10 96
3 7 14 12 1830
3 8 14 5 90
3 8 14 10 352
3 8 14 12 1256
3 11 14 5 702
3 11 14 10 108
3 11 14 12 196
3 13 14 5 826
3 13 14 10 1364
3 13 14 12 500
3 14 14 5 1212
3 14 14 10 280
3 14 14 12 512
3 7 15 4 148
3 7 15 11 1022
3 7 15 13 684
3 8 15 4 740
3 8 15 11 1322
3 8 15 13 700
3 11 15 4 34
3 11 15 11 1320
3 11 15 13 734
3 13 15 4 1304
3 13 15 11 1062
3 13 15 13 1066
3 14 15 4 950
3 14 15 11 308
3 14 15 13 894
4 6 0 2 30
4 6 0 4 114
4 6 0 11 534
4 9 0 2 232
4 9 0 4 166
4 9 0 11 1238
4 10 0 2 598
4 10 0 4 1036
4 10 0 11 562
4 12 0 2 1422
4 12 0 4 922
4 12 0 11 440
4 15 0 2 1236
4 15 0 4 276
4 15 0 11 298
4 6 1 3 574
4 6 1 5 826
4 6 1 10 310
4 9 1 3 448
4 9 1 5 664
4 9 1 10 270
4 10 1 3 2
4 10 1 5 138
4 10 1 10 210
4 12 1 3 114
4 12 1 5 276
4 12 1 10 80
4 15 1 3 600
4 15 1 5 32
4 15 1 10 1074
4 6 2 0 676
4 6 2 6 330
4 6 2 9 486
4 9 2 0 374
4 9 2 6 248
4 9 2 9 440
4 10 2 0 142
4 10 2 6 1858
4 10 2 9 2030
4 12 2 0 258
4 12 2 6 176
4 12 2 9 622
4 15 2 0 416
4 15 2 6 310
4 15 2 9 68
4 6 3 1 1632
4 6 3 7 316
4 6 3 8 124
4 9 3 1 676
4 9 3 7 1406
4 9 3 8 1090
4 10 3 1 584
4 10 3 7 310
4 10 3 8 206
4 12 3 1 1564
4 12 3 7 318
4 12 3 8 90
4 15 3 1 828
4 15 3 7 998
4 15 3 8 516
4 6 4 0 610
4 6 4 6 64
4 6 4 15 686
4 9 4 0 772
4 9 4 6 8
4 9 4 15 182
4 10 4 0 352
4 10 4 6 664
4 10 4 15 56
4 12 4 0 478
4 12 4 6 618
4 12 4 15 982
4 15 4 0 342
4 15 4 6 452
4 15 4 15 670
4 6 5 1 60
4 6 5 7 484
4 6 5 14 248
4 9 5 1 880
4 9 5 7 238
4 9 5 14 200
4 10 5 1 128
4 10 5 7 436
4 10 5 14 150
4 12 5 1 50
4 12 5 7 970
4 12 5 14 136
4 15 5 1 1618
4 15 5 7 1436
4 15 5 14 292
4 6 6 2 306
4 6 6 4 232
4 6 6 13 162
4 9 6 2 1546
4 9 6 4 498
4 9 6 13 426
4 10 6 2 184
4 10 6 4 944
4 10 6 13 502
4 12 6 2 274
4 12 6 4 510
4 12 6 13 1072
4 15 6 2 316
4 15 6 4 892
4 15 6 13 56
4 6 7 3 1044
4 6 7 5 672
4 6 7 12 438
4 9 7 3 994
4 9 7 5 798
4 9 7 12 2108
4 10 7 3 396
4 10 7 5 50
4 10 7 12 514
4 12 7 3 238
4 12 7 5 474
4 12 7 12 156
4 15 7 3 1342
4 15 7 5 230
4 15 7 12 346
4 6 8 3 8
4 6 8 10 60
4 6 8 12 246
4 9 8 3 680
4 9 8 10 124
4 9 8 12 848
4 10 8 3 668
4 10 8 10 34
4 10 8 12 672
4 12 8 3 250
4 12 8 10 550
4 12 8 12 672
4 15 8 3 930
4 15 8 10 486
4 15 8 12 36
4 6 9 2 918
4 6 9 11 472
4 6 9 13 686
4 9 9 2 432
4 9 9 11 506
4 9 9 13 1710
4 10 9 2 884
4 10 9 11 318
4 10 9 13 400
4 12 9 2 228
4 12 9 11 64
4 12 9 13 618
4 15 9 2 412
4 15 9 11 884
4 15 9 13 776
4 6 10 1 338
4 6 10 8 130
4 6 10 14 494
4 9 10 1 956
4 9 10 8 128
4 9 10 14 74
4 10 10 1 174
4 10 10 8 18
4 10 10 14 966
4 12 10 1 404
4 12 10 8 640
4 12 10 14 1188
4 15 10 1 28
4 15 10 8 378
4 15 10 14 926
4 6 11 0 622
4 6 11 9 66
4 6 11 15 1088
4 9 11 0 18
4 9 11 9 1038
4 9 11 15 324
4 10 11 0 1262
4 10 11 9 1528
4 10 11 15 284
4 12 11 0 600
4 12 11 9 220
4 12 11 15 1118
4 15 11 0 48
4 15 11 9 1688
4 15 11 15 646
4 6 12 7 420
4 6 12 8 922
4 6 12 14 28
4 9 12 7 548
4 9 12 8 26
4 9 12 14 108
4 10 12 7 10
4 10 12 8 970
4 10 12 14 1036
4 12 12 7 1116
4 12 12 8 300
4 12 12 14 746
4 15 12 7 68
4 15 12 8 200
4 15 12 14 590
4 6 13 6 62
4 6 13 9 734
4 6 13 15 518
4 9 13 6 1608
4 9 13 9 436
4 9 13 15 914
4 10 13 6 622
4 10 13 9 694
4 10 13 15 50
4 12 13 6 270
4 12 13 9 990
4 12 13 15 176
4 15 13 6 322
4 15 13 9 634
4 15 13 15 868
4 6 14 5 476
4 6 14 10 386
4 6 14 12 706
4 9 14 5 130
4 9 14 10 768
4 9 14 12 988
4 10 14 5 680
4 10 14 10 438
4 10 14 12 1430
4 12 14 5 126
4 12 14 10 1006
4 12 14 12 642
4 15 14 5 364
4 15 14 10 470
4 15 14 12 140
4 6 15 4 466
4 6 15 11 440
4 6 15 13 1350
4 9 15 4 514
4 9 15 11 288
4 9 15 13 306
4 10 15 4 1070
4 10 15 11 32
4 10 15 13 186
4 12 15 4 174
4 12 15 11 270
4 12 15 13 336
4 15 15 4 964
4 15 15 11 102
4 15 15 13 450
5 7 0 2 362
5 7 0 4 210
5 7 0 11 80
5 8 0 2 440
5 8 0 4 330
5 8 0 11 262
5 11 0 2 38
5 11 0 4 60
5 11 0 11 70
5 13 0 2 570
5 13 0 4 14
5 13 0 11 1312
5 14 0 2 176
5 14 0 4 70
5 14 0 11 474
5 7 1 3 108
5 7 1 5 290
5 7 1 10 206
5 8 1 3 336
5 8 1 5 978
5 8 1 10 964
5 11 1 3 38
5 11 1 5 668
5 11 1 10 180
5 13 1 3 872
5 13 1 5 134
5 13 1 10 242
5 14 1 3 182
5 14 1 5 384
5 14 1 10 612
5 7 2 0 236
5 7 2 6 558
5 7 2 9 506
5 8 2 0 394
5 8 2 6 252
5 8 2 9 506
5 11 2 0 1270
5 11 2 6 338
5 11 2 9 160
5 13 2 0 132
5 13 2 6 22
5 13 2 9 548
5 14 2 0 440
5 14 2 6 256
5 14 2 9 802
5 7 3 1 660
5 7 3 7 422
5 7 3 8 882
5 8 3 1 730
5 8 3 7 128
5 8 3 8 272
5 11 3 1 694
5 11 3 7 1408
5 11 3 8 1358
5 13 3 1 846
5 13 3 7 866
5 13 3 8 590
5 14 3 1 86
5 14 3 7 722
5 14 3 8 306
5 7 4 0 1148
5 7 4 6 134
5 7 4 15 34
5 8 4 0 716
5 8 4 6 220
5 8 4 15 1356
5 11 4 0 594
5 11 4 6 508
5 11 4 15 512
5 13 4 0 572
5 13 4 6 832
5 13 4 15 316
5 14 4 0 996
5 14 4 6 524
5 14 4 15 718
5 7 5 1 1238
5 7 5 7 290
5 7 5 14 800
5 8 5 1 170
5 8 5 7 812
5 8 5 14 1834
5 11 5 1 606
5 11 5 7 74
5 11 5 14 690
5 13 5 1 304
5 13 5 7 1198
5 13 5 14 254
5 14 5 1 378
5 14 5 7 760
5 14 5 14 992
5 7 6 2 80
5 7 6 4 1126
5 7 6 13 758
5 8 6 2 310
5 8 6 4 222
5 8 6 13 706
5 11 6 2 414
5 11 6 4 234
5 11 6 13 614
5 13 6 2 154
5 13 6 4 154
5 13 6 13 542
5 14 6 2 936
5 14 6 4 1304
5 14 6 13 126
5 7 7 3 1134
5 7 7 5 62
5 7 7 12 838
5 8 7 3 968
5 8 7 5 840
5 8 7 12 572
5 11 7 3 358
5 11 7 5 836
5 11 7 12 1088
5 13 7 3 886
5 13 7 5 1416
5 13 7 12 30
5 14 7 3 218
5 14 7 5 44
5 14 7 12 832
5 7 8 3 408
5 7 8 10 1394
5 7 8 12 672
5 8 8 3 746
5 8 8 10 404
5 8 8 12 608
5 11 8 3 280
5 11 8 10 578
5 11 8 12 406
5 13 8 3 442
5 13 8 10 142
5 13 8 12 210
5 14 8 3 968
5 14 8 10 126
5 14 8 12 172
5 7 9 2 48
5 7 9 11 306
5 7 9 13 268
5 8 9 2 542
5 8 9 11 24
5 8 9 13 136
5 11 9 2 816
5 11 9 11 670
5 11 9 13 930
5 13 9 2 288
5 13 9 11 522
5 13 9 13 696
5 14 9 2 238
5 14 9 11 468
5 14 9 13 678
5 7 10 1 38
5 7 10 8 946
5 7 10 14 1338
5 8 10 1 1216
5 8 10 8 294
5 8 10 14 118
5 11 10 1 182
5 11 10 8 452
5 11 10 14 156
5 13 10 1 232
5 13 10 8 330
5 13 10 14 864
5 14 10 1 486
5 14 10 8 778
5 14 10 14 1118
5 7 11 0 1202
5 7 11 9 1062
5 7 11 15 106
5 8 11 0 806
5 8 11 9 872
5 8 11 15 944
5 11 11 0 732
5 11 11 9 202
5 11 11 15 846
5 13 11 0 184
5 13 11 9 862
5 13 11 15 206
5 14 11 0 10
5 14 11 9 694
5 14 11 15 434
5 7 12 7 670
5 7 12 8 1082
5 7 12 14 6
5 8 12 7 1050
5 8 12 8 512
5 8 12 14 318
5 11 12 7 292
5 11 12 8 912
5 11 12 14 394
5 13 12 7 336
5 13 12 8 294
5 13 12 14 580
5 14 12 7 1212
5 14 12 8 426
5 14 12 14 132
5 7 13 6 228
5 7 13 9 604
5 7 13 15 338
5 8 13 6 1214
5 8 13 9 388
5 8 13 15 1184
5 11 13 6 228
5 11 13 9 696
5 11 13 15 858
5 13 13 6 442
5 13 13 9 1338
5 13 13 15 270
5 14 13 6 854
5 14 13 9 1392
5 14 13 15 126
5 7 14 5 514
5 7 14 10 1118
5 7 14 12 450
5 8 14 5 302
5 8 14 10 674
5 8 14 12 426
5 11 14 5 766
5 11 14 10 652
5 11 14 12 154
5 13 14 5 438
5 13 14 10 960
5 13 14 12 594
5 14 14 5 28
5 14 14 10 394
5 14 14 12 514
5 7 15 4 1796
5 7 15 11 616
5 7 15 13 270
5 8 15 4 154
5 8 15 11 876
5 8 15 13 304
5 11 15 4 628
5 11 15 11 94
5 11 15 13 634
5 13 15 4 680
5 13 15 11 706
5 13 15 13 274
5 14 15 4 1276
5 14 15 11 1284
5 14 15 13 104
6 8 0 2 944
6 8 0 4 92
6 8 0 11 100
6 11 0 2 682
6 11 0 4 386
6 11 0 11 836
6 13 0 2 36
6 13 0 4 368
6 13 0 11 1264
6 14 0 2 674
6 14 0 4 376
6 14 0 11 992
6 8 1 3 1224
6 8 1 5 398
6 8 1 10 742
6 11 1 3 16
6 11 1 5 306
6 11 1 10 168
6 13 1 3 1084
6 13 1 5 384
6 13 1 10 200
6 14 1 3 546
6 14 1 5 1094
6 14 1 10 464
6 8 2 0 1504
6 8 2 6 498
6 8 2 9 364
6 11 2 0 670
6 11 2 6 66
6 11 2 9 66
6 13 2 0 1058
6 13 2 6 1602
6 13 2 9 448
6 14 2 0 82
6 14 2 6 364
6 14 2 9 686
6 8 3 1 684
6 8 3 7 372
6 8 3 8 802
6 11 3 1 408
6 11 3 7 638
6 11 3 8 154
6 13 3 1 112
6 13 3 7 508
6 13 3 8 126
6 14 3 1 428
6 14 3 7 246
6 14 3 8 830
6 8 4 0 424
6 8 4 6 714
6 8 4 15 504
6 11 4 0 1596
6 11 4 6 444
6 11 4 15 1346
6 13 4 0 102
6 13 4 6 592
6 13 4 15 334
6 14 4 0 464
6 14 4 6 808
6 14 4 15 1010
6 8 5 1 172
6 8 5 7 74
6 8 5 14 516
6 11 5 1 136
6 11 5 7 180
6 11 5 14 888
6 13 5 1 2022
6 13 5 7 664
6 13 5 14 1070
6 14 5 1 1558
6 14 5 7 674
6 14 5 14 1112
6 8 6 2 68
6 8 6 4 834
6 8 6 13 680
6 11 6 2 260
6 11 6 4 474
6 11 6 13 914
6 13 6 2 334
6 13 6 4 728
6 13 6 13 196
6 14 6 2 492
6 14 6 4 478
6 14 6 13 752
6 8 7 3 682
6 8 7 5 1750
6 8 7 12 548
6 11 7 3 712
6 11 7 5 486
6 11 7 12 678
6 13 7 3 8
6 13 7 5 522
6 13 7 12 1436
6 14 7 3 268
6 14 7 5 150
6 14 7 12 450
6 8 8 3 1138
6 8 8 10 950
6 8 8 12 708
6 11 8 3 396
6 11 8 10 372
6 11 8 12 158
6 13 8 3 336
6 13 8 10 52
6 13 8 12 362
6 14 8 3 620
6 14 8 10 478
6 14 8 12 364
6 8 9 2 488
6 8 9 11 694
6 8 9 13 206
6 11 9 2 76
6 11 9 11 330
6 11 9 13 296
6 13 9 2 530
6 13 9 11 708
6 13 9 13 578
6 14 9 2 160
6 14 9 11 1990
6 14 9 13 506
6 8 10 1 1060
6 8 10 8 734
6 8 10 14 436
6 11 10 1 472
6 11 10 8 352
6 11 10 14 192
6 13 10 1 484
6 13 10 8 484
6 13 10 14 936
6 14 10 1 1086
6 14 10 8 386
6 14 10 14 172
6 8 11 0 454
6 8 11 9 566
6 8 11 15 408
6 11 11 0 722
6 11 11 9 1034
6 11 11 15 790
6 13 11 0 148
6 13 11 9 166
6 13 11 15 166
6 14 11 0 640
6 14 11 9 702
6 14 11 15 136
6 8 12 7 722
6 8 12 8 430
6 8 12 14 952
6 11 12 7 124
6 11 12 8 634
6 11 12 14 1160
6 13 12 7 622
6 13 12 8 1654
6 13 12 14 828
6 14 12 7 496
6 14 12 8 1076
6 14 12 14 1580
6 8 13 6 618
6 8 13 9 428
6 8 13 15 1104
6 11 13 6 770
6 11 13 9 568
6 11 13 15 186
6 13 13 6 268
6 13 13 9 1264
6 13 13 15 40
6 14 13 6 566
6 14 13 9 296
6 14 13 15 620
6 8 14 5 1398
6 8 14 10 368
6 8 14 12 694
6 11 14 5 94
6 11 14 10 632
6 11 14 12 618
6 13 14 5 566
6 13 14 10 380
6 13 14 12 542
6 14 14 5 1278
6 14 14 10 144
6 14 14 12 568
6 8 15 4 858
6 8 15 11 154
6 8 15 13 52
6 11 15 4 532
6 11 15 11 308
6 11 15 13 606
6 13 15 4 116
6 13 15 11 352
6 13 15 13 332
6 14 15 4 402
6 14 15 11 1132
6 14 15 13 48
7 9 0 2 2
7 9 0 4 350
7 9 0 11 518
7 10 0 2 1712
7 10 0 4 50
7 10 0 11 932
7 12 0 2 1222
7 12 0 4 394
7 12 0 11 106
7 15 0 2 14
7 15 0 4 60
7 15 0 11 130
7 9 1 3 786
7 9 1 5 56
7 9 1 10 862
7 10 1 3 146
7 10 1 5 1064
7 10 1 10 400
7 12 1 3 508
7 12 1 5 996
7 12 1 10 170
7 15 1 3 1096
7 15 1 5 1230
7 15 1 10 1150
7 9 2 0 168
7 9 2 6 1448
7 9 2 9 1162
7 10 2 0 236
7 10 2 6 420
7 10 2 9 1540
7 12 2 0 768
7 12 2 6 316
7 12 2 9 188
7 15 2 0 334
7 15 2 6 812
7 15 2 9 8
7 9 3 1 352
7 9 3 7 314
7 9 3 8 278
7 10 3 1 32
7 10 3 7 44
7 10 3 8 88
7 12 3 1 716
7 12 3 7 20
7 12 3 8 518
7 15 3 1 782
7 15 3 7 842
7 15 3 8 1200
7 9 4 0 398
7 9 4 6 364
7 9 4 15 1368
7 10 4 0 336
7 10 4 6 36
7 10 4 15 290
7 12 4 0 994
7 12 4 6 478
7 12 4 15 952
7 15 4 0 750
7 15 4 6 546
7 15 4 15 1566
7 9 5 1 634
7 9 5 7 402
7 9 5 14 420
7 10 5 1 1812
7 10 5 7 654
7 10 5 14 630
7 12 5 1 556
7 12 5 7 754
7 12 5 14 598
7 15 5 1 1676
7 15 5 7 304
7 15 5 14 702
7 9 6 2 280
7 9 6 4 748
7 9 6 13 400
7 10 6 2 18
7 10 6 4 204
7 10 6 13 1070
7 12 6 2 720
7 12 6 4 280
7 12 6 13 666
7 15 6 2 218
7 15 6 4 696
7 15 6 13 1062
7 9 7 3 372
7 9 7 5 220
7 9 7 12 116
7 10 7 3 1006
7 10 7 5 978
7 10 7 12 540
7 12 7 3 520
7 12 7 5 368
7 12 7 12 84
7 15 7 3 196
7 15 7 5 340
7 15 7 12 752
7 9 8 3 402
7 9 8 10 1516
7 9 8 12 396
7 10 8 3 700
7 10 8 10 226
7 10 8 12 1278
7 12 8 3 400
7 12 8 10 344
7 12 8 12 1034
7 15 8 3 566
7 15 8 10 1402
7 15 8 12 122
7 9 9 2 662
7 9 9 11 646
7 9 9 13 408
7 10 9 2 988
7 10 9 11 874
7 10 9 13 262
7 12 9 2 100
7 12 9 11 564
7 12 9 13 336
7 15 9 2 1098
7 15 9 11 872
7 15 9 13 354
7 9 10 1 78
7 9 10 8 240
7 9 10 14 118
7 10 10 1 400
7 10 10 8 786
7 10 10 14 296
7 12 10 1 160
7 12 10 8 718
7 12 10 14 598
7 15 10 1 674
7 15 10 8 956
7 15 10 14 296
7 9 11 0 188
7 9 11 9 122
7 9 11 15 1244
7 10 11 0 698
7 10 11 9 10
7 10 11 15 552
7 12 11 0 596
7 12 11 9 976
7 12 11 15 256
7 15 11 0 186
7 15 11 9 492
7 15 11 15 268
7 9 12 7 310
7 9 12 8 678
7 9 12 14 222
7 10 12 7 172
7 10 12 8 434
7 10 12 14 788
7 12 12 7 634
7 12 12 8 690
7 12 12 14 108
7 15 12 7 588
7 15 12 8 68
7 15 12 14 634
7 9 13 6 436
7 9 13 9 736
7 9 13 15 672
7 10 13 6 1792
7 10 13 9 366
7 10 13 15 162
7 12 13 6 1808
7 12 13 9 592
7 12 13 15 1508
7 15 13 6 486
7 15 13 9 392
7 15 13 15 354
7 9 14 5 122
7 9 14 10 382
7 9 14 12 500
7 10 14 5 6
7 10 14 10 384
7 10 14 12 278
7 12 14 5 186
7 12 14 10 332
7 12 14 12 734
7 15 14 5 2560
7 15 14 10 106
7 15 14 12 836
7 9 15 4 184
7 9 15 11 696
7 9 15 13 152
7 10 15 4 368
7 10 15 11 690
7 10 15 13 728
7 12 15 4 630
7 12 15 11 134
7 12 15 13 1112
7 15 15 4 994
7 15 15 11 36
7 15 15 13 312
8 10 0 2 868
8 10 0 4 198
8 10 0 11 654
8 12 0 2 710
8 12 0 4 188
8 12 0 11 72
8 10 1 3 312
8 10 1 5 562
8 10 1 10 1442
8 12 1 3 1160
8 12 1 5 58
8 12 1 10 734
8 10 2 0 374
8 10 2 6 1326
8 10 2 9 100
8 12 2 0 1004
8 12 2 6 1376
8 12 2 9 222
8 10 3 1 1370
8 10 3 7 1044
8 10 3 8 66
8 12 3 1 374
8 12 3 7 1470
8 12 3 8 1728
8 10 4 0 374
8 10 4 6 1034
8 10 4 15 1262
8 12 4 0 298
8 12 4 6 164
8 12 4 15 1110
8 10 5 1 62
8 10 5 7 954
8 10 5 14 114
8 12 5 1 316
8 12 5 7 1962
8 12 5 14 286
8 10 6 2 506
8 10 6 4 330
8 10 6 13 558
8 12 6 2 848
8 12 6 4 1158
8 12 6 13 52
8 10 7 3 754
8 10 7 5 570
8 10 7 12 548
8 12 7 3 94
8 12 7 5 194
8 12 7 12 698
8 10 8 3 402
8 10 8 10 2062
8 10 8 12 1248
8 12 8 3 174
8 12 8 10 354
8 12 8 12 850
8 10 9 2 284
8 10 9 11 1118
8 10 9 13 636
8 12 9 2 832
8 12 9 11 22
8 12 9 13 408
8 10 10 1 288
8 10 10 8 976
8 10 10 14 426
8 12 10 1 340
8 12 10 8 494
8 12 10 14 820
8 10 11 0 190
8 10 11 9 842
8 10 11 15 1106
8 12 11 0 206
8 12 11 9 194
8 12 11 15 1078
8 10 12 7 1070
8 10 12 8 60
8 10 12 14 478
8 12 12 7 1598
8 12 12 8 476
8 12 12 14 62
8 10 13 6 502
8 10 13 9 92
8 10 13 15 402
8 12 13 6 486
8 12 13 9 50
8 12 13 15 728
8 10 14 5 112
8 10 14 10 342
8 10 14 12 338
8 12 14 5 272
8 12 14 10 1620
8 12 14 12 500
8 10 15 4 690
8 10 15 11 744
8 10 15 13 692
8 12 15 4 282
8 12 15 11 2
8 12 15 13 800
9 11 0 2 684
9 11 0 4 314
9 11 0 11 32
9 13 0 2 936
9 13 0 4 520
9 13 0 11 1786
9 11 1 3 160
9 11 1 5 1078
9 11 1 10 38
9 13 1 3 832
9 13 1 5 1400
9 13 1 10 754
9 11 2 0 1064
9 11 2 6 62
9 11 2 9 598
9 13 2 0 436
9 13 2 6 76
9 13 2 9 804
9 11 3 1 406
9 11 3 7 206
9 11 3 8 954
9 13 3 1 734
9 13 3 7 80
9 13 3 8 926
9 11 4 0 216
9 11 4 6 1300
9 11 4 15 1142
9 13 4 0 202
9 13 4 6 380
9 13 4 15 978
9 11 5 1 500
9 11 5 7 254
9 11 5 14 26
9 13 5 1 344
9 13 5 7 216
9 13 5 14 476
9 11 6 2 436
9 11 6 4 826
9 11 6 13 312
9 13 6 2 506
9 13 6 4 644
9 13 6 13 256
9 11 7 3 270
9 11 7 5 264
9 11 7 12 56
9 13 7 3 370
9 13 7 5 620
9 13 7 12 172
9 11 8 3 202
9 11 8 10 304
9 11 8 12 748
9 13 8 3 310
9 13 8 10 378
9 13 8 12 280
9 11 9 2 610
9 11 9 11 444
9 11 9 13 1410
9 13 9 2 328
9 13 9 11 958
9 13 9 13 188
9 11 10 1 868
9 11 10 8 254
9 11 10 14 148
9 13 10 1 1538
9 13 10 8 334
9 13 10 14 366
9 11 11 0 162
9 11 11 9 402
9 11 11 15 74
9 13 11 0 330
9 13 11 9 82
9 13 11 15 228
9 11 12 7 168
9 11 12 8 312
9 11 12 14 116
9 13 12 7 216
9 13 12 8 312
9 13 12 14 286
9 11 13 6 284
9 11 13 9 476
9 11 13 15 1318
9 13 13 6 510
9 13 13 9 450
9 13 13 15 610
9 11 14 5 12
9 11 14 10 1194
9 11 14 12 586
9 13 14 5 610
9 13 14 10 1176
9 13 14 12 116
9 11 15 4 1034
9 11 15 11 146
9 11 15 13 50
9 13 15 4 1200
9 13 15 11 766
9 13 15 13 572
10 14 0 2 790
10 14 0 4 508
10 14 0 11 414
10 14 1 3 1202
10 14 1 5 1138
10 14 1 10 1274
10 14 2 0 1040
10 14 2 6 798
10 14 2 9 170
10 14 3 1 1674
10 14 3 7 326
10 14 3 8 548
10 14 4 0 1414
10 14 4 6 26
10 14 4 15 746
10 14 5 1 486
10 14 5 7 296
10 14 5 14 976
10 14 6 2 1052
10 14 6 4 178
10 14 6 13 340
10 14 7 3 1802
10 14 7 5 1104
10 14 7 12 1844
10 14 8 3 28
10 14 8 10 140
10 14 8 12 192
10 14 9 2 614
10 14 9 11 730
10 14 9 13 36
10 14 10 1 666
10 14 10 8 314
10 14 10 14 416
10 14 11 0 1008
10 14 11 9 328
10 14 11 15 924
10 14 12 7 346
10 14 12 8 318
10 14 12 14 340
10 14 13 6 264
10 14 13 9 1916
10 14 13 15 1106
10 14 14 5 2046
10 14 14 10 218
10 14 14 12 1204
10 14 15 4 262
10 14 15 11 1082
10 14 15 13 396
11 15 0 2 808
11 15 0 4 194
11 15 0 11 1184
11 15 1 3 718
11 15 1 5 1266
11 15 1 10 924
11 15 2 0 898
11 15 2 6 500
11 15 2 9 272
11 15 3 1 512
11 15 3 7 1450
11 15 3 8 510
11 15 4 0 1270
11 15 4 6 1754
11 15 4 15 244
11 15 5 1 292
11 15 5 7 1086
11 15 5 14 94
11 15 6 2 68
11 15 6 4 286
11 15 6 13 974
11 15 7 3 272
11 15 7 5 188
11 15 7 12 924
11 15 8 3 442
11 15 8 10 384
11 15 8 12 44
11 15 9 2 808
11 15 9 11 52
11 15 9 13 454
11 15 10 1 258
11 15 10 8 356
11 15 10 14 964
11 15 11 0 614
11 15 11 9 238
11 15 11 15 96
11 15 12 7 108
11 15 12 8 914
11 15 12 14 624
11 15 13 6 722
11 15 13 9 534
11 15 13 15 214
11 15 14 5 360
11 15 14 10 282
11 15 14 12 1286
11 15 15 4 156
11 15 15 11 556
11 15 15 13 20
12 14 0 2 176
12 14 0 4 520
12 14 0 11 466
12 14 1 3 398
12 14 1 5 1112
12 14 1 10 140
12 14 2 0 198
12 14 2 6 428
12 14 2 9 202
12 14 3 1 202
12 14 3 7 360
12 14 3 8 178
12 14 4 0 580
12 14 4 6 286
12 14 4 15 1060
12 14 5 1 20
12 14 5 7 574
12 14 5 14 108
12 14 6 2 328
12 14 6 4 618
12 14 6 13 728
12 14 7 3 1434
12 14 7 5 72
12 14 7 12 1210
12 14 8 3 178
12 14 8 10 746
12 14 8 12 818
12 14 9 2 842
12 14 9 11 754
12 14 9 13 458
12 14 10 1 668
12 14 10 8 530
12 14 10 14 772
12 14 11 0 24
12 14 11 9 568
12 14 11 15 796
12 14 12 7 580
12 14 12 8 160
12 14 12 14 166
12 14 13 6 1374
12 14 13 9 740
12 14 13 15 392
12 14 14 5 226
12 14 14 10 430
12 14 14 12 258
12 14 15 4 270
12 14 15 11 432
12 14 15 13 0
13 15 0 2 402
13 15 0 4 6
13 15 0 11 270
13 15 1 3 806
13 15 1 5 360
13 15 1 10 358
13 15 2 0 492
13 15 2 6 622
13 15 2 9 162
13 15 3 1 462
13 15 3 7 858
13 15 3 8 1120
13 15 4 0 548
13 15 4 6 1034
13 15 4 15 820
13 15 5 1 652
13 15 5 7 270
13 15 5 14 174
13 15 6 2 48
13 15 6 4 430
13 15 6 13 1760
13 15 7 3 710
13 15 7 5 40
13 15 7 12 968
13 15 8 3 318
13 15 8 10 516
13 15 8 12 1034
13 15 9 2 276
13 15 9 11 220
13 15 9 13 1576
13 15 10 1 94
13 15 10 8 366
13 15 10 14 248
13 15 11 0 494
13 15 11 9 470
13 15 11 15 50
13 15 12 7 384
13 15 12 8 382
13 15 12 14 1066
13 15 13 6 684
13 15 13 9 776
13 15 13 15 606
13 15 14 5 418
13 15 14 10 1044
13 15 14 12 812
13 15 15 4 408
13 15 15 11 1050
13 15 15 13 218
