0 2 0 2 352
0 2 0 4 72
0 2 0 11 146
0 4 0 2 212
0 4 0 4 90
0 4 0 11 134
0 8 0 2 310
0 8 0 4 28
0 8 0 11 232
0 11 0 2 6
0 11 0 4 368
0 11 0 11 18
0 13 0 2 126
0 13 0 4 172
0 13 0 11 156
0 14 0 2 8
0 14 0 4 54
0 14 0 11 218
0 2 1 3 626
0 2 1 5 26
0 2 1 10 40
0 4 1 3 96
0 4 1 5 70
0 4 1 10 228
0 8 1 3 304
0 8 1 5 84
0 8 1 10 42
0 11 1 3 150
0 11 1 5 170
0 11 1 10 148
0 13 1 3 112
0 13 1 5 222
0 13 1 10 218
0 14 1 3 222
0 14 1 5 30
0 14 1 10 340
0 2 2 0 10
0 2 2 6 54
0 2 2 9 112
0 4 2 0 326
0 4 2 6 208
0 4 2 9 4
0 8 2 0 72
0 8 2 6 80
0 8 2 9 356
0 11 2 0 40
0 11 2 6 10
0 11 2 9 222
0 13 2 0 470
0 13 2 6 232
0 13 2 9 38
0 14 2 0 46
0 14 2 6 76
0 14 2 9 96
0 2 3 1 130
0 2 3 7 46
0 2 3 8 134
0 4 3 1 40
0 4 3 7 142
0 4 3 8 114
0 8 3 1 206
0 8 3 7 270
0 8 3 8 86
0 11 3 1 426
0 11 3 7 224
0 11 3 8 192
0 13 3 1 78
0 13 3 7 48
0 13 3 8 44
0 14 3 1 6
0 14 3 7 242
0 14 3 8 66
0 2 4 0 206
0 2 4 6 260
0 2 4 15 448
0 4 4 0 276
0 4 4 6 254
0 4 4 15 206
0 8 4 0 332
0 8 4 6 34
0 8 4 15 642
0 11 4 0 0
0 11 4 6 212
0 11 4 15 104
0 13 4 0 102
0 13 4 6 274
0 13 4 15 32
0 14 4 0 142
0 14 4 6 318
0 14 4 15 306
0 2 5 1 40
0 2 5 7 348
0 2 5 14 206
0 4 5 1 46
0 4 5 7 248
0 4 5 14 108
0 8 5 1 262
0 8 5 7 32
0 8 5 14 502
0 11 5 1 266
0 11 5 7 504
0 11 5 14 322
0 13 5 1 52
0 13 5 7 162
0 13 5 14 204
0 14 5 1 48
0 14 5 7 76
0 14 5 14 752
0 2 6 2 52
0 2 6 4 134
0 2 6 13 450
0 4 6 2 218
0 4 6 4 176
0 4 6 13 508
0 8 6 2 84
0 8 6 4 212
0 8 6 13 80
0 11 6 2 238
0 11 6 4 96
0 11 6 13 298
0 13 6 2 100
0 13 6 4 468
0 13 6 13 224
0 14 6 2 278
0 14 6 4 56
0 14 6 13 84
0 2 7 3 10
0 2 7 5 388
0 2 7 12 638
0 4 7 3 410
0 4 7 5 342
0 4 7 12 56
0 8 7 3 438
0 8 7 5 234
0 8 7 12 6
0 11 7 3 50
0 11 7 5 260
0 11 7 12 108
0 13 7 3 92
0 13 7 5 250
0 13 7 12 506
0 14 7 3 20
0 14 7 5 134
0 14 7 12 34
0 2 8 3 584
0 2 8 10 222
0 2 8 12 30
0 4 8 3 86
0 4 8 10 4
0 4 8 12 142
0 8 8 3 346
0 8 8 10 294
0 8 8 12 46
0 11 8 3 404
0 11 8 10 102
0 11 8 12 162
0 13 8 3 60
0 13 8 10 346
0 13 8 12 522
0 14 8 3 138
0 14 8 10 14
0 14 8 12 86
0 2 9 2 8
0 2 9 11 248
0 2 9 13 186
0 4 9 2 120
0 4 9 11 56
0 4 9 13 118
0 8 9 2 288
0 8 9 11 470
0 8 9 13 180
0 11 9 2 430
0 11 9 11 326
0 11 9 13 588
0 13 9 2 262
0 13 9 11 356
0 13 9 13 72
0 14 9 2 724
0 14 9 11 66
0 14 9 13 390
0 2 10 1 148
0 2 10 8 156
0 2 10 14 228
0 4 10 1 42
0 4 10 8 318
0 4 10 14 302
0 8 10 1 98
0 8 10 8 116
0 8 10 14 198
0 11 10 1 414
0 11 10 8 450
0 11 10 14 364
0 13 10 1 82
0 13 10 8 34
0 13 10 14 6
0 14 10 1 546
0 14 10 8 418
0 14 10 14 150
0 2 11 0 182
0 2 11 9 288
0 2 11 15 280
0 4 11 0 288
0 4 11 9 50
0 4 11 15 198
0 8 11 0 272
0 8 11 9 196
0 8 11 15 40
0 11 11 0 102
0 11 11 9 124
0 11 11 15 146
0 13 11 0 322
0 13 11 9 156
0 13 11 15 152
0 14 11 0 168
0 14 11 9 388
0 14 11 15 14
0 2 12 7 152
0 2 12 8 366
0 2 12 14 56
0 4 12 7 248
0 4 12 8 420
0 4 12 14 146
0 8 12 7 80
0 8 12 8 346
0 8 12 14 444
0 11 12 7 136
0 11 12 8 204
0 11 12 14 276
0 13 12 7 396
0 13 12 8 408
0 13 12 14 130
0 14 12 7 74
0 14 12 8 308
0 14 12 14 430
0 2 13 6 106
0 2 13 9 36
0 2 13 15 450
0 4 13 6 292
0 4 13 9 722
0 4 13 15 204
0 8 13 6 82
0 8 13 9 84
0 8 13 15 162
0 11 13 6 236
0 11 13 9 46
0 11 13 15 88
0 13 13 6 292
0 13 13 9 36
0 13 13 15 420
0 14 13 6 572
0 14 13 9 232
0 14 13 15 138
0 2 14 5 118
0 2 14 10 132
0 2 14 12 422
0 4 14 5 148
0 4 14 10 226
0 4 14 12 2
0 8 14 5 320
0 8 14 10 152
0 8 14 12 270
0 11 14 5 98
0 11 14 10 76
0 11 14 12 274
0 13 14 5 396
0 13 14 10 266
0 13 14 12 290
0 14 14 5 312
0 14 14 10 68
0 14 14 12 362
0 2 15 4 92
0 2 15 11 72
0 2 15 13 376
0 4 15 4 164
0 4 15 11 308
0 4 15 13 300
0 8 15 4 210
0 8 15 11 62
0 8 15 13 438
0 11 15 4 102
0 11 15 11 110
0 11 15 13 254
0 13 15 4 8
0 13 15 11 140
0 13 15 13 274
0 14 15 4 224
0 14 15 11 332
0 14 15 13 166
1 3 0 2 348
1 3 0 4 106
1 3 0 11 66
1 5 0 2 408
1 5 0 4 10
1 5 0 11 210
1 9 0 2 80
1 9 0 4 94
1 9 0 11 66
1 10 0 2 520
1 10 0 4 102
1 10 0 11 192
1 12 0 2 346
1 12 0 4 104
1 12 0 11 48
1 15 0 2 216
1 15 0 4 170
1 15 0 11 74
1 3 1 3 234
1 3 1 5 74
1 3 1 10 36
1 5 1 3 178
1 5 1 5 118
1 5 1 10 122
1 9 1 3 440
1 9 1 5 6
1 9 1 10 72
1 10 1 3 472
1 10 1 5 420
1 10 1 10 80
1 12 1 3 378
1 12 1 5 30
1 12 1 10 72
1 15 1 3 176
1 15 1 5 68
1 15 1 10 314
1 3 2 0 290
1 3 2 6 176
1 3 2 9 86
1 5 2 0 484
1 5 2 6 76
1 5 2 9 98
1 9 2 0 396
1 9 2 6 292
1 9 2 9 190
1 10 2 0 454
1 10 2 6 40
1 10 2 9 54
1 12 2 0 114
1 12 2 6 104
1 12 2 9 44
1 15 2 0 50
1 15 2 6 284
1 15 2 9 112
1 3 3 1 174
1 3 3 7 72
1 3 3 8 36
1 5 3 1 84
1 5 3 7 110
1 5 3 8 520
1 9 3 1 270
1 9 3 7 286
1 9 3 8 206
1 10 3 1 142
1 10 3 7 204
1 10 3 8 42
1 12 3 1 438
1 12 3 7 250
1 12 3 8 102
1 15 3 1 340
1 15 3 7 114
1 15 3 8 394
1 3 4 0 772
1 3 4 6 158
1 3 4 15 66
1 5 4 0 536
1 5 4 6 108
1 5 4 15 4
1 9 4 0 12
1 9 4 6 526
1 9 4 15 208
1 10 4 0 168
1 10 4 6 104
1 10 4 15 246
1 12 4 0 256
1 12 4 6 150
1 12 4 15 230
1 15 4 0 20
1 15 4 6 54
1 15 4 15 26
1 3 5 1 334
1 3 5 7 198
1 3 5 14 314
1 5 5 1 2
1 5 5 7 360
1 5 5 14 90
1 9 5 1 60
1 9 5 7 30
1 9 5 14 114
1 10 5 1 142
1 10 5 7 286
1 10 5 14 64
1 12 5 1 54
1 12 5 7 116
1 12 5 14 272
1 15 5 1 278
1 15 5 7 534
1 15 5 14 204
1 3 6 2 604
1 3 6 4 504
1 3 6 13 152
1 5 6 2 60
1 5 6 4 272
1 5 6 13 96
1 9 6 2 148
1 9 6 4 412
1 9 6 13 102
1 10 6 2 484
1 10 6 4 150
1 10 6 13 190
1 12 6 2 106
1 12 6 4 300
1 12 6 13 170
1 15 6 2 206
1 15 6 4 180
1 15 6 13 122
1 3 7 3 188
1 3 7 5 450
1 3 7 12 76
1 5 7 3 80
1 5 7 5 440
1 5 7 12 6
1 9 7 3 316
1 9 7 5 92
1 9 7 12 176
1 10 7 3 432
1 10 7 5 164
1 10 7 12 136
1 12 7 3 204
1 12 7 5 130
1 12 7 12 306
1 15 7 3 34
1 15 7 5 308
1 15 7 12 100
1 3 8 3 548
1 3 8 10 296
1 3 8 12 72
1 5 8 3 82
1 5 8 10 178
1 5 8 12 356
1 9 8 3 248
1 9 8 10 204
1 9 8 12 298
1 10 8 3 76
1 10 8 10 462
1 10 8 12 14
1 12 8 3 294
1 12 8 10 246
1 12 8 12 224
1 15 8 3 250
1 15 8 10 380
1 15 8 12 222
1 3 9 2 110
1 3 9 11 90
1 3 9 13 46
1 5 9 2 28
1 5 9 11 240
1 5 9 13 222
1 9 9 2 128
1 9 9 11 80
1 9 9 13 90
1 10 9 2 434
1 10 9 11 62
1 10 9 13 240
1 12 9 2 50
1 12 9 11 528
1 12 9 13 12
1 15 9 2 152
1 15 9 11 316
1 15 9 13 348
1 3 10 1 526
1 3 10 8 124
1 3 10 14 146
1 5 10 1 256
1 5 10 8 204
1 5 10 14 136
1 9 10 1 86
1 9 10 8 268
1 9 10 14 106
1 10 10 1 118
1 10 10 8 396
1 10 10 14 34
1 12 10 1 66
1 12 10 8 22
1 12 10 14 18
1 15 10 1 368
1 15 10 8 52
1 15 10 14 34
1 3 11 0 214
1 3 11 9 372
1 3 11 15 28
1 5 11 0 678
1 5 11 9 76
1 5 11 15 156
1 9 11 0 476
1 9 11 9 4
1 9 11 15 30
1 10 11 0 146
1 10 11 9 542
1 10 11 15 164
1 12 11 0 388
1 12 11 9 148
1 12 11 15 30
1 15 11 0 150
1 15 11 9 102
1 15 11 15 52
1 3 12 7 244
1 3 12 8 16
1 3 12 14 154
1 5 12 7 118
1 5 12 8 480
1 5 12 14 146
1 9 12 7 56
1 9 12 8 156
1 9 12 14 152
1 10 12 7 40
1 10 12 8 302
1 10 12 14 84
1 12 12 7 330
1 12 12 8 224
1 12 12 14 64
1 15 12 7 392
1 15 12 8 382
1 15 12 14 326
1 3 13 6 16
1 3 13 9 292
1 3 13 15 160
1 5 13 6 138
1 5 13 9 150
1 5 13 15 70
1 9 13 6 124
1 9 13 9 268
1 9 13 15 516
1 10 13 6 40
1 10 13 9 314
1 10 13 15 222
1 12 13 6 92
1 12 13 9 94
1 12 13 15 24
1 15 13 6 140
1 15 13 9 194
1 15 13 15 264
1 3 14 5 160
1 3 14 10 26
1 3 14 12 190
1 5 14 5 308
1 5 14 10 418
1 5 14 12 516
1 9 14 5 206
1 9 14 10 304
1 9 14 12 66
1 10 14 5 332
1 10 14 10 372
1 10 14 12 132
1 12 14 5 114
1 12 14 10 68
1 12 14 12 94
1 15 14 5 254
1 15 14 10 42
1 15 14 12 318
1 3 15 4 272
1 3 15 11 70
1 3 15 13 248
1 5 15 4 298
1 5 15 11 300
1 5 15 13 150
1 9 15 4 298
1 9 15 11 62
1 9 15 13 322
1 10 15 4 164
1 10 15 11 32
1 10 15 13 170
1 12 15 4 264
1 12 15 11 108
1 12 15 13 26
1 15 15 4 206
1 15 15 11 6
1 15 15 13 180
2 6 0 2 266
2 6 0 4 202
2 6 0 11 364
2 9 0 2 552
2 9 0 4 108
2 9 0 11 356
2 10 0 2 16
2 10 0 4 200
2 10 0 11 552
2 12 0 2 244
2 12 0 4 12
2 12 0 11 88
2 15 0 2 84
2 15 0 4 196
2 15 0 11 78
2 6 1 3 80
2 6 1 5 206
2 6 1 10 154
2 9 1 3 44
2 9 1 5 66
2 9 1 10 120
2 10 1 3 32
2 10 1 5 136
2 10 1 10 560
2 12 1 3 100
2 12 1 5 82
2 12 1 10 74
2 15 1 3 210
2 15 1 5 200
2 15 1 10 68
2 6 2 0 36
2 6 2 6 180
2 6 2 9 96
2 9 2 0 30
2 9 2 6 262
2 9 2 9 246
2 10 2 0 32
2 10 2 6 64
2 10 2 9 208
2 12 2 0 266
2 12 2 6 82
2 12 2 9 368
2 15 2 0 136
2 15 2 6 82
2 15 2 9 142
2 6 3 1 30
2 6 3 7 158
2 6 3 8 300
2 9 3 1 434
2 9 3 7 210
2 9 3 8 72
2 10 3 1 26
2 10 3 7 350
2 10 3 8 88
2 12 3 1 594
2 12 3 7 404
2 12 3 8 20
2 15 3 1 264
2 15 3 7 44
2 15 3 8 330
2 6 4 0 312
2 6 4 6 268
2 6 4 15 246
2 9 4 0 438
2 9 4 6 290
2 9 4 15 34
2 10 4 0 148
2 10 4 6 14
2 10 4 15 42
2 12 4 0 230
2 12 4 6 386
2 12 4 15 54
2 15 4 0 406
2 15 4 6 70
2 15 4 15 134
2 6 5 1 246
2 6 5 7 164
2 6 5 14 96
2 9 5 1 482
2 9 5 7 246
2 9 5 14 76
2 10 5 1 64
2 10 5 7 388
2 10 5 14 78
2 12 5 1 144
2 12 5 7 172
2 12 5 14 580
2 15 5 1 150
2 15 5 7 144
2 15 5 14 28
2 6 6 2 70
2 6 6 4 48
2 6 6 13 64
2 9 6 2 36
2 9 6 4 64
2 9 6 13 4
2 10 6 2 24
2 10 6 4 94
2 10 6 13 268
2 12 6 2 444
2 12 6 4 126
2 12 6 13 160
2 15 6 2 288
2 15 6 4 206
2 15 6 13 68
2 6 7 3 120
2 6 7 5 288
2 6 7 12 158
2 9 7 3 144
2 9 7 5 128
2 9 7 12 190
2 10 7 3 2
2 10 7 5 324
2 10 7 12 306
2 12 7 3 100
2 12 7 5 144
2 12 7 12 74
2 15 7 3 300
2 15 7 5 82
2 15 7 12 472
2 6 8 3 180
2 6 8 10 62
2 6 8 12 82
2 9 8 3 192
2 9 8 10 62
2 9 8 12 88
2 10 8 3 134
2 10 8 10 402
2 10 8 12 352
2 12 8 3 150
2 12 8 10 140
2 12 8 12 404
2 15 8 3 68
2 15 8 10 362
2 15 8 12 186
2 6 9 2 118
2 6 9 11 122
2 6 9 13 2
2 9 9 2 16
2 9 9 11 214
2 9 9 13 194
2 10 9 2 342
2 10 9 11 418
2 10 9 13 198
2 12 9 2 68
2 12 9 11 184
2 12 9 13 168
2 15 9 2 206
2 15 9 11 230
2 15 9 13 166
2 6 10 1 4
2 6 10 8 326
2 6 10 14 138
2 9 10 1 160
2 9 10 8 470
2 9 10 14 302
2 10 10 1 96
2 10 10 8 380
2 10 10 14 134
2 12 10 1 100
2 12 10 8 130
2 12 10 14 108
2 15 10 1 160
2 15 10 8 152
2 15 10 14 272
2 6 11 0 90
2 6 11 9 10
2 6 11 15 208
2 9 11 0 170
2 9 11 9 62
2 9 11 15 176
2 10 11 0 188
2 10 11 9 298
2 10 11 15 152
2 12 11 0 184
2 12 11 9 248
2 12 11 15 226
2 15 11 0 256
2 15 11 9 200
2 15 11 15 28
2 6 12 7 132
2 6 12 8 116
2 6 12 14 182
2 9 12 7 148
2 9 12 8 128
2 9 12 14 106
2 10 12 7 36
2 10 12 8 74
2 10 12 14 238
2 12 12 7 36
2 12 12 8 398
2 12 12 14 370
2 15 12 7 4
2 15 12 8 52
2 15 12 14 46
2 6 13 6 422
2 6 13 9 218
2 6 13 15 334
2 9 13 6 260
2 9 13 9 44
2 9 13 15 296
2 10 13 6 426
2 10 13 9 240
2 10 13 15 264
2 12 13 6 42
2 12 13 9 16
2 12 13 15 42
2 15 13 6 158
2 15 13 9 58
2 15 13 15 112
2 6 14 5 40
2 6 14 10 228
2 6 14 12 26
2 9 14 5 260
2 9 14 10 278
2 9 14 12 178
2 10 14 5 268
2 10 14 10 26
2 10 14 12 78
2 12 14 5 30
2 12 14 10 194
2 12 14 12 78
2 15 14 5 66
2 15 14 10 306
2 15 14 12 576
2 6 15 4 62
2 6 15 11 272
2 6 15 13 84
2 9 15 4 182
2 9 15 11 70
2 9 15 13 176
2 10 15 4 160
2 10 15 11 82
2 10 15 13 42
2 12 15 4 64
2 12 15 11 166
2 12 15 13 100
2 15 15 4 102
2 15 15 11 34
2 15 15 13 222
3 7 0 2 260
3 7 0 4 244
3 7 0 11 346
3 8 0 2 112
3 8 0 4 150
3 8 0 11 212
3 11 0 2 612
3 11 0 4 348
3 11 0 11 8
3 13 0 2 138
3 13 0 4 490
3 13 0 11 194
3 14 0 2 408
3 14 0 4 56
3 14 0 11 230
3 7 1 3 384
3 7 1 5 48
3 7 1 10 22
3 8 1 3 8
3 8 1 5 440
3 8 1 10 78
3 11 1 3 440
3 11 1 5 14
3 11 1 10 50
3 13 1 3 132
3 13 1 5 136
3 13 1 10 90
3 14 1 3 180
3 14 1 5 60
3 14 1 10 246
3 7 2 0 42
3 7 2 6 64
3 7 2 9 268
3 8 2 0 242
3 8 2 6 56
3 8 2 9 164
3 11 2 0 364
3 11 2 6 172
3 11 2 9 118
3 13 2 0 116
3 13 2 6 20
3 13 2 9 188
3 14 2 0 152
3 14 2 6 432
3 14 2 9 298
3 7 3 1 82
3 7 3 7 410
3 7 3 8 330
3 8 3 1 66
3 8 3 7 408
3 8 3 8 56
3 11 3 1 112
3 11 3 7 438
3 11 3 8 328
3 13 3 1 16
3 13 3 7 52
3 13 3 8 328
3 14 3 1 2
3 14 3 7 482
3 14 3 8 124
3 7 4 0 202
3 7 4 6 112
3 7 4 15 124
3 8 4 0 206
3 8 4 6 160
3 8 4 15 188
3 11 4 0 210
3 11 4 6 68
3 11 4 15 180
3 13 4 0 40
3 13 4 6 554
3 13 4 15 162
3 14 4 0 78
3 14 4 6 100
3 14 4 15 68
3 7 5 1 562
3 7 5 7 106
3 7 5 14 370
3 8 5 1 332
3 8 5 7 4
3 8 5 14 120
3 11 5 1 590
3 11 5 7 328
3 11 5 14 262
3 13 5 1 46
3 13 5 7 518
3 13 5 14 224
3 14 5 1 138
3 14 5 7 94
3 14 5 14 202
3 7 6 2 204
3 7 6 4 106
3 7 6 13 70
3 8 6 2 62
3 8 6 4 16
3 8 6 13 36
3 11 6 2 10
3 11 6 4 438
3 11 6 13 64
3 13 6 2 782
3 13 6 4 350
3 13 6 13 344
3 14 6 2 390
3 14 6 4 82
3 14 6 13 168
3 7 7 3 110
3 7 7 5 190
3 7 7 12 348
3 8 7 3 26
3 8 7 5 496
3 8 7 12 196
3 11 7 3 326
3 11 7 5 124
3 11 7 12 792
3 13 7 3 158
3 13 7 5 42
3 13 7 12 338
3 14 7 3 80
3 14 7 5 320
3 14 7 12 132
3 7 8 3 352
3 7 8 10 340
3 7 8 12 20
3 8 8 3 24
3 8 8 10 174
3 8 8 12 18
3 11 8 3 106
3 11 8 10 256
3 11 8 12 100
3 13 8 3 60
3 13 8 10 302
3 13 8 12 22
3 14 8 3 10
3 14 8 10 422
3 14 8 12 534
3 7 9 2 2
3 7 9 11 322
3 7 9 13 138
3 8 9 2 166
3 8 9 11 412
3 8 9 13 216
3 11 9 2 166
3 11 9 11 254
3 11 9 13 78
3 13 9 2 152
3 13 9 11 668
3 13 9 13 338
3 14 9 2 226
3 14 9 11 404
3 14 9 13 398
3 7 10 1 372
3 7 10 8 456
3 7 10 14 336
3 8 10 1 114
3 8 10 8 212
3 8 10 14 360
3 11 10 1 40
3 11 10 8 46
3 11 10 14 80
3 13 10 1 746
3 13 10 8 94
3 13 10 14 12
3 14 10 1 398
3 14 10 8 220
3 14 10 14 134
3 7 11 0 582
3 7 11 9 284
3 7 11 15 382
3 8 11 0 214
3 8 11 9 102
3 8 11 15 142
3 11 11 0 2
3 11 11 9 88
3 11 11 15 16
3 13 11 0 398
3 13 11 9 376
3 13 11 15 152
3 14 11 0 208
3 14 11 9 272
3 14 11 15 54
3 7 12 7 316
3 7 12 8 70
3 7 12 14 98
3 8 12 7 102
3 8 12 8 66
3 8 12 14 168
3 11 12 7 32
3 11 12 8 162
3 11 12 14 130
3 13 12 7 2
3 13 12 8 468
3 13 12 14 58
3 14 12 7 314
3 14 12 8 352
3 14 12 14 54
3 7 13 6 24
3 7 13 9 26
3 7 13 15 318
3 8 13 6 176
3 8 13 9 86
3 8 13 15 168
3 11 13 6 228
3 11 13 9 360
3 11 13 15 426
3 13 13 6 82
3 13 13 9 150
3 13 13 15 522
3 14 13 6 274
3 14 13 9 230
3 14 13 15 366
3 7 14 5 288
3 7 14 10 96
3 7 14 12 372
3 8 14 5 186
3 8 14 10 90
3 8 14 12 48
3 11 14 5 100
3 11 14 10 38
3 11 14 12 250
3 13 14 5 226
3 13 14 10 140
3 13 14 12 52
3 14 14 5 236
3 14 14 10 418
3 14 14 12 260
3 7 15 4 444
3 7 15 11 434
3 7 15 13 60
3 8 15 4 12
3 8 15 11 498
3 8 15 13 52
3 11 15 4 200
3 11 15 11 168
3 11 15 13 30
3 13 15 4 126
3 13 15 11 268
3 13 15 13 406
3 14 15 4 328
3 14 15 11 370
3 14 15 13 146
4 6 0 2 362
4 6 0 4 270
4 6 0 11 460
4 9 0 2 160
4 9 0 4 44
4 9 0 11 144
4 10 0 2 284
4 10 0 4 250
4 10 0 11 142
4 12 0 2 268
4 12 0 4 84
4 12 0 11 104
4 15 0 2 126
4 15 0 4 140
4 15 0 11 80
4 6 1 3 152
4 6 1 5 86
4 6 1 10 174
4 9 1 3 222
4 9 1 5 16
4 9 1 10 78
4 10 1 3 38
4 10 1 5 160
4 10 1 10 350
4 12 1 3 32
4 12 1 5 62
4 12 1 10 140
4 15 1 3 38
4 15 1 5 78
4 15 1 10 54
4 6 2 0 312
4 6 2 6 68
4 6 2 9 16
4 9 2 0 400
4 9 2 6 140
4 9 2 9 212
4 10 2 0 178
4 10 2 6 264
4 10 2 9 132
4 12 2 0 8
4 12 2 6 42
4 12 2 9 58
4 15 2 0 190
4 15 2 6 94
4 15 2 9 270
4 6 3 1 174
4 6 3 7 34
4 6 3 8 154
4 9 3 1 320
4 9 3 7 50
4 9 3 8 108
4 10 3 1 258
4 10 3 7 320
4 10 3 8 278
4 12 3 1 164
4 12 3 7 162
4 12 3 8 706
4 15 3 1 14
4 15 3 7 108
4 15 3 8 42
4 6 4 0 158
4 6 4 6 210
4 6 4 15 144
4 9 4 0 88
4 9 4 6 308
4 9 4 15 92
4 10 4 0 6
4 10 4 6 128
4 10 4 15 142
4 12 4 0 144
4 12 4 6 208
4 12 4 15 90
4 15 4 0 446
4 15 4 6 142
4 15 4 15 12
4 6 5 1 452
4 6 5 7 28
4 6 5 14 272
4 9 5 1 182
4 9 5 7 24
4 9 5 14 216
4 10 5 1 2
4 10 5 7 36
4 10 5 14 268
4 12 5 1 500
4 12 5 7 232
4 12 5 14 150
4 15 5 1 382
4 15 5 7 212
4 15 5 14 10
4 6 6 2 214
4 6 6 4 286
4 6 6 13 250
4 9 6 2 558
4 9 6 4 82
4 9 6 13 264
4 10 6 2 530
4 10 6 4 314
4 10 6 13 60
4 12 6 2 258
4 12 6 4 364
4 12 6 13 236
4 15 6 2 64
4 15 6 4 80
4 15 6 13 188
4 6 7 3 186
4 6 7 5 270
4 6 7 12 60
4 9 7 3 116
4 9 7 5 102
4 9 7 12 238
4 10 7 3 12
4 10 7 5 352
4 10 7 12 396
4 12 7 3 12
4 12 7 5 272
4 12 7 12 564
4 15 7 3 110
4 15 7 5 82
4 15 7 12 228
4 6 8 3 8
4 6 8 10 128
4 6 8 12 78
4 9 8 3 220
4 9 8 10 388
4 9 8 12 0
4 10 8 3 206
4 10 8 10 54
4 10 8 12 228
4 12 8 3 132
4 12 8 10 132
4 12 8 12 360
4 15 8 3 36
4 15 8 10 18
4 15 8 12 174
4 6 9 2 84
4 6 9 11 336
4 6 9 13 62
4 9 9 2 226
4 9 9 11 314
4 9 9 13 434
4 10 9 2 550
4 10 9 11 114
4 10 9 13 330
4 12 9 2 42
4 12 9 11 168
4 12 9 13 278
4 15 9 2 286
4 15 9 11 284
4 15 9 13 40
4 6 10 1 190
4 6 10 8 132
4 6 10 14 410
4 9 10 1 538
4 9 10 8 116
4 9 10 14 188
4 10 10 1 40
4 10 10 8 600
4 10 10 14 472
4 12 10 1 74
4 12 10 8 156
4 12 10 14 30
4 15 10 1 430
4 15 10 8 466
4 15 10 14 106
4 6 11 0 56
4 6 11 9 156
4 6 11 15 106
4 9 11 0 126
4 9 11 9 306
4 9 11 15 212
4 10 11 0 122
4 10 11 9 14
4 10 11 15 152
4 12 11 0 0
4 12 11 9 120
4 12 11 15 326
4 15 11 0 280
4 15 11 9 326
4 15 11 15 458
4 6 12 7 326
4 6 12 8 294
4 6 12 14 132
4 9 12 7 122
4 9 12 8 74
4 9 12 14 256
4 10 12 7 316
4 10 12 8 160
4 10 12 14 30
4 12 12 7 44
4 12 12 8 8
4 12 12 14 488
4 15 12 7 304
4 15 12 8 386
4 15 12 14 504
4 6 13 6 320
4 6 13 9 140
4 6 13 15 16
4 9 13 6 312
4 9 13 9 368
4 9 13 15 140
4 10 13 6 152
4 10 13 9 448
4 10 13 15 0
4 12 13 6 176
4 12 13 9 568
4 12 13 15 344
4 15 13 6 440
4 15 13 9 248
4 15 13 15 136
4 6 14 5 4
4 6 14 10 154
4 6 14 12 374
4 9 14 5 290
4 9 14 10 204
4 9 14 12 290
4 10 14 5 158
4 10 14 10 472
4 10 14 12 248
4 12 14 5 218
4 12 14 10 388
4 12 14 12 62
4 15 14 5 62
4 15 14 10 152
4 15 14 12 152
4 6 15 4 476
4 6 15 11 390
4 6 15 13 168
4 9 15 4 44
4 9 15 11 564
4 9 15 13 170
4 10 15 4 54
4 10 15 11 134
4 10 15 13 22
4 12 15 4 52
4 12 15 11 118
4 12 15 13 214
4 15 15 4 362
4 15 15 11 352
4 15 15 13 326
5 7 0 2 114
5 7 0 4 50
5 7 0 11 366
5 8 0 2 46
5 8 0 4 264
5 8 0 11 232
5 11 0 2 132
5 11 0 4 152
5 11 0 11 72
5 13 0 2 130
5 13 0 4 412
5 13 0 11 328
5 14 0 2 234
5 14 0 4 266
5 14 0 11 6
5 7 1 3 220
5 7 1 5 248
5 7 1 10 312
5 8 1 3 126
5 8 1 5 250
5 8 1 10 230
5 11 1 3 14
5 11 1 5 178
5 11 1 10 192
5 13 1 3 56
5 13 1 5 14
5 13 1 10 70
5 14 1 3 26
5 14 1 5 24
5 14 1 10 36
5 7 2 0 80
5 7 2 6 48
5 7 2 9 92
5 8 2 0 202
5 8 2 6 148
5 8 2 9 380
5 11 2 0 518
5 11 2 6 468
5 11 2 9 122
5 13 2 0 314
5 13 2 6 364
5 13 2 9 156
5 14 2 0 226
5 14 2 6 214
5 14 2 9 8
5 7 3 1 174
5 7 3 7 526
5 7 3 8 112
5 8 3 1 372
5 8 3 7 420
5 8 3 8 82
5 11 3 1 166
5 11 3 7 242
5 11 3 8 144
5 13 3 1 262
5 13 3 7 242
5 13 3 8 0
5 14 3 1 20
5 14 3 7 354
5 14 3 8 100
5 7 4 0 390
5 7 4 6 56
5 7 4 15 46
5 8 4 0 12
5 8 4 6 216
5 8 4 15 304
5 11 4 0 58
5 11 4 6 340
5 11 4 15 194
5 13 4 0 484
5 13 4 6 394
5 13 4 15 440
5 14 4 0 54
5 14 4 6 68
5 14 4 15 194
5 7 5 1 136
5 7 5 7 30
5 7 5 14 202
5 8 5 1 408
5 8 5 7 102
5 8 5 14 8
5 11 5 1 236
5 11 5 7 96
5 11 5 14 198
5 13 5 1 382
5 13 5 7 242
5 13 5 14 252
5 14 5 1 108
5 14 5 7 226
5 14 5 14 342
5 7 6 2 118
5 7 6 4 118
5 7 6 13 546
5 8 6 2 38
5 8 6 4 236
5 8 6 13 132
5 11 6 2 198
5 11 6 4 20
5 11 6 13 210
5 13 6 2 72
5 13 6 4 56
5 13 6 13 100
5 14 6 2 312
5 14 6 4 52
5 14 6 13 80
5 7 7 3 310
5 7 7 5 40
5 7 7 12 286
5 8 7 3 540
5 8 7 5 310
5 8 7 12 220
5 11 7 3 80
5 11 7 5 48
5 11 7 12 454
5 13 7 3 230
5 13 7 5 60
5 13 7 12 158
5 14 7 3 290
5 14 7 5 92
5 14 7 12 238
5 7 8 3 382
5 7 8 10 126
5 7 8 12 80
5 8 8 3 6
5 8 8 10 122
5 8 8 12 106
5 11 8 3 336
5 11 8 10 12
5 11 8 12 164
5 13 8 3 296
5 13 8 10 110
5 13 8 12 78
5 14 8 3 46
5 14 8 10 102
5 14 8 12 380
5 7 9 2 290
5 7 9 11 146
5 7 9 13 252
5 8 9 2 54
5 8 9 11 218
5 8 9 13 252
5 11 9 2 2
5 11 9 11 162
5 11 9 13 80
5 13 9 2 512
5 13 9 11 382
5 13 9 13 50
5 14 9 2 110
5 14 9 11 54
5 14 9 13 308
5 7 10 1 136
5 7 10 8 104
5 7 10 14 160
5 8 10 1 114
5 8 10 8 58
5 8 10 14 12
5 11 10 1 146
5 11 10 8 226
5 11 10 14 74
5 13 10 1 448
5 13 10 8 96
5 13 10 14 50
5 14 10 1 108
5 14 10 8 304
5 14 10 14 228
5 7 11 0 192
5 7 11 9 50
5 7 11 15 10
5 8 11 0 218
5 8 11 9 356
5 8 11 15 324
5 11 11 0 272
5 11 11 9 88
5 11 11 15 272
5 13 11 0 190
5 13 11 9 148
5 13 11 15 238
5 14 11 0 534
5 14 11 9 96
5 14 11 15 150
5 7 12 7 472
5 7 12 8 208
5 7 12 14 4
5 8 12 7 102
5 8 12 8 180
5 8 12 14 262
5 11 12 7 100
5 11 12 8 18
5 11 12 14 56
5 13 12 7 130
5 13 12 8 50
5 13 12 14 312
5 14 12 7 16
5 14 12 8 112
5 14 12 14 478
5 7 13 6 164
5 7 13 9 234
5 7 13 15 144
5 8 13 6 198
5 8 13 9 112
5 8 13 15 8
5 11 13 6 468
5 11 13 9 46
5 11 13 15 194
5 13 13 6 274
5 13 13 9 86
5 13 13 15 88
5 14 13 6 546
5 14 13 9 320
5 14 13 15 140
5 7 14 5 300
5 7 14 10 138
5 7 14 12 274
5 8 14 5 210
5 8 14 10 150
5 8 14 12 136
5 11 14 5 98
5 11 14 10 74
5 11 14 12 480
5 13 14 5 160
5 13 14 10 194
5 13 14 12 38
5 14 14 5 168
5 14 14 10 408
5 14 14 12 152
5 7 15 4 362
5 7 15 11 236
5 7 15 13 292
5 8 15 4 386
5 8 15 11 244
5 8 15 13 138
5 11 15 4 106
5 11 15 11 158
5 11 15 13 44
5 13 15 4 252
5 13 15 11 184
5 13 15 13 72
5 14 15 4 200
5 14 15 11 222
5 14 15 13 320
6 8 0 2 62
6 8 0 4 38
6 8 0 11 362
6 11 0 2 56
6 11 0 4 254
6 11 0 11 166
6 13 0 2 118
6 13 0 4 14
6 13 0 11 26
6 14 0 2 348
6 14 0 4 68
6 14 0 11 660
6 8 1 3 78
6 8 1 5 394
6 8 1 10 64
6 11 1 3 178
6 11 1 5 170
6 11 1 10 86
6 13 1 3 84
6 13 1 5 68
6 13 1 10 38
6 14 1 3 336
6 14 1 5 348
6 14 1 10 122
6 8 2 0 74
6 8 2 6 106
6 8 2 9 342
6 11 2 0 222
6 11 2 6 128
6 11 2 9 290
6 13 2 0 26
6 13 2 6 86
6 13 2 9 138
6 14 2 0 360
6 14 2 6 252
6 14 2 9 162
6 8 3 1 378
6 8 3 7 92
6 8 3 8 240
6 11 3 1 110
6 11 3 7 468
6 11 3 8 274
6 13 3 1 78
6 13 3 7 288
6 13 3 8 90
6 14 3 1 0
6 14 3 7 150
6 14 3 8 294
6 8 4 0 70
6 8 4 6 18
6 8 4 15 264
6 11 4 0 122
6 11 4 6 248
6 11 4 15 168
6 13 4 0 24
6 13 4 6 580
6 13 4 15 98
6 14 4 0 308
6 14 4 6 112
6 14 4 15 510
6 8 5 1 186
6 8 5 7 94
6 8 5 14 78
6 11 5 1 194
6 11 5 7 276
6 11 5 14 42
6 13 5 1 104
6 13 5 7 422
6 13 5 14 28
6 14 5 1 24
6 14 5 7 388
6 14 5 14 120
6 8 6 2 414
6 8 6 4 462
6 8 6 13 92
6 11 6 2 4
6 11 6 4 262
6 11 6 13 334
6 13 6 2 104
6 13 6 4 40
6 13 6 13 46
6 14 6 2 6
6 14 6 4 206
6 14 6 13 140
6 8 7 3 258
6 8 7 5 344
6 8 7 12 382
6 11 7 3 128
6 11 7 5 72
6 11 7 12 2
6 13 7 3 344
6 13 7 5 118
6 13 7 12 126
6 14 7 3 402
6 14 7 5 68
6 14 7 12 264
6 8 8 3 212
6 8 8 10 30
6 8 8 12 156
6 11 8 3 156
6 11 8 10 382
6 11 8 12 108
6 13 8 3 84
6 13 8 10 26
6 13 8 12 24
6 14 8 3 152
6 14 8 10 76
6 14 8 12 44
6 8 9 2 78
6 8 9 11 108
6 8 9 13 340
6 11 9 2 8
6 11 9 11 66
6 11 9 13 130
6 13 9 2 134
6 13 9 11 286
6 13 9 13 110
6 14 9 2 222
6 14 9 11 316
6 14 9 13 398
6 8 10 1 150
6 8 10 8 90
6 8 10 14 336
6 11 10 1 108
6 11 10 8 86
6 11 10 14 44
6 13 10 1 212
6 13 10 8 468
6 13 10 14 184
6 14 10 1 60
6 14 10 8 170
6 14 10 14 598
6 8 11 0 600
6 8 11 9 532
6 8 11 15 582
6 11 11 0 272
6 11 11 9 374
6 11 11 15 250
6 13 11 0 152
6 13 11 9 184
6 13 11 15 370
6 14 11 0 18
6 14 11 9 332
6 14 11 15 416
6 8 12 7 118
6 8 12 8 166
6 8 12 14 54
6 11 12 7 344
6 11 12 8 222
6 11 12 14 80
6 13 12 7 94
6 13 12 8 224
6 13 12 14 70
6 14 12 7 362
6 14 12 8 208
6 14 12 14 374
6 8 13 6 50
6 8 13 9 48
6 8 13 15 158
6 11 13 6 116
6 11 13 9 354
6 11 13 15 422
6 13 13 6 20
6 13 13 9 52
6 13 13 15 78
6 14 13 6 96
6 14 13 9 166
6 14 13 15 60
6 8 14 5 90
6 8 14 10 68
6 8 14 12 240
6 11 14 5 50
6 11 14 10 246
6 11 14 12 294
6 13 14 5 70
6 13 14 10 590
6 13 14 12 6
6 14 14 5 66
6 14 14 10 320
6 14 14 12 188
6 8 15 4 380
6 8 15 11 258
6 8 15 13 50
6 11 15 4 176
6 11 15 11 218
6 11 15 13 188
6 13 15 4 290
6 13 15 11 422
6 13 15 13 240
6 14 15 4 296
6 14 15 11 182
6 14 15 13 384
7 9 0 2 232
7 9 0 4 26
7 9 0 11 490
7 10 0 2 288
7 10 0 4 206
7 10 0 11 28
7 12 0 2 184
7 12 0 4 36
7 12 0 11 158
7 15 0 2 348
7 15 0 4 204
7 15 0 11 312
7 9 1 3 506
7 9 1 5 204
7 9 1 10 86
7 10 1 3 514
7 10 1 5 310
7 10 1 10 74
7 12 1 3 130
7 12 1 5 52
7 12 1 10 278
7 15 1 3 432
7 15 1 5 354
7 15 1 10 92
7 9 2 0 724
7 9 2 6 132
7 9 2 9 208
7 10 2 0 218
7 10 2 6 148
7 10 2 9 110
7 12 2 0 276
7 12 2 6 40
7 12 2 9 36
7 15 2 0 388
7 15 2 6 90
7 15 2 9 254
7 9 3 1 150
7 9 3 7 56
7 9 3 8 350
7 10 3 1 16
7 10 3 7 342
7 10 3 8 430
7 12 3 1 222
7 12 3 7 500
7 12 3 8 32
7 15 3 1 192
7 15 3 7 18
7 15 3 8 16
7 9 4 0 174
7 9 4 6 104
7 9 4 15 322
7 10 4 0 128
7 10 4 6 112
7 10 4 15 46
7 12 4 0 82
7 12 4 6 274
7 12 4 15 220
7 15 4 0 212
7 15 4 6 42
7 15 4 15 224
7 9 5 1 266
7 9 5 7 34
7 9 5 14 662
7 10 5 1 100
7 10 5 7 46
7 10 5 14 110
7 12 5 1 314
7 12 5 7 188
7 12 5 14 44
7 15 5 1 358
7 15 5 7 62
7 15 5 14 104
7 9 6 2 188
7 9 6 4 300
7 9 6 13 192
7 10 6 2 172
7 10 6 4 2
7 10 6 13 144
7 12 6 2 322
7 12 6 4 356
7 12 6 13 388
7 15 6 2 4
7 15 6 4 120
7 15 6 13 284
7 9 7 3 160
7 9 7 5 352
7 9 7 12 392
7 10 7 3 560
7 10 7 5 120
7 10 7 12 112
7 12 7 3 242
7 12 7 5 86
7 12 7 12 54
7 15 7 3 54
7 15 7 5 124
7 15 7 12 70
7 9 8 3 38
7 9 8 10 118
7 9 8 12 46
7 10 8 3 310
7 10 8 10 404
7 10 8 12 102
7 12 8 3 268
7 12 8 10 148
7 12 8 12 226
7 15 8 3 14
7 15 8 10 6
7 15 8 12 342
7 9 9 2 218
7 9 9 11 380
7 9 9 13 48
7 10 9 2 258
7 10 9 11 126
7 10 9 13 186
7 12 9 2 36
7 12 9 11 188
7 12 9 13 208
7 15 9 2 208
7 15 9 11 132
7 15 9 13 192
7 9 10 1 372
7 9 10 8 52
7 9 10 14 778
7 10 10 1 16
7 10 10 8 40
7 10 10 14 100
7 12 10 1 282
7 12 10 8 806
7 12 10 14 296
7 15 10 1 286
7 15 10 8 50
7 15 10 14 114
7 9 11 0 326
7 9 11 9 332
7 9 11 15 106
7 10 11 0 366
7 10 11 9 24
7 10 11 15 36
7 12 11 0 576
7 12 11 9 302
7 12 11 15 50
7 15 11 0 320
7 15 11 9 0
7 15 11 15 158
7 9 12 7 32
7 9 12 8 384
7 9 12 14 162
7 10 12 7 142
7 10 12 8 96
7 10 12 14 538
7 12 12 7 200
7 12 12 8 82
7 12 12 14 192
7 15 12 7 382
7 15 12 8 134
7 15 12 14 216
7 9 13 6 98
7 9 13 9 276
7 9 13 15 52
7 10 13 6 250
7 10 13 9 132
7 10 13 15 352
7 12 13 6 34
7 12 13 9 372
7 12 13 15 60
7 15 13 6 176
7 15 13 9 268
7 15 13 15 200
7 9 14 5 206
7 9 14 10 98
7 9 14 12 94
7 10 14 5 72
7 10 14 10 60
7 10 14 12 98
7 12 14 5 222
7 12 14 10 82
7 12 14 12 106
7 15 14 5 86
7 15 14 10 176
7 15 14 12 20
7 9 15 4 410
7 9 15 11 478
7 9 15 13 78
7 10 15 4 276
7 10 15 11 250
7 10 15 13 38
7 12 15 4 144
7 12 15 11 70
7 12 15 13 10
7 15 15 4 156
7 15 15 11 148
7 15 15 13 410
8 10 0 2 44
8 10 0 4 174
8 10 0 11 470
8 12 0 2 204
8 12 0 4 84
8 12 0 11 104
8 10 1 3 10
8 10 1 5 360
8 10 1 10 162
8 12 1 3 128
8 12 1 5 132
8 12 1 10 32
8 10 2 0 492
8 10 2 6 4
8 10 2 9 934
8 12 2 0 64
8 12 2 6 116
8 12 2 9 60
8 10 3 1 240
8 10 3 7 82
8 10 3 8 214
8 12 3 1 304
8 12 3 7 556
8 12 3 8 124
8 10 4 0 54
8 10 4 6 160
8 10 4 15 14
8 12 4 0 206
8 12 4 6 394
8 12 4 15 32
8 10 5 1 442
8 10 5 7 172
8 10 5 14 132
8 12 5 1 52
8 12 5 7 76
8 12 5 14 32
8 10 6 2 46
8 10 6 4 326
8 10 6 13 576
8 12 6 2 304
8 12 6 4 182
8 12 6 13 64
8 10 7 3 268
8 10 7 5 12
8 10 7 12 22
8 12 7 3 346
8 12 7 5 32
8 12 7 12 48
8 10 8 3 444
8 10 8 10 36
8 10 8 12 148
8 12 8 3 70
8 12 8 10 596
8 12 8 12 340
8 10 9 2 302
8 10 9 11 36
8 10 9 13 12
8 12 9 2 24
8 12 9 11 242
8 12 9 13 36
8 10 10 1 504
8 10 10 8 608
8 10 10 14 130
8 12 10 1 376
8 12 10 8 82
8 12 10 14 152
8 10 11 0 46
8 10 11 9 154
8 10 11 15 470
8 12 11 0 260
8 12 11 9 138
8 12 11 15 76
8 10 12 7 358
8 10 12 8 408
8 10 12 14 398
8 12 12 7 108
8 12 12 8 230
8 12 12 14 192
8 10 13 6 64
8 10 13 9 30
8 10 13 15 260
8 12 13 6 20
8 12 13 9 214
8 12 13 15 262
8 10 14 5 302
8 10 14 10 4
8 10 14 12 250
8 12 14 5 222
8 12 14 10 96
8 12 14 12 144
8 10 15 4 398
8 10 15 11 168
8 10 15 13 250
8 12 15 4 72
8 12 15 11 354
8 12 15 13 336
9 11 0 2 312
9 11 0 4 208
9 11 0 11 82
9 13 0 2 276
9 13 0 4 682
9 13 0 11 302
9 11 1 3 216
9 11 1 5 66
9 11 1 10 158
9 13 1 3 172
9 13 1 5 360
9 13 1 10 196
9 11 2 0 416
9 11 2 6 30
9 11 2 9 352
9 13 2 0 152
9 13 2 6 148
9 13 2 9 216
9 11 3 1 296
9 11 3 7 382
9 11 3 8 34
9 13 3 1 150
9 13 3 7 446
9 13 3 8 328
9 11 4 0 200
9 11 4 6 144
9 11 4 15 128
9 13 4 0 230
9 13 4 6 26
9 13 4 15 268
9 11 5 1 386
9 11 5 7 82
9 11 5 14 100
9 13 5 1 232
9 13 5 7 54
9 13 5 14 156
9 11 6 2 106
9 11 6 4 26
9 11 6 13 208
9 13 6 2 256
9 13 6 4 184
9 13 6 13 120
9 11 7 3 56
9 11 7 5 100
9 11 7 12 4
9 13 7 3 182
9 13 7 5 218
9 13 7 12 100
9 11 8 3 374
9 11 8 10 114
9 11 8 12 104
9 13 8 3 132
9 13 8 10 108
9 13 8 12 48
9 11 9 2 164
9 11 9 11 328
9 11 9 13 180
9 13 9 2 418
9 13 9 11 228
9 13 9 13 214
9 11 10 1 10
9 11 10 8 14
9 11 10 14 182
9 13 10 1 196
9 13 10 8 304
9 13 10 14 20
9 11 11 0 468
9 11 11 9 4
9 11 11 15 448
9 13 11 0 28
9 13 11 9 236
9 13 11 15 190
9 11 12 7 302
9 11 12 8 102
9 11 12 14 126
9 13 12 7 96
9 13 12 8 544
9 13 12 14 130
9 11 13 6 46
9 11 13 9 72
9 11 13 15 36
9 13 13 6 136
9 13 13 9 138
9 13 13 15 112
9 11 14 5 252
9 11 14 10 138
9 11 14 12 504
9 13 14 5 384
9 13 14 10 300
9 13 14 12 130
9 11 15 4 108
9 11 15 11 388
9 11 15 13 230
9 13 15 4 512
9 13 15 11 14
9 13 15 13 78
10 14 0 2 132
10 14 0 4 146
10 14 0 11 2
10 14 1 3 114
10 14 1 5 110
10 14 1 10 272
10 14 2 0 30
10 14 2 6 80
10 14 2 9 88
10 14 3 1 370
10 14 3 7 262
10 14 3 8 46
10 14 4 0 92
10 14 4 6 502
10 14 4 15 62
10 14 5 1 156
10 14 5 7 536
10 14 5 14 200
10 14 6 2 224
10 14 6 4 128
10 14 6 13 10
10 14 7 3 286
10 14 7 5 528
10 14 7 12 262
10 14 8 3 118
10 14 8 10 14
10 14 8 12 134
10 14 9 2 80
10 14 9 11 172
10 14 9 13 528
10 14 10 1 182
10 14 10 8 360
10 14 10 14 196
10 14 11 0 824
10 14 11 9 160
10 14 11 15 198
10 14 12 7 200
10 14 12 8 14
10 14 12 14 86
10 14 13 6 84
10 14 13 9 274
10 14 13 15 110
10 14 14 5 80
10 14 14 10 154
10 14 14 12 234
10 14 15 4 510
10 14 15 11 264
10 14 15 13 14
11 15 0 2 218
11 15 0 4 196
11 15 0 11 60
11 15 1 3 48
11 15 1 5 46
11 15 1 10 56
11 15 2 0 206
11 15 2 6 22
11 15 2 9 338
11 15 3 1 410
11 15 3 7 142
11 15 3 8 730
11 15 4 0 130
11 15 4 6 276
11 15 4 15 48
11 15 5 1 204
11 15 5 7 396
11 15 5 14 142
11 15 6 2 88
11 15 6 4 6
11 15 6 13 80
11 15 7 3 42
11 15 7 5 248
11 15 7 12 292
11 15 8 3 394
11 15 8 10 258
11 15 8 12 136
11 15 9 2 274
11 15 9 11 494
11 15 9 13 400
11 15 10 1 126
11 15 10 8 558
11 15 10 14 34
11 15 11 0 152
11 15 11 9 134
11 15 11 15 202
11 15 12 7 412
11 15 12 8 138
11 15 12 14 56
11 15 13 6 354
11 15 13 9 152
11 15 13 15 252
11 15 14 5 196
11 15 14 10 236
11 15 14 12 22
11 15 15 4 174
11 15 15 11 220
11 15 15 13 126
12 14 0 2 416
12 14 0 4 56
12 14 0 11 342
12 14 1 3 140
12 14 1 5 90
12 14 1 10 348
12 14 2 0 154
12 14 2 6 38
12 14 2 9 86
12 14 3 1 364
12 14 3 7 152
12 14 3 8 220
12 14 4 0 90
12 14 4 6 144
12 14 4 15 8
12 14 5 1 440
12 14 5 7 72
12 14 5 14 44
12 14 6 2 510
12 14 6 4 72
12 14 6 13 480
12 14 7 3 60
12 14 7 5 64
12 14 7 12 140
12 14 8 3 262
12 14 8 10 176
12 14 8 12 188
12 14 9 2 456
12 14 9 11 82
12 14 9 13 98
12 14 10 1 628
12 14 10 8 402
12 14 10 14 346
12 14 11 0 156
12 14 11 9 634
12 14 11 15 112
12 14 12 7 12
12 14 12 8 36
12 14 12 14 12
12 14 13 6 250
12 14 13 9 96
12 14 13 15 136
12 14 14 5 130
12 14 14 10 8
12 14 14 12 164
12 14 15 4 296
12 14 15 11 310
12 14 15 13 418
13 15 0 2 276
13 15 0 4 212
13 15 0 11 66
13 15 1 3 268
13 15 1 5 120
13 15 1 10 574
13 15 2 0 108
13 15 2 6 552
13 15 2 9 16
13 15 3 1 180
13 15 3 7 142
13 15 3 8 68
13 15 4 0 62
13 15 4 6 72
13 15 4 15 170
13 15 5 1 30
13 15 5 7 178
13 15 5 14 282
13 15 6 2 22
13 15 6 4 32
13 15 6 13 412
13 15 7 3 32
13 15 7 5 42
13 15 7 12 26
13 15 8 3 538
13 15 8 10 270
13 15 8 12 178
13 15 9 2 50
13 15 9 11 362
13 15 9 13 306
13 15 10 1 64
13 15 10 8 540
13 15 10 14 54
13 15 11 0 270
13 15 11 9 192
13 15 11 15 78
13 15 12 7 236
13 15 12 8 74
13 15 12 14 112
13 15 13 6 394
13 15 13 9 382
13 15 13 15 230
13 15 14 5 74
13 15 14 10 888
13 15 14 12 136
13 15 15 4 548
13 15 15 11 320
13 15 15 13 240
