0 2 0 2 408
0 2 0 4 104
0 2 0 11 114
0 4 0 2 70
0 4 0 4 146
0 4 0 11 42
0 8 0 2 476
0 8 0 4 502
0 8 0 11 144
0 11 0 2 328
0 11 0 4 182
0 11 0 11 358
0 13 0 2 258
0 13 0 4 162
0 13 0 11 102
0 14 0 2 576
0 14 0 4 138
0 14 0 11 100
0 2 1 3 36
0 2 1 5 270
0 2 1 10 214
0 4 1 3 98
0 4 1 5 304
0 4 1 10 192
0 8 1 3 392
0 8 1 5 304
0 8 1 10 526
0 11 1 3 164
0 11 1 5 390
0 11 1 10 66
0 13 1 3 426
0 13 1 5 368
0 13 1 10 258
0 14 1 3 28
0 14 1 5 84
0 14 1 10 404
0 2 2 0 162
0 2 2 6 272
0 2 2 9 268
0 4 2 0 166
0 4 2 6 156
0 4 2 9 490
0 8 2 0 192
0 8 2 6 436
0 8 2 9 210
0 11 2 0 78
0 11 2 6 332
0 11 2 9 336
0 13 2 0 404
0 13 2 6 88
0 13 2 9 64
0 14 2 0 220
0 14 2 6 10
0 14 2 9 300
0 2 3 1 214
0 2 3 7 312
0 2 3 8 216
0 4 3 1 94
0 4 3 7 214
0 4 3 8 322
0 8 3 1 226
0 8 3 7 242
0 8 3 8 142
0 11 3 1 58
0 11 3 7 20
0 11 3 8 302
0 13 3 1 126
0 13 3 7 260
0 13 3 8 34
0 14 3 1 220
0 14 3 7 482
0 14 3 8 440
0 2 4 0 116
0 2 4 6 152
0 2 4 15 46
0 4 4 0 458
0 4 4 6 414
0 4 4 15 236
0 8 4 0 538
0 8 4 6 144
0 8 4 15 198
0 11 4 0 184
0 11 4 6 486
0 11 4 15 232
0 13 4 0 18
0 13 4 6 62
0 13 4 15 352
0 14 4 0 486
0 14 4 6 112
0 14 4 15 24
0 2 5 1 240
0 2 5 7 44
0 2 5 14 96
0 4 5 1 572
0 4 5 7 42
0 4 5 14 332
0 8 5 1 6
0 8 5 7 18
0 8 5 14 6
0 11 5 1 190
0 11 5 7 88
0 11 5 14 100
0 13 5 1 294
0 13 5 7 218
0 13 5 14 148
0 14 5 1 452
0 14 5 7 12
0 14 5 14 72
0 2 6 2 186
0 2 6 4 202
0 2 6 13 104
0 4 6 2 132
0 4 6 4 10
0 4 6 13 36
0 8 6 2 272
0 8 6 4 432
0 8 6 13 392
0 11 6 2 62
0 11 6 4 162
0 11 6 13 262
0 13 6 2 78
0 13 6 4 30
0 13 6 13 236
0 14 6 2 22
0 14 6 4 192
0 14 6 13 138
0 2 7 3 218
0 2 7 5 18
0 2 7 12 322
0 4 7 3 360
0 4 7 5 58
0 4 7 12 244
0 8 7 3 182
0 8 7 5 12
0 8 7 12 214
0 11 7 3 50
0 11 7 5 188
0 11 7 12 422
0 13 7 3 232
0 13 7 5 512
0 13 7 12 488
0 14 7 3 26
0 14 7 5 142
0 14 7 12 44
0 2 8 3 208
0 2 8 10 450
0 2 8 12 298
0 4 8 3 234
0 4 8 10 92
0 4 8 12 152
0 8 8 3 104
0 8 8 10 118
0 8 8 12 166
0 11 8 3 682
0 11 8 10 282
0 11 8 12 482
0 13 8 3 90
0 13 8 10 208
0 13 8 12 494
0 14 8 3 74
0 14 8 10 258
0 14 8 12 22
0 2 9 2 226
0 2 9 11 174
0 2 9 13 192
0 4 9 2 244
0 4 9 11 68
0 4 9 13 142
0 8 9 2 14
0 8 9 11 198
0 8 9 13 182
0 11 9 2 96
0 11 9 11 2
0 11 9 13 252
0 13 9 2 82
0 13 9 11 90
0 13 9 13 54
0 14 9 2 232
0 14 9 11 582
0 14 9 13 80
0 2 10 1 134
0 2 10 8 206
0 2 10 14 200
0 4 10 1 308
0 4 10 8 62
0 4 10 14 78
0 8 10 1 226
0 8 10 8 110
0 8 10 14 82
0 11 10 1 330
0 11 10 8 234
0 11 10 14 52
0 13 10 1 324
0 13 10 8 98
0 13 10 14 626
0 14 10 1 214
0 14 10 8 50
0 14 10 14 408
0 2 11 0 224
0 2 11 9 332
0 2 11 15 88
0 4 11 0 270
0 4 11 9 368
0 4 11 15 224
0 8 11 0 126
0 8 11 9 552
0 8 11 15 54
0 11 11 0 58
0 11 11 9 104
0 11 11 15 104
0 13 11 0 68
0 13 11 9 582
0 13 11 15 212
0 14 11 0 80
0 14 11 9 256
0 14 11 15 218
0 2 12 7 42
0 2 12 8 166
0 2 12 14 100
0 4 12 7 146
0 4 12 8 114
0 4 12 14 234
0 8 12 7 102
0 8 12 8 144
0 8 12 14 38
0 11 12 7 282
0 11 12 8 148
0 11 12 14 240
0 13 12 7 696
0 13 12 8 94
0 13 12 14 218
0 14 12 7 268
0 14 12 8 382
0 14 12 14 66
0 2 13 6 16
0 2 13 9 56
0 2 13 15 90
0 4 13 6 480
0 4 13 9 366
0 4 13 15 490
0 8 13 6 334
0 8 13 9 330
0 8 13 15 54
0 11 13 6 442
0 11 13 9 40
0 11 13 15 176
0 13 13 6 84
0 13 13 9 22
0 13 13 15 376
0 14 13 6 340
0 14 13 9 342
0 14 13 15 76
0 2 14 5 464
0 2 14 10 8
0 2 14 12 92
0 4 14 5 42
0 4 14 10 368
0 4 14 12 254
0 8 14 5 104
0 8 14 10 172
0 8 14 12 12
0 11 14 5 48
0 11 14 10 54
0 11 14 12 42
0 13 14 5 182
0 13 14 10 98
0 13 14 12 182
0 14 14 5 252
0 14 14 10 212
0 14 14 12 504
0 2 15 4 106
0 2 15 11 200
0 2 15 13 234
0 4 15 4 270
0 4 15 11 304
0 4 15 13 498
0 8 15 4 208
0 8 15 11 84
0 8 15 13 280
0 11 15 4 352
0 11 15 11 14
0 11 15 13 186
0 13 15 4 190
0 13 15 11 228
0 13 15 13 268
0 14 15 4 294
0 14 15 11 268
0 14 15 13 358
1 3 0 2 130
1 3 0 4 404
1 3 0 11 226
1 5 0 2 248
1 5 0 4 366
1 5 0 11 94
1 9 0 2 218
1 9 0 4 114
1 9 0 11 340
1 10 0 2 558
1 10 0 4 210
1 10 0 11 88
1 12 0 2 366
1 12 0 4 8
1 12 0 11 92
1 15 0 2 368
1 15 0 4 254
1 15 0 11 482
1 3 1 3 382
1 3 1 5 466
1 3 1 10 232
1 5 1 3 156
1 5 1 5 486
1 5 1 10 66
1 9 1 3 452
1 9 1 5 600
1 9 1 10 380
1 10 1 3 454
1 10 1 5 336
1 10 1 10 116
1 12 1 3 84
1 12 1 5 444
1 12 1 10 306
1 15 1 3 290
1 15 1 5 286
1 15 1 10 196
1 3 2 0 186
1 3 2 6 74
1 3 2 9 204
1 5 2 0 286
1 5 2 6 46
1 5 2 9 8
1 9 2 0 472
1 9 2 6 202
1 9 2 9 456
1 10 2 0 92
1 10 2 6 498
1 10 2 9 84
1 12 2 0 228
1 12 2 6 90
1 12 2 9 200
1 15 2 0 226
1 15 2 6 42
1 15 2 9 330
1 3 3 1 162
1 3 3 7 158
1 3 3 8 224
1 5 3 1 12
1 5 3 7 204
1 5 3 8 300
1 9 3 1 20
1 9 3 7 490
1 9 3 8 156
1 10 3 1 174
1 10 3 7 96
1 10 3 8 362
1 12 3 1 270
1 12 3 7 10
1 12 3 8 160
1 15 3 1 134
1 15 3 7 272
1 15 3 8 108
1 3 4 0 374
1 3 4 6 186
1 3 4 15 170
1 5 4 0 134
1 5 4 6 296
1 5 4 15 258
1 9 4 0 238
1 9 4 6 98
1 9 4 15 238
1 10 4 0 450
1 10 4 6 152
1 10 4 15 150
1 12 4 0 74
1 12 4 6 56
1 12 4 15 14
1 15 4 0 106
1 15 4 6 506
1 15 4 15 16
1 3 5 1 260
1 3 5 7 314
1 3 5 14 322
1 5 5 1 296
1 5 5 7 156
1 5 5 14 420
1 9 5 1 88
1 9 5 7 232
1 9 5 14 8
1 10 5 1 108
1 10 5 7 114
1 10 5 14 204
1 12 5 1 218
1 12 5 7 114
1 12 5 14 440
1 15 5 1 28
1 15 5 7 236
1 15 5 14 354
1 3 6 2 148
1 3 6 4 212
1 3 6 13 328
1 5 6 2 34
1 5 6 4 102
1 5 6 13 564
1 9 6 2 106
1 9 6 4 256
1 9 6 13 32
1 10 6 2 324
1 10 6 4 32
1 10 6 13 90
1 12 6 2 100
1 12 6 4 288
1 12 6 13 304
1 15 6 2 204
1 15 6 4 212
1 15 6 13 12
1 3 7 3 178
1 3 7 5 276
1 3 7 12 46
1 5 7 3 278
1 5 7 5 178
1 5 7 12 298
1 9 7 3 332
1 9 7 5 122
1 9 7 12 180
1 10 7 3 254
1 10 7 5 218
1 10 7 12 194
1 12 7 3 256
1 12 7 5 4
1 12 7 12 240
1 15 7 3 202
1 15 7 5 256
1 15 7 12 130
1 3 8 3 36
1 3 8 10 96
1 3 8 12 76
1 5 8 3 126
1 5 8 10 126
1 5 8 12 354
1 9 8 3 352
1 9 8 10 4
1 9 8 12 56
1 10 8 3 200
1 10 8 10 190
1 10 8 12 510
1 12 8 3 144
1 12 8 10 70
1 12 8 12 60
1 15 8 3 324
1 15 8 10 152
1 15 8 12 170
1 3 9 2 172
1 3 9 11 32
1 3 9 13 356
1 5 9 2 46
1 5 9 11 36
1 5 9 13 304
1 9 9 2 92
1 9 9 11 154
1 9 9 13 130
1 10 9 2 176
1 10 9 11 318
1 10 9 13 294
1 12 9 2 30
1 12 9 11 108
1 12 9 13 182
1 15 9 2 14
1 15 9 11 178
1 15 9 13 320
1 3 10 1 16
1 3 10 8 66
1 3 10 14 56
1 5 10 1 474
1 5 10 8 196
1 5 10 14 376
1 9 10 1 20
1 9 10 8 316
1 9 10 14 220
1 10 10 1 36
1 10 10 8 354
1 10 10 14 40
1 12 10 1 340
1 12 10 8 316
1 12 10 14 266
1 15 10 1 154
1 15 10 8 630
1 15 10 14 136
1 3 11 0 6
1 3 11 9 440
1 3 11 15 14
1 5 11 0 204
1 5 11 9 42
1 5 11 15 282
1 9 11 0 132
1 9 11 9 126
1 9 11 15 16
1 10 11 0 574
1 10 11 9 226
1 10 11 15 42
1 12 11 0 140
1 12 11 9 116
1 12 11 15 76
1 15 11 0 404
1 15 11 9 626
1 15 11 15 32
1 3 12 7 12
1 3 12 8 160
1 3 12 14 178
1 5 12 7 672
1 5 12 8 126
1 5 12 14 854
1 9 12 7 130
1 9 12 8 220
1 9 12 14 46
1 10 12 7 176
1 10 12 8 292
1 10 12 14 180
1 12 12 7 40
1 12 12 8 102
1 12 12 14 82
1 15 12 7 164
1 15 12 8 186
1 15 12 14 308
1 3 13 6 366
1 3 13 9 122
1 3 13 15 70
1 5 13 6 230
1 5 13 9 270
1 5 13 15 16
1 9 13 6 374
1 9 13 9 200
1 9 13 15 102
1 10 13 6 160
1 10 13 9 78
1 10 13 15 308
1 12 13 6 304
1 12 13 9 216
1 12 13 15 100
1 15 13 6 222
1 15 13 9 370
1 15 13 15 68
1 3 14 5 150
1 3 14 10 178
1 3 14 12 132
1 5 14 5 266
1 5 14 10 292
1 5 14 12 280
1 9 14 5 232
1 9 14 10 54
1 9 14 12 10
1 10 14 5 426
1 10 14 10 142
1 10 14 12 246
1 12 14 5 44
1 12 14 10 70
1 12 14 12 66
1 15 14 5 164
1 15 14 10 98
1 15 14 12 298
1 3 15 4 326
1 3 15 11 186
1 3 15 13 36
1 5 15 4 6
1 5 15 11 272
1 5 15 13 366
1 9 15 4 274
1 9 15 11 78
1 9 15 13 72
1 10 15 4 266
1 10 15 11 252
1 10 15 13 48
1 12 15 4 594
1 12 15 11 36
1 12 15 13 614
1 15 15 4 100
1 15 15 11 22
1 15 15 13 82
2 6 0 2 430
2 6 0 4 102
2 6 0 11 72
2 9 0 2 546
2 9 0 4 136
2 9 0 11 208
2 10 0 2 466
2 10 0 4 184
2 10 0 11 194
2 12 0 2 52
2 12 0 4 128
2 12 0 11 132
2 15 0 2 2
2 15 0 4 312
2 15 0 11 42
2 6 1 3 350
2 6 1 5 592
2 6 1 10 278
2 9 1 3 120
2 9 1 5 30
2 9 1 10 316
2 10 1 3 44
2 10 1 5 74
2 10 1 10 124
2 12 1 3 380
2 12 1 5 18
2 12 1 10 508
2 15 1 3 20
2 15 1 5 134
2 15 1 10 354
2 6 2 0 434
2 6 2 6 142
2 6 2 9 30
2 9 2 0 306
2 9 2 6 342
2 9 2 9 174
2 10 2 0 542
2 10 2 6 72
2 10 2 9 398
2 12 2 0 46
2 12 2 6 16
2 12 2 9 238
2 15 2 0 98
2 15 2 6 294
2 15 2 9 334
2 6 3 1 294
2 6 3 7 376
2 6 3 8 72
2 9 3 1 202
2 9 3 7 10
2 9 3 8 196
2 10 3 1 52
2 10 3 7 36
2 10 3 8 648
2 12 3 1 258
2 12 3 7 100
2 12 3 8 70
2 15 3 1 238
2 15 3 7 356
2 15 3 8 106
2 6 4 0 82
2 6 4 6 102
2 6 4 15 98
2 9 4 0 116
2 9 4 6 242
2 9 4 15 24
2 10 4 0 666
2 10 4 6 170
2 10 4 15 232
2 12 4 0 56
2 12 4 6 226
2 12 4 15 508
2 15 4 0 196
2 15 4 6 126
2 15 4 15 204
2 6 5 1 90
2 6 5 7 112
2 6 5 14 96
2 9 5 1 148
2 9 5 7 308
2 9 5 14 280
2 10 5 1 376
2 10 5 7 158
2 10 5 14 60
2 12 5 1 412
2 12 5 7 244
2 12 5 14 234
2 15 5 1 502
2 15 5 7 2
2 15 5 14 388
2 6 6 2 260
2 6 6 4 66
2 6 6 13 88
2 9 6 2 266
2 9 6 4 402
2 9 6 13 136
2 10 6 2 172
2 10 6 4 142
2 10 6 13 104
2 12 6 2 66
2 12 6 4 68
2 12 6 13 194
2 15 6 2 56
2 15 6 4 66
2 15 6 13 270
2 6 7 3 90
2 6 7 5 292
2 6 7 12 56
2 9 7 3 206
2 9 7 5 324
2 9 7 12 348
2 10 7 3 248
2 10 7 5 66
2 10 7 12 240
2 12 7 3 28
2 12 7 5 138
2 12 7 12 22
2 15 7 3 78
2 15 7 5 536
2 15 7 12 70
2 6 8 3 412
2 6 8 10 112
2 6 8 12 442
2 9 8 3 72
2 9 8 10 508
2 9 8 12 6
2 10 8 3 70
2 10 8 10 46
2 10 8 12 120
2 12 8 3 274
2 12 8 10 74
2 12 8 12 660
2 15 8 3 146
2 15 8 10 390
2 15 8 12 82
2 6 9 2 578
2 6 9 11 74
2 6 9 13 134
2 9 9 2 204
2 9 9 11 298
2 9 9 13 240
2 10 9 2 68
2 10 9 11 170
2 10 9 13 280
2 12 9 2 282
2 12 9 11 216
2 12 9 13 98
2 15 9 2 426
2 15 9 11 322
2 15 9 13 222
2 6 10 1 198
2 6 10 8 294
2 6 10 14 158
2 9 10 1 188
2 9 10 8 252
2 9 10 14 238
2 10 10 1 112
2 10 10 8 424
2 10 10 14 80
2 12 10 1 164
2 12 10 8 576
2 12 10 14 300
2 15 10 1 224
2 15 10 8 64
2 15 10 14 432
2 6 11 0 252
2 6 11 9 54
2 6 11 15 372
2 9 11 0 450
2 9 11 9 60
2 9 11 15 90
2 10 11 0 510
2 10 11 9 276
2 10 11 15 12
2 12 11 0 108
2 12 11 9 190
2 12 11 15 194
2 15 11 0 112
2 15 11 9 240
2 15 11 15 126
2 6 12 7 460
2 6 12 8 26
2 6 12 14 400
2 9 12 7 462
2 9 12 8 100
2 9 12 14 56
2 10 12 7 26
2 10 12 8 218
2 10 12 14 354
2 12 12 7 130
2 12 12 8 22
2 12 12 14 260
2 15 12 7 74
2 15 12 8 8
2 15 12 14 216
2 6 13 6 44
2 6 13 9 130
2 6 13 15 284
2 9 13 6 192
2 9 13 9 490
2 9 13 15 356
2 10 13 6 26
2 10 13 9 80
2 10 13 15 176
2 12 13 6 528
2 12 13 9 270
2 12 13 15 152
2 15 13 6 132
2 15 13 9 138
2 15 13 15 210
2 6 14 5 804
2 6 14 10 6
2 6 14 12 312
2 9 14 5 282
2 9 14 10 176
2 9 14 12 56
2 10 14 5 134
2 10 14 10 308
2 10 14 12 216
2 12 14 5 120
2 12 14 10 10
2 12 14 12 408
2 15 14 5 10
2 15 14 10 146
2 15 14 12 138
2 6 15 4 18
2 6 15 11 168
2 6 15 13 16
2 9 15 4 492
2 9 15 11 26
2 9 15 13 300
2 10 15 4 220
2 10 15 11 450
2 10 15 13 110
2 12 15 4 20
2 12 15 11 176
2 12 15 13 70
2 15 15 4 492
2 15 15 11 582
2 15 15 13 288
3 7 0 2 266
3 7 0 4 24
3 7 0 11 294
3 8 0 2 46
3 8 0 4 234
3 8 0 11 146
3 11 0 2 300
3 11 0 4 250
3 11 0 11 388
3 13 0 2 190
3 13 0 4 1058
3 13 0 11 22
3 14 0 2 122
3 14 0 4 124
3 14 0 11 184
3 7 1 3 160
3 7 1 5 636
3 7 1 10 308
3 8 1 3 490
3 8 1 5 62
3 8 1 10 228
3 11 1 3 124
3 11 1 5 210
3 11 1 10 78
3 13 1 3 100
3 13 1 5 376
3 13 1 10 178
3 14 1 3 40
3 14 1 5 316
3 14 1 10 264
3 7 2 0 188
3 7 2 6 128
3 7 2 9 234
3 8 2 0 34
3 8 2 6 568
3 8 2 9 192
3 11 2 0 290
3 11 2 6 96
3 11 2 9 66
3 13 2 0 90
3 13 2 6 150
3 13 2 9 578
3 14 2 0 378
3 14 2 6 340
3 14 2 9 320
3 7 3 1 210
3 7 3 7 198
3 7 3 8 142
3 8 3 1 346
3 8 3 7 350
3 8 3 8 32
3 11 3 1 90
3 11 3 7 356
3 11 3 8 0
3 13 3 1 372
3 13 3 7 102
3 13 3 8 118
3 14 3 1 358
3 14 3 7 52
3 14 3 8 74
3 7 4 0 268
3 7 4 6 142
3 7 4 15 252
3 8 4 0 184
3 8 4 6 222
3 8 4 15 62
3 11 4 0 94
3 11 4 6 114
3 11 4 15 872
3 13 4 0 174
3 13 4 6 208
3 13 4 15 366
3 14 4 0 170
3 14 4 6 198
3 14 4 15 56
3 7 5 1 422
3 7 5 7 138
3 7 5 14 34
3 8 5 1 70
3 8 5 7 220
3 8 5 14 156
3 11 5 1 474
3 11 5 7 38
3 11 5 14 58
3 13 5 1 264
3 13 5 7 108
3 13 5 14 570
3 14 5 1 422
3 14 5 7 208
3 14 5 14 196
3 7 6 2 78
3 7 6 4 62
3 7 6 13 98
3 8 6 2 508
3 8 6 4 234
3 8 6 13 16
3 11 6 2 38
3 11 6 4 2
3 11 6 13 346
3 13 6 2 198
3 13 6 4 10
3 13 6 13 504
3 14 6 2 180
3 14 6 4 106
3 14 6 13 62
3 7 7 3 70
3 7 7 5 24
3 7 7 12 42
3 8 7 3 250
3 8 7 5 338
3 8 7 12 6
3 11 7 3 274
3 11 7 5 126
3 11 7 12 140
3 13 7 3 48
3 13 7 5 124
3 13 7 12 416
3 14 7 3 226
3 14 7 5 58
3 14 7 12 20
3 7 8 3 350
3 7 8 10 308
3 7 8 12 378
3 8 8 3 268
3 8 8 10 248
3 8 8 12 156
3 11 8 3 16
3 11 8 10 110
3 11 8 12 76
3 13 8 3 244
3 13 8 10 158
3 13 8 12 602
3 14 8 3 342
3 14 8 10 220
3 14 8 12 40
3 7 9 2 76
3 7 9 11 88
3 7 9 13 112
3 8 9 2 94
3 8 9 11 612
3 8 9 13 4
3 11 9 2 294
3 11 9 11 558
3 11 9 13 32
3 13 9 2 334
3 13 9 11 578
3 13 9 13 370
3 14 9 2 28
3 14 9 11 132
3 14 9 13 364
3 7 10 1 56
3 7 10 8 28
3 7 10 14 120
3 8 10 1 336
3 8 10 8 416
3 8 10 14 268
3 11 10 1 30
3 11 10 8 42
3 11 10 14 6
3 13 10 1 82
3 13 10 8 26
3 13 10 14 210
3 14 10 1 14
3 14 10 8 242
3 14 10 14 302
3 7 11 0 130
3 7 11 9 530
3 7 11 15 84
3 8 11 0 82
3 8 11 9 442
3 8 11 15 32
3 11 11 0 148
3 11 11 9 378
3 11 11 15 380
3 13 11 0 158
3 13 11 9 32
3 13 11 15 116
3 14 11 0 120
3 14 11 9 62
3 14 11 15 20
3 7 12 7 106
3 7 12 8 92
3 7 12 14 54
3 8 12 7 104
3 8 12 8 298
3 8 12 14 114
3 11 12 7 152
3 11 12 8 414
3 11 12 14 114
3 13 12 7 118
3 13 12 8 30
3 13 12 14 294
3 14 12 7 320
3 14 12 8 6
3 14 12 14 402
3 7 13 6 496
3 7 13 9 162
3 7 13 15 14
3 8 13 6 68
3 8 13 9 60
3 8 13 15 322
3 11 13 6 164
3 11 13 9 92
3 11 13 15 178
3 13 13 6 174
3 13 13 9 436
3 13 13 15 438
3 14 13 6 62
3 14 13 9 272
3 14 13 15 66
3 7 14 5 376
3 7 14 10 250
3 7 14 12 0
3 8 14 5 176
3 8 14 10 212
3 8 14 12 252
3 11 14 5 114
3 11 14 10 268
3 11 14 12 66
3 13 14 5 388
3 13 14 10 296
3 13 14 12 292
3 14 14 5 300
3 14 14 10 234
3 14 14 12 300
3 7 15 4 110
3 7 15 11 48
3 7 15 13 102
3 8 15 4 218
3 8 15 11 348
3 8 15 13 208
3 11 15 4 120
3 11 15 11 156
3 11 15 13 26
3 13 15 4 244
3 13 15 11 448
3 13 15 13 356
3 14 15 4 236
3 14 15 11 278
3 14 15 13 400
4 6 0 2 2
4 6 0 4 244
4 6 0 11 354
4 9 0 2 156
4 9 0 4 120
4 9 0 11 184
4 10 0 2 202
4 10 0 4 188
4 10 0 11 366
4 12 0 2 90
4 12 0 4 382
4 12 0 11 286
4 15 0 2 68
4 15 0 4 46
4 15 0 11 530
4 6 1 3 472
4 6 1 5 4
4 6 1 10 110
4 9 1 3 500
4 9 1 5 312
4 9 1 10 328
4 10 1 3 88
4 10 1 5 266
4 10 1 10 78
4 12 1 3 44
4 12 1 5 264
4 12 1 10 144
4 15 1 3 374
4 15 1 5 170
4 15 1 10 150
4 6 2 0 78
4 6 2 6 62
4 6 2 9 94
4 9 2 0 4
4 9 2 6 120
4 9 2 9 288
4 10 2 0 122
4 10 2 6 4
4 10 2 9 148
4 12 2 0 68
4 12 2 6 30
4 12 2 9 228
4 15 2 0 196
4 15 2 6 60
4 15 2 9 358
4 6 3 1 212
4 6 3 7 136
4 6 3 8 176
4 9 3 1 264
4 9 3 7 58
4 9 3 8 112
4 10 3 1 374
4 10 3 7 468
4 10 3 8 62
4 12 3 1 404
4 12 3 7 266
4 12 3 8 214
4 15 3 1 62
4 15 3 7 120
4 15 3 8 322
4 6 4 0 70
4 6 4 6 78
4 6 4 15 512
4 9 4 0 94
4 9 4 6 28
4 9 4 15 568
4 10 4 0 110
4 10 4 6 262
4 10 4 15 328
4 12 4 0 120
4 12 4 6 76
4 12 4 15 172
4 15 4 0 92
4 15 4 6 152
4 15 4 15 94
4 6 5 1 378
4 6 5 7 450
4 6 5 14 172
4 9 5 1 134
4 9 5 7 152
4 9 5 14 396
4 10 5 1 14
4 10 5 7 158
4 10 5 14 400
4 12 5 1 32
4 12 5 7 72
4 12 5 14 316
4 15 5 1 240
4 15 5 7 144
4 15 5 14 244
4 6 6 2 374
4 6 6 4 422
4 6 6 13 130
4 9 6 2 384
4 9 6 4 6
4 9 6 13 192
4 10 6 2 74
4 10 6 4 232
4 10 6 13 50
4 12 6 2 118
4 12 6 4 404
4 12 6 13 254
4 15 6 2 290
4 15 6 4 6
4 15 6 13 50
4 6 7 3 444
4 6 7 5 340
4 6 7 12 210
4 9 7 3 554
4 9 7 5 432
4 9 7 12 328
4 10 7 3 212
4 10 7 5 230
4 10 7 12 210
4 12 7 3 126
4 12 7 5 146
4 12 7 12 144
4 15 7 3 24
4 15 7 5 78
4 15 7 12 224
4 6 8 3 84
4 6 8 10 88
4 6 8 12 462
4 9 8 3 106
4 9 8 10 470
4 9 8 12 46
4 10 8 3 106
4 10 8 10 350
4 10 8 12 72
4 12 8 3 174
4 12 8 10 10
4 12 8 12 208
4 15 8 3 136
4 15 8 10 440
4 15 8 12 282
4 6 9 2 50
4 6 9 11 610
4 6 9 13 158
4 9 9 2 280
4 9 9 11 136
4 9 9 13 132
4 10 9 2 108
4 10 9 11 36
4 10 9 13 58
4 12 9 2 126
4 12 9 11 84
4 12 9 13 12
4 15 9 2 136
4 15 9 11 102
4 15 9 13 236
4 6 10 1 142
4 6 10 8 240
4 6 10 14 524
4 9 10 1 152
4 9 10 8 390
4 9 10 14 142
4 10 10 1 142
4 10 10 8 172
4 10 10 14 116
4 12 10 1 240
4 12 10 8 314
4 12 10 14 32
4 15 10 1 454
4 15 10 8 178
4 15 10 14 206
4 6 11 0 206
4 6 11 9 26
4 6 11 15 486
4 9 11 0 60
4 9 11 9 36
4 9 11 15 328
4 10 11 0 362
4 10 11 9 124
4 10 11 15 370
4 12 11 0 254
4 12 11 9 354
4 12 11 15 822
4 15 11 0 0
4 15 11 9 190
4 15 11 15 122
4 6 12 7 152
4 6 12 8 270
4 6 12 14 296
4 9 12 7 330
4 9 12 8 438
4 9 12 14 268
4 10 12 7 474
4 10 12 8 140
4 10 12 14 50
4 12 12 7 160
4 12 12 8 42
4 12 12 14 62
4 15 12 7 44
4 15 12 8 260
4 15 12 14 18
4 6 13 6 82
4 6 13 9 24
4 6 13 15 40
4 9 13 6 380
4 9 13 9 16
4 9 13 15 348
4 10 13 6 264
4 10 13 9 328
4 10 13 15 238
4 12 13 6 18
4 12 13 9 208
4 12 13 15 140
4 15 13 6 314
4 15 13 9 420
4 15 13 15 512
4 6 14 5 278
4 6 14 10 282
4 6 14 12 98
4 9 14 5 108
4 9 14 10 56
4 9 14 12 270
4 10 14 5 84
4 10 14 10 92
4 10 14 12 178
4 12 14 5 162
4 12 14 10 318
4 12 14 12 152
4 15 14 5 390
4 15 14 10 396
4 15 14 12 36
4 6 15 4 244
4 6 15 11 6
4 6 15 13 232
4 9 15 4 182
4 9 15 11 268
4 9 15 13 8
4 10 15 4 106
4 10 15 11 140
4 10 15 13 108
4 12 15 4 98
4 12 15 11 72
4 12 15 13 194
4 15 15 4 20
4 15 15 11 228
4 15 15 13 136
5 7 0 2 42
5 7 0 4 136
5 7 0 11 14
5 8 0 2 10
5 8 0 4 18
5 8 0 11 186
5 11 0 2 6
5 11 0 4 74
5 11 0 11 42
5 13 0 2 330
5 13 0 4 302
5 13 0 11 100
5 14 0 2 22
5 14 0 4 128
5 14 0 11 148
5 7 1 3 346
5 7 1 5 68
5 7 1 10 658
5 8 1 3 108
5 8 1 5 320
5 8 1 10 162
5 11 1 3 70
5 11 1 5 14
5 11 1 10 162
5 13 1 3 488
5 13 1 5 244
5 13 1 10 178
5 14 1 3 228
5 14 1 5 312
5 14 1 10 122
5 7 2 0 294
5 7 2 6 396
5 7 2 9 4
5 8 2 0 16
5 8 2 6 324
5 8 2 9 92
5 11 2 0 576
5 11 2 6 26
5 11 2 9 82
5 13 2 0 172
5 13 2 6 46
5 13 2 9 84
5 14 2 0 56
5 14 2 6 22
5 14 2 9 310
5 7 3 1 88
5 7 3 7 148
5 7 3 8 196
5 8 3 1 62
5 8 3 7 206
5 8 3 8 104
5 11 3 1 38
5 11 3 7 272
5 11 3 8 486
5 13 3 1 166
5 13 3 7 448
5 13 3 8 240
5 14 3 1 564
5 14 3 7 214
5 14 3 8 278
5 7 4 0 346
5 7 4 6 114
5 7 4 15 94
5 8 4 0 26
5 8 4 6 382
5 8 4 15 268
5 11 4 0 450
5 11 4 6 138
5 11 4 15 296
5 13 4 0 192
5 13 4 6 192
5 13 4 15 152
5 14 4 0 270
5 14 4 6 70
5 14 4 15 346
5 7 5 1 142
5 7 5 7 32
5 7 5 14 364
5 8 5 1 36
5 8 5 7 152
5 8 5 14 18
5 11 5 1 654
5 11 5 7 102
5 11 5 14 506
5 13 5 1 384
5 13 5 7 476
5 13 5 14 270
5 14 5 1 4
5 14 5 7 8
5 14 5 14 52
5 7 6 2 210
5 7 6 4 44
5 7 6 13 38
5 8 6 2 16
5 8 6 4 28
5 8 6 13 252
5 11 6 2 328
5 11 6 4 64
5 11 6 13 368
5 13 6 2 246
5 13 6 4 130
5 13 6 13 166
5 14 6 2 8
5 14 6 4 152
5 14 6 13 8
5 7 7 3 192
5 7 7 5 148
5 7 7 12 140
5 8 7 3 130
5 8 7 5 530
5 8 7 12 190
5 11 7 3 46
5 11 7 5 286
5 11 7 12 276
5 13 7 3 224
5 13 7 5 240
5 13 7 12 80
5 14 7 3 330
5 14 7 5 8
5 14 7 12 164
5 7 8 3 204
5 7 8 10 254
5 7 8 12 50
5 8 8 3 32
5 8 8 10 38
5 8 8 12 450
5 11 8 3 128
5 11 8 10 46
5 11 8 12 166
5 13 8 3 412
5 13 8 10 34
5 13 8 12 316
5 14 8 3 436
5 14 8 10 32
5 14 8 12 590
5 7 9 2 146
5 7 9 11 642
5 7 9 13 206
5 8 9 2 12
5 8 9 11 78
5 8 9 13 176
5 11 9 2 60
5 11 9 11 302
5 11 9 13 98
5 13 9 2 86
5 13 9 11 334
5 13 9 13 116
5 14 9 2 142
5 14 9 11 248
5 14 9 13 52
5 7 10 1 148
5 7 10 8 64
5 7 10 14 492
5 8 10 1 140
5 8 10 8 260
5 8 10 14 156
5 11 10 1 6
5 11 10 8 18
5 11 10 14 210
5 13 10 1 132
5 13 10 8 124
5 13 10 14 78
5 14 10 1 388
5 14 10 8 124
5 14 10 14 182
5 7 11 0 696
5 7 11 9 346
5 7 11 15 194
5 8 11 0 236
5 8 11 9 174
5 8 11 15 674
5 11 11 0 500
5 11 11 9 512
5 11 11 15 82
5 13 11 0 104
5 13 11 9 6
5 13 11 15 134
5 14 11 0 324
5 14 11 9 190
5 14 11 15 0
5 7 12 7 340
5 7 12 8 84
5 7 12 14 106
5 8 12 7 190
5 8 12 8 154
5 8 12 14 44
5 11 12 7 308
5 11 12 8 14
5 11 12 14 62
5 13 12 7 168
5 13 12 8 76
5 13 12 14 114
5 14 12 7 14
5 14 12 8 460
5 14 12 14 64
5 7 13 6 44
5 7 13 9 462
5 7 13 15 252
5 8 13 6 332
5 8 13 9 266
5 8 13 15 210
5 11 13 6 118
5 11 13 9 568
5 11 13 15 54
5 13 13 6 48
5 13 13 9 524
5 13 13 15 214
5 14 13 6 420
5 14 13 9 410
5 14 13 15 386
5 7 14 5 560
5 7 14 10 136
5 7 14 12 262
5 8 14 5 226
5 8 14 10 354
5 8 14 12 28
5 11 14 5 80
5 11 14 10 174
5 11 14 12 434
5 13 14 5 458
5 13 14 10 394
5 13 14 12 232
5 14 14 5 52
5 14 14 10 32
5 14 14 12 76
5 7 15 4 40
5 7 15 11 54
5 7 15 13 364
5 8 15 4 96
5 8 15 11 84
5 8 15 13 268
5 11 15 4 56
5 11 15 11 270
5 11 15 13 104
5 13 15 4 10
5 13 15 11 182
5 13 15 13 120
5 14 15 4 28
5 14 15 11 446
5 14 15 13 212
6 8 0 2 304
6 8 0 4 242
6 8 0 11 98
6 11 0 2 160
6 11 0 4 310
6 11 0 11 46
6 13 0 2 548
6 13 0 4 358
6 13 0 11 420
6 14 0 2 296
6 14 0 4 180
6 14 0 11 44
6 8 1 3 180
6 8 1 5 418
6 8 1 10 114
6 11 1 3 200
6 11 1 5 110
6 11 1 10 182
6 13 1 3 106
6 13 1 5 360
6 13 1 10 262
6 14 1 3 10
6 14 1 5 282
6 14 1 10 340
6 8 2 0 186
6 8 2 6 18
6 8 2 9 50
6 11 2 0 276
6 11 2 6 296
6 11 2 9 214
6 13 2 0 184
6 13 2 6 214
6 13 2 9 498
6 14 2 0 154
6 14 2 6 234
6 14 2 9 164
6 8 3 1 100
6 8 3 7 124
6 8 3 8 102
6 11 3 1 402
6 11 3 7 78
6 11 3 8 36
6 13 3 1 12
6 13 3 7 84
6 13 3 8 504
6 14 3 1 68
6 14 3 7 236
6 14 3 8 42
6 8 4 0 426
6 8 4 6 96
6 8 4 15 242
6 11 4 0 234
6 11 4 6 28
6 11 4 15 92
6 13 4 0 160
6 13 4 6 50
6 13 4 15 130
6 14 4 0 6
6 14 4 6 2
6 14 4 15 266
6 8 5 1 710
6 8 5 7 124
6 8 5 14 10
6 11 5 1 42
6 11 5 7 682
6 11 5 14 404
6 13 5 1 112
6 13 5 7 148
6 13 5 14 60
6 14 5 1 2
6 14 5 7 270
6 14 5 14 182
6 8 6 2 144
6 8 6 4 132
6 8 6 13 446
6 11 6 2 108
6 11 6 4 34
6 11 6 13 36
6 13 6 2 222
6 13 6 4 316
6 13 6 13 338
6 14 6 2 76
6 14 6 4 88
6 14 6 13 76
6 8 7 3 102
6 8 7 5 598
6 8 7 12 176
6 11 7 3 240
6 11 7 5 192
6 11 7 12 412
6 13 7 3 160
6 13 7 5 230
6 13 7 12 398
6 14 7 3 244
6 14 7 5 244
6 14 7 12 70
6 8 8 3 264
6 8 8 10 266
6 8 8 12 272
6 11 8 3 352
6 11 8 10 238
6 11 8 12 402
6 13 8 3 136
6 13 8 10 118
6 13 8 12 114
6 14 8 3 408
6 14 8 10 58
6 14 8 12 144
6 8 9 2 64
6 8 9 11 230
6 8 9 13 202
6 11 9 2 430
6 11 9 11 106
6 11 9 13 166
6 13 9 2 574
6 13 9 11 48
6 13 9 13 72
6 14 9 2 312
6 14 9 11 118
6 14 9 13 248
6 8 10 1 692
6 8 10 8 286
6 8 10 14 90
6 11 10 1 196
6 11 10 8 94
6 11 10 14 52
6 13 10 1 508
6 13 10 8 16
6 13 10 14 134
6 14 10 1 14
6 14 10 8 348
6 14 10 14 132
6 8 11 0 98
6 8 11 9 2
6 8 11 15 186
6 11 11 0 300
6 11 11 9 230
6 11 11 15 180
6 13 11 0 74
6 13 11 9 22
6 13 11 15 322
6 14 11 0 76
6 14 11 9 352
6 14 11 15 208
6 8 12 7 194
6 8 12 8 214
6 8 12 14 296
6 11 12 7 302
6 11 12 8 24
6 11 12 14 2
6 13 12 7 332
6 13 12 8 190
6 13 12 14 174
6 14 12 7 94
6 14 12 8 492
6 14 12 14 108
6 8 13 6 248
6 8 13 9 436
6 8 13 15 38
6 11 13 6 46
6 11 13 9 12
6 11 13 15 508
6 13 13 6 396
6 13 13 9 136
6 13 13 15 244
6 14 13 6 86
6 14 13 9 26
6 14 13 15 458
6 8 14 5 36
6 8 14 10 58
6 8 14 12 0
6 11 14 5 70
6 11 14 10 60
6 11 14 12 10
6 13 14 5 134
6 13 14 10 2
6 13 14 12 204
6 14 14 5 12
6 14 14 10 206
6 14 14 12 236
6 8 15 4 122
6 8 15 11 248
6 8 15 13 232
6 11 15 4 14
6 11 15 11 58
6 11 15 13 302
6 13 15 4 64
6 13 15 11 362
6 13 15 13 308
6 14 15 4 74
6 14 15 11 24
6 14 15 13 348
7 9 0 2 224
7 9 0 4 424
7 9 0 11 394
7 10 0 2 26
7 10 0 4 498
7 10 0 11 404
7 12 0 2 328
7 12 0 4 198
7 12 0 11 156
7 15 0 2 308
7 15 0 4 246
7 15 0 11 180
7 9 1 3 202
7 9 1 5 172
7 9 1 10 426
7 10 1 3 228
7 10 1 5 18
7 10 1 10 24
7 12 1 3 62
7 12 1 5 6
7 12 1 10 34
7 15 1 3 320
7 15 1 5 34
7 15 1 10 152
7 9 2 0 254
7 9 2 6 306
7 9 2 9 278
7 10 2 0 50
7 10 2 6 52
7 10 2 9 526
7 12 2 0 278
7 12 2 6 254
7 12 2 9 196
7 15 2 0 156
7 15 2 6 276
7 15 2 9 184
7 9 3 1 332
7 9 3 7 102
7 9 3 8 394
7 10 3 1 206
7 10 3 7 282
7 10 3 8 224
7 12 3 1 280
7 12 3 7 134
7 12 3 8 288
7 15 3 1 10
7 15 3 7 134
7 15 3 8 264
7 9 4 0 280
7 9 4 6 160
7 9 4 15 166
7 10 4 0 62
7 10 4 6 268
7 10 4 15 272
7 12 4 0 360
7 12 4 6 350
7 12 4 15 106
7 15 4 0 126
7 15 4 6 304
7 15 4 15 138
7 9 5 1 570
7 9 5 7 8
7 9 5 14 26
7 10 5 1 44
7 10 5 7 334
7 10 5 14 76
7 12 5 1 106
7 12 5 7 46
7 12 5 14 198
7 15 5 1 232
7 15 5 7 56
7 15 5 14 422
7 9 6 2 262
7 9 6 4 48
7 9 6 13 80
7 10 6 2 148
7 10 6 4 132
7 10 6 13 146
7 12 6 2 424
7 12 6 4 88
7 12 6 13 386
7 15 6 2 46
7 15 6 4 84
7 15 6 13 416
7 9 7 3 40
7 9 7 5 166
7 9 7 12 142
7 10 7 3 24
7 10 7 5 100
7 10 7 12 146
7 12 7 3 112
7 12 7 5 124
7 12 7 12 300
7 15 7 3 100
7 15 7 5 0
7 15 7 12 10
7 9 8 3 130
7 9 8 10 230
7 9 8 12 138
7 10 8 3 390
7 10 8 10 96
7 10 8 12 256
7 12 8 3 324
7 12 8 10 38
7 12 8 12 170
7 15 8 3 148
7 15 8 10 148
7 15 8 12 574
7 9 9 2 384
7 9 9 11 282
7 9 9 13 598
7 10 9 2 282
7 10 9 11 138
7 10 9 13 54
7 12 9 2 376
7 12 9 11 236
7 12 9 13 336
7 15 9 2 138
7 15 9 11 108
7 15 9 13 200
7 9 10 1 16
7 9 10 8 292
7 9 10 14 4
7 10 10 1 142
7 10 10 8 364
7 10 10 14 210
7 12 10 1 480
7 12 10 8 510
7 12 10 14 54
7 15 10 1 108
7 15 10 8 48
7 15 10 14 24
7 9 11 0 188
7 9 11 9 320
7 9 11 15 160
7 10 11 0 322
7 10 11 9 42
7 10 11 15 216
7 12 11 0 148
7 12 11 9 16
7 12 11 15 330
7 15 11 0 76
7 15 11 9 268
7 15 11 15 20
7 9 12 7 170
7 9 12 8 460
7 9 12 14 308
7 10 12 7 34
7 10 12 8 30
7 10 12 14 404
7 12 12 7 140
7 12 12 8 170
7 12 12 14 172
7 15 12 7 6
7 15 12 8 158
7 15 12 14 70
7 9 13 6 288
7 9 13 9 294
7 9 13 15 278
7 10 13 6 280
7 10 13 9 334
7 10 13 15 216
7 12 13 6 500
7 12 13 9 80
7 12 13 15 502
7 15 13 6 170
7 15 13 9 280
7 15 13 15 258
7 9 14 5 358
7 9 14 10 52
7 9 14 12 216
7 10 14 5 246
7 10 14 10 310
7 10 14 12 214
7 12 14 5 198
7 12 14 10 278
7 12 14 12 126
7 15 14 5 22
7 15 14 10 388
7 15 14 12 254
7 9 15 4 40
7 9 15 11 236
7 9 15 13 12
7 10 15 4 2
7 10 15 11 42
7 10 15 13 68
7 12 15 4 184
7 12 15 11 268
7 12 15 13 110
7 15 15 4 158
7 15 15 11 104
7 15 15 13 260
8 10 0 2 298
8 10 0 4 236
8 10 0 11 278
8 12 0 2 58
8 12 0 4 758
8 12 0 11 236
8 10 1 3 216
8 10 1 5 84
8 10 1 10 36
8 12 1 3 138
8 12 1 5 8
8 12 1 10 250
8 10 2 0 250
8 10 2 6 180
8 10 2 9 422
8 12 2 0 456
8 12 2 6 112
8 12 2 9 42
8 10 3 1 308
8 10 3 7 530
8 10 3 8 22
8 12 3 1 146
8 12 3 7 346
8 12 3 8 86
8 10 4 0 104
8 10 4 6 546
8 10 4 15 314
8 12 4 0 500
8 12 4 6 34
8 12 4 15 356
8 10 5 1 364
8 10 5 7 104
8 10 5 14 38
8 12 5 1 66
8 12 5 7 164
8 12 5 14 130
8 10 6 2 294
8 10 6 4 262
8 10 6 13 252
8 12 6 2 142
8 12 6 4 188
8 12 6 13 4
8 10 7 3 50
8 10 7 5 104
8 10 7 12 318
8 12 7 3 340
8 12 7 5 202
8 12 7 12 202
8 10 8 3 100
8 10 8 10 134
8 10 8 12 6
8 12 8 3 34
8 12 8 10 708
8 12 8 12 116
8 10 9 2 186
8 10 9 11 298
8 10 9 13 32
8 12 9 2 448
8 12 9 11 416
8 12 9 13 114
8 10 10 1 92
8 10 10 8 376
8 10 10 14 168
8 12 10 1 514
8 12 10 8 96
8 12 10 14 50
8 10 11 0 14
8 10 11 9 402
8 10 11 15 50
8 12 11 0 600
8 12 11 9 314
8 12 11 15 82
8 10 12 7 176
8 10 12 8 164
8 10 12 14 146
8 12 12 7 200
8 12 12 8 238
8 12 12 14 110
8 10 13 6 98
8 10 13 9 150
8 10 13 15 54
8 12 13 6 82
8 12 13 9 542
8 12 13 15 538
8 10 14 5 530
8 10 14 10 156
8 10 14 12 308
8 12 14 5 290
8 12 14 10 100
8 12 14 12 842
8 10 15 4 604
8 10 15 11 10
8 10 15 13 314
8 12 15 4 10
8 12 15 11 198
8 12 15 13 440
9 11 0 2 40
9 11 0 4 274
9 11 0 11 486
9 13 0 2 26
9 13 0 4 80
9 13 0 11 248
9 11 1 3 324
9 11 1 5 546
9 11 1 10 16
9 13 1 3 410
9 13 1 5 484
9 13 1 10 318
9 11 2 0 448
9 11 2 6 78
9 11 2 9 312
9 13 2 0 148
9 13 2 6 154
9 13 2 9 274
9 11 3 1 218
9 11 3 7 348
9 11 3 8 446
9 13 3 1 480
9 13 3 7 96
9 13 3 8 130
9 11 4 0 392
9 11 4 6 138
9 11 4 15 38
9 13 4 0 194
9 13 4 6 432
9 13 4 15 78
9 11 5 1 114
9 11 5 7 120
9 11 5 14 142
9 13 5 1 44
9 13 5 7 24
9 13 5 14 46
9 11 6 2 94
9 11 6 4 164
9 11 6 13 72
9 13 6 2 86
9 13 6 4 150
9 13 6 13 196
9 11 7 3 142
9 11 7 5 30
9 11 7 12 408
9 13 7 3 194
9 13 7 5 132
9 13 7 12 256
9 11 8 3 140
9 11 8 10 212
9 11 8 12 224
9 13 8 3 10
9 13 8 10 608
9 13 8 12 568
9 11 9 2 228
9 11 9 11 248
9 11 9 13 222
9 13 9 2 442
9 13 9 11 200
9 13 9 13 562
9 11 10 1 208
9 11 10 8 132
9 11 10 14 70
9 13 10 1 582
9 13 10 8 188
9 13 10 14 344
9 11 11 0 338
9 11 11 9 72
9 11 11 15 100
9 13 11 0 94
9 13 11 9 28
9 13 11 15 222
9 11 12 7 160
9 11 12 8 20
9 11 12 14 206
9 13 12 7 252
9 13 12 8 384
9 13 12 14 92
9 11 13 6 136
9 11 13 9 8
9 11 13 15 484
9 13 13 6 200
9 13 13 9 336
9 13 13 15 252
9 11 14 5 176
9 11 14 10 64
9 11 14 12 114
9 13 14 5 24
9 13 14 10 338
9 13 14 12 52
9 11 15 4 92
9 11 15 11 454
9 11 15 13 120
9 13 15 4 124
9 13 15 11 62
9 13 15 13 418
10 14 0 2 120
10 14 0 4 404
10 14 0 11 208
10 14 1 3 238
10 14 1 5 84
10 14 1 10 10
10 14 2 0 226
10 14 2 6 72
10 14 2 9 146
10 14 3 1 40
10 14 3 7 74
10 14 3 8 148
10 14 4 0 264
10 14 4 6 36
10 14 4 15 88
10 14 5 1 122
10 14 5 7 262
10 14 5 14 192
10 14 6 2 190
10 14 6 4 84
10 14 6 13 68
10 14 7 3 66
10 14 7 5 170
10 14 7 12 240
10 14 8 3 332
10 14 8 10 272
10 14 8 12 160
10 14 9 2 380
10 14 9 11 450
10 14 9 13 132
10 14 10 1 102
10 14 10 8 170
10 14 10 14 34
10 14 11 0 60
10 14 11 9 4
10 14 11 15 410
10 14 12 7 308
10 14 12 8 88
10 14 12 14 36
10 14 13 6 110
10 14 13 9 402
10 14 13 15 24
10 14 14 5 274
10 14 14 10 104
10 14 14 12 76
10 14 15 4 480
10 14 15 11 312
10 14 15 13 60
11 15 0 2 104
11 15 0 4 192
11 15 0 11 160
11 15 1 3 300
11 15 1 5 10
11 15 1 10 206
11 15 2 0 180
11 15 2 6 144
11 15 2 9 60
11 15 3 1 134
11 15 3 7 454
11 15 3 8 448
11 15 4 0 22
11 15 4 6 738
11 15 4 15 204
11 15 5 1 82
11 15 5 7 212
11 15 5 14 140
11 15 6 2 512
11 15 6 4 22
11 15 6 13 96
11 15 7 3 168
11 15 7 5 326
11 15 7 12 110
11 15 8 3 236
11 15 8 10 226
11 15 8 12 110
11 15 9 2 26
11 15 9 11 298
11 15 9 13 158
11 15 10 1 682
11 15 10 8 476
11 15 10 14 14
11 15 11 0 420
11 15 11 9 82
11 15 11 15 128
11 15 12 7 358
11 15 12 8 24
11 15 12 14 58
11 15 13 6 120
11 15 13 9 590
11 15 13 15 276
11 15 14 5 66
11 15 14 10 364
11 15 14 12 196
11 15 15 4 196
11 15 15 11 406
11 15 15 13 278
12 14 0 2 22
12 14 0 4 198
12 14 0 11 338
12 14 1 3 4
12 14 1 5 92
12 14 1 10 320
12 14 2 0 36
12 14 2 6 24
12 14 2 9 488
12 14 3 1 348
12 14 3 7 142
12 14 3 8 166
12 14 4 0 362
12 14 4 6 388
12 14 4 15 372
12 14 5 1 280
12 14 5 7 524
12 14 5 14 116
12 14 6 2 272
12 14 6 4 312
12 14 6 13 156
12 14 7 3 72
12 14 7 5 76
12 14 7 12 528
12 14 8 3 2
12 14 8 10 404
12 14 8 12 92
12 14 9 2 270
12 14 9 11 134
12 14 9 13 24
12 14 10 1 160
12 14 10 8 260
12 14 10 14 18
12 14 11 0 120
12 14 11 9 460
12 14 11 15 284
12 14 12 7 214
12 14 12 8 324
12 14 12 14 712
12 14 13 6 4
12 14 13 9 500
12 14 13 15 570
12 14 14 5 296
12 14 14 10 300
12 14 14 12 368
12 14 15 4 10
12 14 15 11 484
12 14 15 13 180
13 15 0 2 400
13 15 0 4 304
13 15 0 11 374
13 15 1 3 10
13 15 1 5 320
13 15 1 10 126
13 15 2 0 70
13 15 2 6 140
13 15 2 9 274
13 15 3 1 38
13 15 3 7 226
13 15 3 8 218
13 15 4 0 40
13 15 4 6 60
13 15 4 15 834
13 15 5 1 256
13 15 5 7 396
13 15 5 14 40
13 15 6 2 202
13 15 6 4 550
13 15 6 13 188
13 15 7 3 180
13 15 7 5 518
13 15 7 12 394
13 15 8 3 362
13 15 8 10 278
13 15 8 12 184
13 15 9 2 120
13 15 9 11 36
13 15 9 13 414
13 15 10 1 212
13 15 10 8 300
13 15 10 14 464
13 15 11 0 312
13 15 11 9 484
13 15 11 15 352
13 15 12 7 322
13 15 12 8 414
13 15 12 14 188
13 15 13 6 166
13 15 13 9 348
13 15 13 15 52
13 15 14 5 312
13 15 14 10 70
13 15 14 12 102
13 15 15 4 272
13 15 15 11 48
13 15 15 13 18
