0 2 0 2 22
0 2 0 4 274
0 2 0 11 44
0 4 0 2 232
0 4 0 4 14
0 4 0 11 318
0 8 0 2 300
0 8 0 4 222
0 8 0 11 58
0 11 0 2 68
0 11 0 4 294
0 11 0 11 490
0 13 0 2 272
0 13 0 4 166
0 13 0 11 70
0 14 0 2 116
0 14 0 4 106
0 14 0 11 438
0 2 1 3 130
0 2 1 5 358
0 2 1 10 488
0 4 1 3 222
0 4 1 5 122
0 4 1 10 214
0 8 1 3 328
0 8 1 5 218
0 8 1 10 106
0 11 1 3 438
0 11 1 5 158
0 11 1 10 72
0 13 1 3 532
0 13 1 5 278
0 13 1 10 150
0 14 1 3 62
0 14 1 5 318
0 14 1 10 364
0 2 2 0 366
0 2 2 6 402
0 2 2 9 392
0 4 2 0 190
0 4 2 6 280
0 4 2 9 16
0 8 2 0 428
0 8 2 6 212
0 8 2 9 130
0 11 2 0 176
0 11 2 6 448
0 11 2 9 8
0 13 2 0 252
0 13 2 6 12
0 13 2 9 46
0 14 2 0 38
0 14 2 6 32
0 14 2 9 108
0 2 3 1 454
0 2 3 7 222
0 2 3 8 176
0 4 3 1 26
0 4 3 7 194
0 4 3 8 64
0 8 3 1 200
0 8 3 7 90
0 8 3 8 334
0 11 3 1 16
0 11 3 7 8
0 11 3 8 372
0 13 3 1 422
0 13 3 7 238
0 13 3 8 98
0 14 3 1 56
0 14 3 7 86
0 14 3 8 364
0 2 4 0 270
0 2 4 6 352
0 2 4 15 182
0 4 4 0 136
0 4 4 6 346
0 4 4 15 86
0 8 4 0 716
0 8 4 6 32
0 8 4 15 352
0 11 4 0 182
0 11 4 6 58
0 11 4 15 166
0 13 4 0 108
0 13 4 6 110
0 13 4 15 342
0 14 4 0 74
0 14 4 6 22
0 14 4 15 206
0 2 5 1 108
0 2 5 7 118
0 2 5 14 262
0 4 5 1 40
0 4 5 7 364
0 4 5 14 206
0 8 5 1 270
0 8 5 7 152
0 8 5 14 50
0 11 5 1 250
0 11 5 7 546
0 11 5 14 130
0 13 5 1 206
0 13 5 7 136
0 13 5 14 52
0 14 5 1 4
0 14 5 7 246
0 14 5 14 14
0 2 6 2 110
0 2 6 4 140
0 2 6 13 416
0 4 6 2 16
0 4 6 4 294
0 4 6 13 6
0 8 6 2 164
0 8 6 4 90
0 8 6 13 238
0 11 6 2 210
0 11 6 4 52
0 11 6 13 110
0 13 6 2 2
0 13 6 4 114
0 13 6 13 542
0 14 6 2 114
0 14 6 4 52
0 14 6 13 306
0 2 7 3 110
0 2 7 5 110
0 2 7 12 342
0 4 7 3 186
0 4 7 5 230
0 4 7 12 192
0 8 7 3 198
0 8 7 5 302
0 8 7 12 338
0 11 7 3 182
0 11 7 5 28
0 11 7 12 96
0 13 7 3 228
0 13 7 5 226
0 13 7 12 560
0 14 7 3 10
0 14 7 5 44
0 14 7 12 76
0 2 8 3 132
0 2 8 10 322
0 2 8 12 320
0 4 8 3 244
0 4 8 10 50
0 4 8 12 184
0 8 8 3 258
0 8 8 10 200
0 8 8 12 32
0 11 8 3 262
0 11 8 10 356
0 11 8 12 196
0 13 8 3 142
0 13 8 10 60
0 13 8 12 506
0 14 8 3 52
0 14 8 10 128
0 14 8 12 186
0 2 9 2 68
0 2 9 11 196
0 2 9 13 306
0 4 9 2 98
0 4 9 11 158
0 4 9 13 102
0 8 9 2 260
0 8 9 11 90
0 8 9 13 228
0 11 9 2 38
0 11 9 11 22
0 11 9 13 512
0 13 9 2 352
0 13 9 11 312
0 13 9 13 160
0 14 9 2 104
0 14 9 11 140
0 14 9 13 384
0 2 10 1 480
0 2 10 8 600
0 2 10 14 240
0 4 10 1 24
0 4 10 8 122
0 4 10 14 32
0 8 10 1 28
0 8 10 8 44
0 8 10 14 122
0 11 10 1 44
0 11 10 8 148
0 11 10 14 20
0 13 10 1 86
0 13 10 8 202
0 13 10 14 48
0 14 10 1 428
0 14 10 8 204
0 14 10 14 30
0 2 11 0 322
0 2 11 9 292
0 2 11 15 24
0 4 11 0 166
0 4 11 9 106
0 4 11 15 568
0 8 11 0 138
0 8 11 9 152
0 8 11 15 152
0 11 11 0 526
0 11 11 9 224
0 11 11 15 422
0 13 11 0 208
0 13 11 9 132
0 13 11 15 160
0 14 11 0 74
0 14 11 9 84
0 14 11 15 16
0 2 12 7 84
0 2 12 8 312
0 2 12 14 70
0 4 12 7 180
0 4 12 8 380
0 4 12 14 236
0 8 12 7 26
0 8 12 8 48
0 8 12 14 158
0 11 12 7 352
0 11 12 8 120
0 11 12 14 218
0 13 12 7 156
0 13 12 8 234
0 13 12 14 736
0 14 12 7 14
0 14 12 8 104
0 14 12 14 0
0 2 13 6 204
0 2 13 9 102
0 2 13 15 260
0 4 13 6 200
0 4 13 9 160
0 4 13 15 192
0 8 13 6 212
0 8 13 9 92
0 8 13 15 288
0 11 13 6 142
0 11 13 9 36
0 11 13 15 496
0 13 13 6 554
0 13 13 9 38
0 13 13 15 70
0 14 13 6 98
0 14 13 9 324
0 14 13 15 226
0 2 14 5 104
0 2 14 10 140
0 2 14 12 64
0 4 14 5 160
0 4 14 10 646
0 4 14 12 26
0 8 14 5 446
0 8 14 10 466
0 8 14 12 198
0 11 14 5 354
0 11 14 10 98
0 11 14 12 276
0 13 14 5 30
0 13 14 10 256
0 13 14 12 248
0 14 14 5 248
0 14 14 10 140
0 14 14 12 258
0 2 15 4 208
0 2 15 11 330
0 2 15 13 426
0 4 15 4 48
0 4 15 11 368
0 4 15 13 776
0 8 15 4 442
0 8 15 11 100
0 8 15 13 234
0 11 15 4 394
0 11 15 11 68
0 11 15 13 332
0 13 15 4 276
0 13 15 11 182
0 13 15 13 668
0 14 15 4 138
0 14 15 11 138
0 14 15 13 46
1 3 0 2 188
1 3 0 4 262
1 3 0 11 234
1 5 0 2 294
1 5 0 4 248
1 5 0 11 184
1 9 0 2 66
1 9 0 4 192
1 9 0 11 114
1 10 0 2 20
1 10 0 4 392
1 10 0 11 204
1 12 0 2 236
1 12 0 4 116
1 12 0 11 44
1 15 0 2 348
1 15 0 4 22
1 15 0 11 136
1 3 1 3 372
1 3 1 5 272
1 3 1 10 692
1 5 1 3 162
1 5 1 5 256
1 5 1 10 118
1 9 1 3 84
1 9 1 5 106
1 9 1 10 466
1 10 1 3 230
1 10 1 5 254
1 10 1 10 136
1 12 1 3 128
1 12 1 5 90
1 12 1 10 4
1 15 1 3 48
1 15 1 5 154
1 15 1 10 486
1 3 2 0 458
1 3 2 6 174
1 3 2 9 230
1 5 2 0 696
1 5 2 6 62
1 5 2 9 20
1 9 2 0 38
1 9 2 6 184
1 9 2 9 108
1 10 2 0 626
1 10 2 6 32
1 10 2 9 86
1 12 2 0 242
1 12 2 6 412
1 12 2 9 302
1 15 2 0 200
1 15 2 6 652
1 15 2 9 250
1 3 3 1 294
1 3 3 7 160
1 3 3 8 104
1 5 3 1 242
1 5 3 7 90
1 5 3 8 64
1 9 3 1 186
1 9 3 7 52
1 9 3 8 144
1 10 3 1 148
1 10 3 7 120
1 10 3 8 226
1 12 3 1 96
1 12 3 7 146
1 12 3 8 116
1 15 3 1 250
1 15 3 7 72
1 15 3 8 198
1 3 4 0 474
1 3 4 6 96
1 3 4 15 334
1 5 4 0 142
1 5 4 6 384
1 5 4 15 112
1 9 4 0 152
1 9 4 6 74
1 9 4 15 40
1 10 4 0 22
1 10 4 6 2
1 10 4 15 34
1 12 4 0 32
1 12 4 6 62
1 12 4 15 176
1 15 4 0 10
1 15 4 6 154
1 15 4 15 312
1 3 5 1 198
1 3 5 7 330
1 3 5 14 128
1 5 5 1 310
1 5 5 7 288
1 5 5 14 420
1 9 5 1 350
1 9 5 7 432
1 9 5 14 100
1 10 5 1 158
1 10 5 7 118
1 10 5 14 182
1 12 5 1 156
1 12 5 7 264
1 12 5 14 508
1 15 5 1 110
1 15 5 7 200
1 15 5 14 158
1 3 6 2 736
1 3 6 4 222
1 3 6 13 240
1 5 6 2 268
1 5 6 4 196
1 5 6 13 40
1 9 6 2 320
1 9 6 4 160
1 9 6 13 188
1 10 6 2 184
1 10 6 4 498
1 10 6 13 542
1 12 6 2 238
1 12 6 4 4
1 12 6 13 208
1 15 6 2 122
1 15 6 4 140
1 15 6 13 396
1 3 7 3 216
1 3 7 5 66
1 3 7 12 404
1 5 7 3 68
1 5 7 5 62
1 5 7 12 30
1 9 7 3 170
1 9 7 5 596
1 9 7 12 74
1 10 7 3 142
1 10 7 5 134
1 10 7 12 112
1 12 7 3 348
1 12 7 5 64
1 12 7 12 336
1 15 7 3 30
1 15 7 5 40
1 15 7 12 32
1 3 8 3 354
1 3 8 10 386
1 3 8 12 274
1 5 8 3 284
1 5 8 10 124
1 5 8 12 212
1 9 8 3 222
1 9 8 10 26
1 9 8 12 134
1 10 8 3 32
1 10 8 10 40
1 10 8 12 392
1 12 8 3 194
1 12 8 10 272
1 12 8 12 378
1 15 8 3 168
1 15 8 10 280
1 15 8 12 54
1 3 9 2 154
1 3 9 11 132
1 3 9 13 136
1 5 9 2 648
1 5 9 11 184
1 5 9 13 154
1 9 9 2 110
1 9 9 11 64
1 9 9 13 66
1 10 9 2 310
1 10 9 11 18
1 10 9 13 212
1 12 9 2 242
1 12 9 11 30
1 12 9 13 460
1 15 9 2 190
1 15 9 11 108
1 15 9 13 106
1 3 10 1 44
1 3 10 8 160
1 3 10 14 198
1 5 10 1 36
1 5 10 8 78
1 5 10 14 110
1 9 10 1 28
1 9 10 8 342
1 9 10 14 240
1 10 10 1 292
1 10 10 8 416
1 10 10 14 70
1 12 10 1 88
1 12 10 8 64
1 12 10 14 38
1 15 10 1 382
1 15 10 8 298
1 15 10 14 274
1 3 11 0 58
1 3 11 9 230
1 3 11 15 164
1 5 11 0 46
1 5 11 9 24
1 5 11 15 704
1 9 11 0 22
1 9 11 9 890
1 9 11 15 88
1 10 11 0 408
1 10 11 9 346
1 10 11 15 32
1 12 11 0 66
1 12 11 9 554
1 12 11 15 182
1 15 11 0 76
1 15 11 9 364
1 15 11 15 64
1 3 12 7 4
1 3 12 8 160
1 3 12 14 194
1 5 12 7 28
1 5 12 8 34
1 5 12 14 154
1 9 12 7 172
1 9 12 8 60
1 9 12 14 828
1 10 12 7 300
1 10 12 8 104
1 10 12 14 8
1 12 12 7 154
1 12 12 8 80
1 12 12 14 120
1 15 12 7 210
1 15 12 8 82
1 15 12 14 368
1 3 13 6 64
1 3 13 9 286
1 3 13 15 46
1 5 13 6 48
1 5 13 9 492
1 5 13 15 332
1 9 13 6 414
1 9 13 9 40
1 9 13 15 106
1 10 13 6 108
1 10 13 9 52
1 10 13 15 460
1 12 13 6 572
1 12 13 9 228
1 12 13 15 252
1 15 13 6 144
1 15 13 9 82
1 15 13 15 72
1 3 14 5 6
1 3 14 10 458
1 3 14 12 144
1 5 14 5 282
1 5 14 10 220
1 5 14 12 32
1 9 14 5 326
1 9 14 10 24
1 9 14 12 176
1 10 14 5 34
1 10 14 10 104
1 10 14 12 112
1 12 14 5 80
1 12 14 10 336
1 12 14 12 56
1 15 14 5 108
1 15 14 10 520
1 15 14 12 96
1 3 15 4 280
1 3 15 11 136
1 3 15 13 34
1 5 15 4 72
1 5 15 11 96
1 5 15 13 660
1 9 15 4 532
1 9 15 11 82
1 9 15 13 214
1 10 15 4 296
1 10 15 11 120
1 10 15 13 74
1 12 15 4 190
1 12 15 11 90
1 12 15 13 362
1 15 15 4 24
1 15 15 11 24
1 15 15 13 144
2 6 0 2 242
2 6 0 4 50
2 6 0 11 162
2 9 0 2 168
2 9 0 4 18
2 9 0 11 360
2 10 0 2 110
2 10 0 4 28
2 10 0 11 254
2 12 0 2 188
2 12 0 4 68
2 12 0 11 182
2 15 0 2 306
2 15 0 4 66
2 15 0 11 382
2 6 1 3 442
2 6 1 5 256
2 6 1 10 170
2 9 1 3 406
2 9 1 5 144
2 9 1 10 28
2 10 1 3 126
2 10 1 5 6
2 10 1 10 140
2 12 1 3 406
2 12 1 5 8
2 12 1 10 18
2 15 1 3 2
2 15 1 5 146
2 15 1 10 224
2 6 2 0 428
2 6 2 6 284
2 6 2 9 102
2 9 2 0 242
2 9 2 6 436
2 9 2 9 18
2 10 2 0 50
2 10 2 6 164
2 10 2 9 400
2 12 2 0 108
2 12 2 6 136
2 12 2 9 706
2 15 2 0 242
2 15 2 6 124
2 15 2 9 304
2 6 3 1 182
2 6 3 7 216
2 6 3 8 646
2 9 3 1 244
2 9 3 7 508
2 9 3 8 436
2 10 3 1 470
2 10 3 7 128
2 10 3 8 8
2 12 3 1 16
2 12 3 7 280
2 12 3 8 98
2 15 3 1 266
2 15 3 7 54
2 15 3 8 504
2 6 4 0 200
2 6 4 6 120
2 6 4 15 10
2 9 4 0 30
2 9 4 6 154
2 9 4 15 152
2 10 4 0 578
2 10 4 6 0
2 10 4 15 48
2 12 4 0 338
2 12 4 6 22
2 12 4 15 318
2 15 4 0 202
2 15 4 6 16
2 15 4 15 296
2 6 5 1 46
2 6 5 7 216
2 6 5 14 488
2 9 5 1 336
2 9 5 7 124
2 9 5 14 130
2 10 5 1 274
2 10 5 7 24
2 10 5 14 392
2 12 5 1 64
2 12 5 7 198
2 12 5 14 160
2 15 5 1 526
2 15 5 7 530
2 15 5 14 126
2 6 6 2 296
2 6 6 4 568
2 6 6 13 58
2 9 6 2 296
2 9 6 4 482
2 9 6 13 420
2 10 6 2 404
2 10 6 4 44
2 10 6 13 118
2 12 6 2 118
2 12 6 4 32
2 12 6 13 60
2 15 6 2 222
2 15 6 4 524
2 15 6 13 426
2 6 7 3 302
2 6 7 5 114
2 6 7 12 328
2 9 7 3 224
2 9 7 5 70
2 9 7 12 300
2 10 7 3 60
2 10 7 5 68
2 10 7 12 418
2 12 7 3 14
2 12 7 5 72
2 12 7 12 476
2 15 7 3 62
2 15 7 5 64
2 15 7 12 96
2 6 8 3 118
2 6 8 10 272
2 6 8 12 152
2 9 8 3 110
2 9 8 10 208
2 9 8 12 122
2 10 8 3 158
2 10 8 10 226
2 10 8 12 58
2 12 8 3 232
2 12 8 10 126
2 12 8 12 372
2 15 8 3 28
2 15 8 10 692
2 15 8 12 280
2 6 9 2 268
2 6 9 11 130
2 6 9 13 12
2 9 9 2 200
2 9 9 11 268
2 9 9 13 202
2 10 9 2 200
2 10 9 11 230
2 10 9 13 300
2 12 9 2 348
2 12 9 11 226
2 12 9 13 142
2 15 9 2 128
2 15 9 11 284
2 15 9 13 48
2 6 10 1 308
2 6 10 8 288
2 6 10 14 292
2 9 10 1 134
2 9 10 8 90
2 9 10 14 80
2 10 10 1 70
2 10 10 8 260
2 10 10 14 468
2 12 10 1 88
2 12 10 8 48
2 12 10 14 50
2 15 10 1 366
2 15 10 8 238
2 15 10 14 458
2 6 11 0 108
2 6 11 9 182
2 6 11 15 172
2 9 11 0 320
2 9 11 9 548
2 9 11 15 48
2 10 11 0 320
2 10 11 9 82
2 10 11 15 216
2 12 11 0 298
2 12 11 9 70
2 12 11 15 36
2 15 11 0 282
2 15 11 9 300
2 15 11 15 2
2 6 12 7 54
2 6 12 8 318
2 6 12 14 48
2 9 12 7 114
2 9 12 8 6
2 9 12 14 92
2 10 12 7 244
2 10 12 8 222
2 10 12 14 144
2 12 12 7 26
2 12 12 8 394
2 12 12 14 50
2 15 12 7 192
2 15 12 8 412
2 15 12 14 14
2 6 13 6 50
2 6 13 9 114
2 6 13 15 76
2 9 13 6 306
2 9 13 9 164
2 9 13 15 372
2 10 13 6 250
2 10 13 9 112
2 10 13 15 246
2 12 13 6 92
2 12 13 9 414
2 12 13 15 188
2 15 13 6 414
2 15 13 9 104
2 15 13 15 148
2 6 14 5 116
2 6 14 10 68
2 6 14 12 212
2 9 14 5 456
2 9 14 10 160
2 9 14 12 190
2 10 14 5 62
2 10 14 10 232
2 10 14 12 316
2 12 14 5 370
2 12 14 10 28
2 12 14 12 2
2 15 14 5 348
2 15 14 10 80
2 15 14 12 266
2 6 15 4 166
2 6 15 11 332
2 6 15 13 94
2 9 15 4 204
2 9 15 11 210
2 9 15 13 34
2 10 15 4 12
2 10 15 11 50
2 10 15 13 430
2 12 15 4 58
2 12 15 11 218
2 12 15 13 302
2 15 15 4 82
2 15 15 11 68
2 15 15 13 110
3 7 0 2 658
3 7 0 4 58
3 7 0 11 86
3 8 0 2 162
3 8 0 4 88
3 8 0 11 212
3 11 0 2 202
3 11 0 4 614
3 11 0 11 108
3 13 0 2 96
3 13 0 4 150
3 13 0 11 270
3 14 0 2 606
3 14 0 4 110
3 14 0 11 268
3 7 1 3 256
3 7 1 5 482
3 7 1 10 500
3 8 1 3 310
3 8 1 5 56
3 8 1 10 254
3 11 1 3 88
3 11 1 5 172
3 11 1 10 50
3 13 1 3 64
3 13 1 5 518
3 13 1 10 68
3 14 1 3 40
3 14 1 5 356
3 14 1 10 146
3 7 2 0 298
3 7 2 6 244
3 7 2 9 54
3 8 2 0 250
3 8 2 6 502
3 8 2 9 346
3 11 2 0 228
3 11 2 6 294
3 11 2 9 74
3 13 2 0 234
3 13 2 6 318
3 13 2 9 178
3 14 2 0 534
3 14 2 6 310
3 14 2 9 418
3 7 3 1 246
3 7 3 7 44
3 7 3 8 200
3 8 3 1 156
3 8 3 7 360
3 8 3 8 176
3 11 3 1 114
3 11 3 7 134
3 11 3 8 388
3 13 3 1 456
3 13 3 7 64
3 13 3 8 42
3 14 3 1 210
3 14 3 7 302
3 14 3 8 332
3 7 4 0 474
3 7 4 6 316
3 7 4 15 178
3 8 4 0 232
3 8 4 6 402
3 8 4 15 34
3 11 4 0 26
3 11 4 6 364
3 11 4 15 94
3 13 4 0 158
3 13 4 6 584
3 13 4 15 202
3 14 4 0 44
3 14 4 6 242
3 14 4 15 378
3 7 5 1 322
3 7 5 7 6
3 7 5 14 196
3 8 5 1 108
3 8 5 7 314
3 8 5 14 96
3 11 5 1 456
3 11 5 7 518
3 11 5 14 110
3 13 5 1 292
3 13 5 7 312
3 13 5 14 310
3 14 5 1 220
3 14 5 7 70
3 14 5 14 136
3 7 6 2 34
3 7 6 4 314
3 7 6 13 108
3 8 6 2 324
3 8 6 4 334
3 8 6 13 226
3 11 6 2 192
3 11 6 4 224
3 11 6 13 18
3 13 6 2 56
3 13 6 4 264
3 13 6 13 354
3 14 6 2 222
3 14 6 4 230
3 14 6 13 42
3 7 7 3 24
3 7 7 5 224
3 7 7 12 144
3 8 7 3 128
3 8 7 5 396
3 8 7 12 116
3 11 7 3 214
3 11 7 5 272
3 11 7 12 392
3 13 7 3 298
3 13 7 5 132
3 13 7 12 150
3 14 7 3 140
3 14 7 5 166
3 14 7 12 146
3 7 8 3 414
3 7 8 10 684
3 7 8 12 504
3 8 8 3 326
3 8 8 10 48
3 8 8 12 282
3 11 8 3 48
3 11 8 10 352
3 11 8 12 78
3 13 8 3 4
3 13 8 10 8
3 13 8 12 114
3 14 8 3 118
3 14 8 10 376
3 14 8 12 348
3 7 9 2 312
3 7 9 11 250
3 7 9 13 486
3 8 9 2 334
3 8 9 11 456
3 8 9 13 46
3 11 9 2 84
3 11 9 11 38
3 11 9 13 114
3 13 9 2 176
3 13 9 11 76
3 13 9 13 336
3 14 9 2 46
3 14 9 11 260
3 14 9 13 536
3 7 10 1 110
3 7 10 8 174
3 7 10 14 520
3 8 10 1 46
3 8 10 8 10
3 8 10 14 182
3 11 10 1 446
3 11 10 8 244
3 11 10 14 216
3 13 10 1 222
3 13 10 8 176
3 13 10 14 30
3 14 10 1 102
3 14 10 8 196
3 14 10 14 186
3 7 11 0 160
3 7 11 9 334
3 7 11 15 158
3 8 11 0 306
3 8 11 9 42
3 8 11 15 40
3 11 11 0 150
3 11 11 9 326
3 11 11 15 342
3 13 11 0 360
3 13 11 9 26
3 13 11 15 36
3 14 11 0 334
3 14 11 9 164
3 14 11 15 40
3 7 12 7 4
3 7 12 8 78
3 7 12 14 64
3 8 12 7 192
3 8 12 8 568
3 8 12 14 42
3 11 12 7 208
3 11 12 8 76
3 11 12 14 122
3 13 12 7 272
3 13 12 8 68
3 13 12 14 154
3 14 12 7 190
3 14 12 8 308
3 14 12 14 110
3 7 13 6 196
3 7 13 9 244
3 7 13 15 48
3 8 13 6 294
3 8 13 9 346
3 8 13 15 372
3 11 13 6 364
3 11 13 9 2
3 11 13 15 30
3 13 13 6 80
3 13 13 9 294
3 13 13 15 224
3 14 13 6 318
3 14 13 9 150
3 14 13 15 114
3 7 14 5 46
3 7 14 10 206
3 7 14 12 16
3 8 14 5 266
3 8 14 10 14
3 8 14 12 158
3 11 14 5 78
3 11 14 10 100
3 11 14 12 344
3 13 14 5 54
3 13 14 10 90
3 13 14 12 220
3 14 14 5 386
3 14 14 10 306
3 14 14 12 234
3 7 15 4 84
3 7 15 11 258
3 7 15 13 232
3 8 15 4 200
3 8 15 11 2
3 8 15 13 140
3 11 15 4 74
3 11 15 11 180
3 11 15 13 6
3 13 15 4 2
3 13 15 11 24
3 13 15 13 180
3 14 15 4 70
3 14 15 11 246
3 14 15 13 192
4 6 0 2 84
4 6 0 4 8
4 6 0 11 90
4 9 0 2 26
4 9 0 4 630
4 9 0 11 248
4 10 0 2 244
4 10 0 4 86
4 10 0 11 156
4 12 0 2 272
4 12 0 4 284
4 12 0 11 18
4 15 0 2 168
4 15 0 4 52
4 15 0 11 44
4 6 1 3 6
4 6 1 5 114
4 6 1 10 152
4 9 1 3 258
4 9 1 5 34
4 9 1 10 308
4 10 1 3 12
4 10 1 5 260
4 10 1 10 452
4 12 1 3 140
4 12 1 5 196
4 12 1 10 304
4 15 1 3 520
4 15 1 5 160
4 15 1 10 64
4 6 2 0 174
4 6 2 6 278
4 6 2 9 264
4 9 2 0 234
4 9 2 6 16
4 9 2 9 198
4 10 2 0 278
4 10 2 6 78
4 10 2 9 228
4 12 2 0 272
4 12 2 6 20
4 12 2 9 194
4 15 2 0 28
4 15 2 6 476
4 15 2 9 114
4 6 3 1 108
4 6 3 7 236
4 6 3 8 30
4 9 3 1 118
4 9 3 7 34
4 9 3 8 66
4 10 3 1 78
4 10 3 7 160
4 10 3 8 6
4 12 3 1 84
4 12 3 7 328
4 12 3 8 28
4 15 3 1 210
4 15 3 7 330
4 15 3 8 38
4 6 4 0 236
4 6 4 6 234
4 6 4 15 226
4 9 4 0 206
4 9 4 6 332
4 9 4 15 326
4 10 4 0 178
4 10 4 6 90
4 10 4 15 2
4 12 4 0 384
4 12 4 6 194
4 12 4 15 352
4 15 4 0 706
4 15 4 6 294
4 15 4 15 170
4 6 5 1 144
4 6 5 7 30
4 6 5 14 590
4 9 5 1 14
4 9 5 7 140
4 9 5 14 172
4 10 5 1 44
4 10 5 7 98
4 10 5 14 96
4 12 5 1 372
4 12 5 7 352
4 12 5 14 134
4 15 5 1 126
4 15 5 7 2
4 15 5 14 70
4 6 6 2 20
4 6 6 4 150
4 6 6 13 110
4 9 6 2 10
4 9 6 4 408
4 9 6 13 76
4 10 6 2 140
4 10 6 4 68
4 10 6 13 262
4 12 6 2 36
4 12 6 4 186
4 12 6 13 98
4 15 6 2 48
4 15 6 4 188
4 15 6 13 74
4 6 7 3 270
4 6 7 5 156
4 6 7 12 106
4 9 7 3 360
4 9 7 5 164
4 9 7 12 374
4 10 7 3 10
4 10 7 5 86
4 10 7 12 16
4 12 7 3 78
4 12 7 5 30
4 12 7 12 210
4 15 7 3 220
4 15 7 5 210
4 15 7 12 228
4 6 8 3 32
4 6 8 10 252
4 6 8 12 56
4 9 8 3 276
4 9 8 10 90
4 9 8 12 260
4 10 8 3 288
4 10 8 10 152
4 10 8 12 98
4 12 8 3 138
4 12 8 10 66
4 12 8 12 212
4 15 8 3 98
4 15 8 10 308
4 15 8 12 286
4 6 9 2 172
4 6 9 11 248
4 6 9 13 66
4 9 9 2 264
4 9 9 11 36
4 9 9 13 182
4 10 9 2 110
4 10 9 11 60
4 10 9 13 164
4 12 9 2 54
4 12 9 11 430
4 12 9 13 710
4 15 9 2 416
4 15 9 11 26
4 15 9 13 242
4 6 10 1 178
4 6 10 8 102
4 6 10 14 344
4 9 10 1 322
4 9 10 8 356
4 9 10 14 140
4 10 10 1 54
4 10 10 8 308
4 10 10 14 66
4 12 10 1 250
4 12 10 8 372
4 12 10 14 108
4 15 10 1 352
4 15 10 8 102
4 15 10 14 48
4 6 11 0 150
4 6 11 9 66
4 6 11 15 200
4 9 11 0 102
4 9 11 9 388
4 9 11 15 4
4 10 11 0 176
4 10 11 9 14
4 10 11 15 236
4 12 11 0 64
4 12 11 9 472
4 12 11 15 184
4 15 11 0 394
4 15 11 9 168
4 15 11 15 180
4 6 12 7 12
4 6 12 8 266
4 6 12 14 54
4 9 12 7 166
4 9 12 8 422
4 9 12 14 276
4 10 12 7 46
4 10 12 8 104
4 10 12 14 406
4 12 12 7 78
4 12 12 8 120
4 12 12 14 378
4 15 12 7 24
4 15 12 8 344
4 15 12 14 370
4 6 13 6 10
4 6 13 9 196
4 6 13 15 144
4 9 13 6 496
4 9 13 9 58
4 9 13 15 264
4 10 13 6 226
4 10 13 9 144
4 10 13 15 204
4 12 13 6 566
4 12 13 9 8
4 12 13 15 66
4 15 13 6 12
4 15 13 9 130
4 15 13 15 28
4 6 14 5 48
4 6 14 10 428
4 6 14 12 288
4 9 14 5 378
4 9 14 10 146
4 9 14 12 178
4 10 14 5 210
4 10 14 10 260
4 10 14 12 58
4 12 14 5 84
4 12 14 10 402
4 12 14 12 50
4 15 14 5 224
4 15 14 10 476
4 15 14 12 106
4 6 15 4 156
4 6 15 11 146
4 6 15 13 10
4 9 15 4 54
4 9 15 11 100
4 9 15 13 118
4 10 15 4 470
4 10 15 11 354
4 10 15 13 36
4 12 15 4 46
4 12 15 11 374
4 12 15 13 4
4 15 15 4 238
4 15 15 11 174
4 15 15 13 198
5 7 0 2 124
5 7 0 4 162
5 7 0 11 268
5 8 0 2 208
5 8 0 4 196
5 8 0 11 68
5 11 0 2 432
5 11 0 4 158
5 11 0 11 24
5 13 0 2 72
5 13 0 4 254
5 13 0 11 156
5 14 0 2 476
5 14 0 4 258
5 14 0 11 2
5 7 1 3 182
5 7 1 5 88
5 7 1 10 330
5 8 1 3 528
5 8 1 5 286
5 8 1 10 274
5 11 1 3 182
5 11 1 5 56
5 11 1 10 248
5 13 1 3 290
5 13 1 5 182
5 13 1 10 196
5 14 1 3 172
5 14 1 5 224
5 14 1 10 82
5 7 2 0 184
5 7 2 6 186
5 7 2 9 546
5 8 2 0 354
5 8 2 6 14
5 8 2 9 606
5 11 2 0 52
5 11 2 6 508
5 11 2 9 24
5 13 2 0 12
5 13 2 6 228
5 13 2 9 74
5 14 2 0 68
5 14 2 6 316
5 14 2 9 38
5 7 3 1 378
5 7 3 7 402
5 7 3 8 40
5 8 3 1 72
5 8 3 7 70
5 8 3 8 118
5 11 3 1 176
5 11 3 7 74
5 11 3 8 50
5 13 3 1 220
5 13 3 7 98
5 13 3 8 8
5 14 3 1 678
5 14 3 7 278
5 14 3 8 24
5 7 4 0 544
5 7 4 6 766
5 7 4 15 172
5 8 4 0 280
5 8 4 6 488
5 8 4 15 82
5 11 4 0 72
5 11 4 6 212
5 11 4 15 38
5 13 4 0 410
5 13 4 6 202
5 13 4 15 356
5 14 4 0 72
5 14 4 6 64
5 14 4 15 302
5 7 5 1 262
5 7 5 7 186
5 7 5 14 2
5 8 5 1 4
5 8 5 7 16
5 8 5 14 124
5 11 5 1 272
5 11 5 7 388
5 11 5 14 304
5 13 5 1 128
5 13 5 7 298
5 13 5 14 314
5 14 5 1 84
5 14 5 7 186
5 14 5 14 192
5 7 6 2 160
5 7 6 4 176
5 7 6 13 386
5 8 6 2 94
5 8 6 4 78
5 8 6 13 52
5 11 6 2 352
5 11 6 4 422
5 11 6 13 148
5 13 6 2 64
5 13 6 4 20
5 13 6 13 52
5 14 6 2 220
5 14 6 4 76
5 14 6 13 226
5 7 7 3 70
5 7 7 5 162
5 7 7 12 224
5 8 7 3 106
5 8 7 5 206
5 8 7 12 518
5 11 7 3 154
5 11 7 5 244
5 11 7 12 248
5 13 7 3 72
5 13 7 5 30
5 13 7 12 134
5 14 7 3 144
5 14 7 5 72
5 14 7 12 48
5 7 8 3 258
5 7 8 10 258
5 7 8 12 148
5 8 8 3 82
5 8 8 10 6
5 8 8 12 162
5 11 8 3 178
5 11 8 10 18
5 11 8 12 530
5 13 8 3 468
5 13 8 10 298
5 13 8 12 580
5 14 8 3 218
5 14 8 10 220
5 14 8 12 526
5 7 9 2 566
5 7 9 11 376
5 7 9 13 210
5 8 9 2 178
5 8 9 11 248
5 8 9 13 544
5 11 9 2 316
5 11 9 11 96
5 11 9 13 98
5 13 9 2 348
5 13 9 11 30
5 13 9 13 490
5 14 9 2 280
5 14 9 11 22
5 14 9 13 50
5 7 10 1 288
5 7 10 8 278
5 7 10 14 178
5 8 10 1 322
5 8 10 8 322
5 8 10 14 20
5 11 10 1 250
5 11 10 8 324
5 11 10 14 556
5 13 10 1 410
5 13 10 8 72
5 13 10 14 20
5 14 10 1 200
5 14 10 8 416
5 14 10 14 174
5 7 11 0 496
5 7 11 9 116
5 7 11 15 210
5 8 11 0 104
5 8 11 9 84
5 8 11 15 26
5 11 11 0 618
5 11 11 9 540
5 11 11 15 44
5 13 11 0 198
5 13 11 9 298
5 13 11 15 34
5 14 11 0 48
5 14 11 9 48
5 14 11 15 46
5 7 12 7 148
5 7 12 8 108
5 7 12 14 388
5 8 12 7 174
5 8 12 8 268
5 8 12 14 204
5 11 12 7 66
5 11 12 8 214
5 11 12 14 132
5 13 12 7 210
5 13 12 8 46
5 13 12 14 12
5 14 12 7 102
5 14 12 8 160
5 14 12 14 304
5 7 13 6 22
5 7 13 9 318
5 7 13 15 350
5 8 13 6 120
5 8 13 9 74
5 8 13 15 68
5 11 13 6 120
5 11 13 9 244
5 11 13 15 34
5 13 13 6 218
5 13 13 9 416
5 13 13 15 576
5 14 13 6 326
5 14 13 9 294
5 14 13 15 364
5 7 14 5 622
5 7 14 10 24
5 7 14 12 80
5 8 14 5 134
5 8 14 10 458
5 8 14 12 292
5 11 14 5 4
5 11 14 10 128
5 11 14 12 574
5 13 14 5 300
5 13 14 10 54
5 13 14 12 124
5 14 14 5 216
5 14 14 10 382
5 14 14 12 260
5 7 15 4 46
5 7 15 11 260
5 7 15 13 52
5 8 15 4 48
5 8 15 11 220
5 8 15 13 88
5 11 15 4 358
5 11 15 11 174
5 11 15 13 212
5 13 15 4 124
5 13 15 11 388
5 13 15 13 74
5 14 15 4 42
5 14 15 11 42
5 14 15 13 34
6 8 0 2 84
6 8 0 4 116
6 8 0 11 66
6 11 0 2 128
6 11 0 4 106
6 11 0 11 478
6 13 0 2 10
6 13 0 4 116
6 13 0 11 124
6 14 0 2 242
6 14 0 4 272
6 14 0 11 80
6 8 1 3 230
6 8 1 5 230
6 8 1 10 64
6 11 1 3 292
6 11 1 5 122
6 11 1 10 382
6 13 1 3 226
6 13 1 5 94
6 13 1 10 26
6 14 1 3 22
6 14 1 5 222
6 14 1 10 16
6 8 2 0 372
6 8 2 6 12
6 8 2 9 38
6 11 2 0 274
6 11 2 6 126
6 11 2 9 310
6 13 2 0 242
6 13 2 6 252
6 13 2 9 16
6 14 2 0 102
6 14 2 6 20
6 14 2 9 114
6 8 3 1 42
6 8 3 7 56
6 8 3 8 194
6 11 3 1 94
6 11 3 7 34
6 11 3 8 192
6 13 3 1 212
6 13 3 7 2
6 13 3 8 266
6 14 3 1 36
6 14 3 7 190
6 14 3 8 68
6 8 4 0 246
6 8 4 6 290
6 8 4 15 286
6 11 4 0 324
6 11 4 6 74
6 11 4 15 172
6 13 4 0 226
6 13 4 6 82
6 13 4 15 8
6 14 4 0 102
6 14 4 6 526
6 14 4 15 112
6 8 5 1 64
6 8 5 7 200
6 8 5 14 378
6 11 5 1 408
6 11 5 7 30
6 11 5 14 112
6 13 5 1 298
6 13 5 7 12
6 13 5 14 394
6 14 5 1 546
6 14 5 7 158
6 14 5 14 218
6 8 6 2 50
6 8 6 4 172
6 8 6 13 234
6 11 6 2 122
6 11 6 4 182
6 11 6 13 196
6 13 6 2 216
6 13 6 4 238
6 13 6 13 210
6 14 6 2 210
6 14 6 4 338
6 14 6 13 90
6 8 7 3 184
6 8 7 5 330
6 8 7 12 386
6 11 7 3 322
6 11 7 5 234
6 11 7 12 14
6 13 7 3 540
6 13 7 5 208
6 13 7 12 414
6 14 7 3 52
6 14 7 5 330
6 14 7 12 408
6 8 8 3 28
6 8 8 10 220
6 8 8 12 142
6 11 8 3 150
6 11 8 10 232
6 11 8 12 378
6 13 8 3 214
6 13 8 10 38
6 13 8 12 412
6 14 8 3 354
6 14 8 10 942
6 14 8 12 62
6 8 9 2 270
6 8 9 11 516
6 8 9 13 122
6 11 9 2 72
6 11 9 11 248
6 11 9 13 330
6 13 9 2 714
6 13 9 11 520
6 13 9 13 194
6 14 9 2 320
6 14 9 11 470
6 14 9 13 60
6 8 10 1 74
6 8 10 8 634
6 8 10 14 66
6 11 10 1 18
6 11 10 8 212
6 11 10 14 196
6 13 10 1 100
6 13 10 8 128
6 13 10 14 328
6 14 10 1 618
6 14 10 8 292
6 14 10 14 82
6 8 11 0 514
6 8 11 9 220
6 8 11 15 330
6 11 11 0 180
6 11 11 9 104
6 11 11 15 160
6 13 11 0 38
6 13 11 9 212
6 13 11 15 42
6 14 11 0 324
6 14 11 9 118
6 14 11 15 462
6 8 12 7 466
6 8 12 8 4
6 8 12 14 118
6 11 12 7 452
6 11 12 8 318
6 11 12 14 398
6 13 12 7 168
6 13 12 8 202
6 13 12 14 236
6 14 12 7 156
6 14 12 8 158
6 14 12 14 256
6 8 13 6 70
6 8 13 9 414
6 8 13 15 254
6 11 13 6 90
6 11 13 9 122
6 11 13 15 104
6 13 13 6 32
6 13 13 9 278
6 13 13 15 394
6 14 13 6 378
6 14 13 9 26
6 14 13 15 334
6 8 14 5 12
6 8 14 10 176
6 8 14 12 454
6 11 14 5 98
6 11 14 10 28
6 11 14 12 370
6 13 14 5 74
6 13 14 10 280
6 13 14 12 46
6 14 14 5 78
6 14 14 10 216
6 14 14 12 36
6 8 15 4 526
6 8 15 11 158
6 8 15 13 144
6 11 15 4 138
6 11 15 11 38
6 11 15 13 346
6 13 15 4 254
6 13 15 11 284
6 13 15 13 78
6 14 15 4 178
6 14 15 11 192
6 14 15 13 76
7 9 0 2 194
7 9 0 4 136
7 9 0 11 402
7 10 0 2 214
7 10 0 4 70
7 10 0 11 186
7 12 0 2 318
7 12 0 4 272
7 12 0 11 342
7 15 0 2 34
7 15 0 4 504
7 15 0 11 50
7 9 1 3 248
7 9 1 5 206
7 9 1 10 14
7 10 1 3 138
7 10 1 5 166
7 10 1 10 434
7 12 1 3 144
7 12 1 5 286
7 12 1 10 84
7 15 1 3 166
7 15 1 5 78
7 15 1 10 22
7 9 2 0 94
7 9 2 6 472
7 9 2 9 64
7 10 2 0 498
7 10 2 6 704
7 10 2 9 152
7 12 2 0 54
7 12 2 6 106
7 12 2 9 236
7 15 2 0 310
7 15 2 6 54
7 15 2 9 376
7 9 3 1 116
7 9 3 7 410
7 9 3 8 506
7 10 3 1 436
7 10 3 7 694
7 10 3 8 78
7 12 3 1 318
7 12 3 7 178
7 12 3 8 240
7 15 3 1 342
7 15 3 7 270
7 15 3 8 74
7 9 4 0 52
7 9 4 6 284
7 9 4 15 204
7 10 4 0 508
7 10 4 6 310
7 10 4 15 52
7 12 4 0 392
7 12 4 6 82
7 12 4 15 232
7 15 4 0 232
7 15 4 6 316
7 15 4 15 90
7 9 5 1 346
7 9 5 7 60
7 9 5 14 60
7 10 5 1 124
7 10 5 7 414
7 10 5 14 120
7 12 5 1 118
7 12 5 7 176
7 12 5 14 266
7 15 5 1 412
7 15 5 7 18
7 15 5 14 282
7 9 6 2 426
7 9 6 4 70
7 9 6 13 192
7 10 6 2 534
7 10 6 4 534
7 10 6 13 236
7 12 6 2 718
7 12 6 4 244
7 12 6 13 80
7 15 6 2 334
7 15 6 4 502
7 15 6 13 386
7 9 7 3 268
7 9 7 5 334
7 9 7 12 298
7 10 7 3 122
7 10 7 5 70
7 10 7 12 406
7 12 7 3 26
7 12 7 5 68
7 12 7 12 358
7 15 7 3 358
7 15 7 5 70
7 15 7 12 162
7 9 8 3 192
7 9 8 10 648
7 9 8 12 820
7 10 8 3 272
7 10 8 10 278
7 10 8 12 302
7 12 8 3 258
7 12 8 10 14
7 12 8 12 292
7 15 8 3 356
7 15 8 10 402
7 15 8 12 146
7 9 9 2 180
7 9 9 11 100
7 9 9 13 24
7 10 9 2 340
7 10 9 11 42
7 10 9 13 264
7 12 9 2 648
7 12 9 11 334
7 12 9 13 494
7 15 9 2 450
7 15 9 11 256
7 15 9 13 68
7 9 10 1 294
7 9 10 8 270
7 9 10 14 374
7 10 10 1 280
7 10 10 8 214
7 10 10 14 468
7 12 10 1 256
7 12 10 8 182
7 12 10 14 174
7 15 10 1 284
7 15 10 8 86
7 15 10 14 80
7 9 11 0 52
7 9 11 9 774
7 9 11 15 134
7 10 11 0 26
7 10 11 9 140
7 10 11 15 220
7 12 11 0 92
7 12 11 9 82
7 12 11 15 28
7 15 11 0 378
7 15 11 9 80
7 15 11 15 54
7 9 12 7 298
7 9 12 8 252
7 9 12 14 322
7 10 12 7 210
7 10 12 8 312
7 10 12 14 172
7 12 12 7 104
7 12 12 8 440
7 12 12 14 182
7 15 12 7 74
7 15 12 8 218
7 15 12 14 104
7 9 13 6 316
7 9 13 9 356
7 9 13 15 234
7 10 13 6 340
7 10 13 9 180
7 10 13 15 36
7 12 13 6 382
7 12 13 9 286
7 12 13 15 110
7 15 13 6 372
7 15 13 9 328
7 15 13 15 132
7 9 14 5 54
7 9 14 10 100
7 9 14 12 44
7 10 14 5 292
7 10 14 10 44
7 10 14 12 40
7 12 14 5 260
7 12 14 10 366
7 12 14 12 32
7 15 14 5 274
7 15 14 10 174
7 15 14 12 124
7 9 15 4 698
7 9 15 11 48
7 9 15 13 386
7 10 15 4 276
7 10 15 11 12
7 10 15 13 176
7 12 15 4 48
7 12 15 11 498
7 12 15 13 138
7 15 15 4 222
7 15 15 11 358
7 15 15 13 116
8 10 0 2 184
8 10 0 4 192
8 10 0 11 180
8 12 0 2 56
8 12 0 4 296
8 12 0 11 120
8 10 1 3 30
8 10 1 5 26
8 10 1 10 90
8 12 1 3 84
8 12 1 5 162
8 12 1 10 140
8 10 2 0 578
8 10 2 6 172
8 10 2 9 498
8 12 2 0 426
8 12 2 6 172
8 12 2 9 58
8 10 3 1 264
8 10 3 7 242
8 10 3 8 198
8 12 3 1 490
8 12 3 7 420
8 12 3 8 334
8 10 4 0 182
8 10 4 6 44
8 10 4 15 524
8 12 4 0 64
8 12 4 6 48
8 12 4 15 108
8 10 5 1 200
8 10 5 7 310
8 10 5 14 28
8 12 5 1 20
8 12 5 7 392
8 12 5 14 406
8 10 6 2 58
8 10 6 4 402
8 10 6 13 62
8 12 6 2 66
8 12 6 4 402
8 12 6 13 208
8 10 7 3 84
8 10 7 5 0
8 10 7 12 32
8 12 7 3 230
8 12 7 5 24
8 12 7 12 158
8 10 8 3 228
8 10 8 10 290
8 10 8 12 408
8 12 8 3 304
8 12 8 10 296
8 12 8 12 308
8 10 9 2 464
8 10 9 11 166
8 10 9 13 168
8 12 9 2 56
8 12 9 11 148
8 12 9 13 138
8 10 10 1 304
8 10 10 8 370
8 10 10 14 6
8 12 10 1 76
8 12 10 8 646
8 12 10 14 384
8 10 11 0 312
8 10 11 9 202
8 10 11 15 8
8 12 11 0 114
8 12 11 9 80
8 12 11 15 128
8 10 12 7 108
8 10 12 8 40
8 10 12 14 174
8 12 12 7 22
8 12 12 8 410
8 12 12 14 26
8 10 13 6 232
8 10 13 9 86
8 10 13 15 38
8 12 13 6 230
8 12 13 9 468
8 12 13 15 26
8 10 14 5 122
8 10 14 10 222
8 10 14 12 94
8 12 14 5 92
8 12 14 10 208
8 12 14 12 156
8 10 15 4 64
8 10 15 11 358
8 10 15 13 346
8 12 15 4 432
8 12 15 11 228
8 12 15 13 292
9 11 0 2 314
9 11 0 4 88
9 11 0 11 106
9 13 0 2 320
9 13 0 4 40
9 13 0 11 162
9 11 1 3 264
9 11 1 5 116
9 11 1 10 440
9 13 1 3 144
9 13 1 5 36
9 13 1 10 228
9 11 2 0 380
9 11 2 6 280
9 11 2 9 44
9 13 2 0 44
9 13 2 6 576
9 13 2 9 388
9 11 3 1 18
9 11 3 7 124
9 11 3 8 510
9 13 3 1 470
9 13 3 7 636
9 13 3 8 352
9 11 4 0 194
9 11 4 6 294
9 11 4 15 60
9 13 4 0 78
9 13 4 6 72
9 13 4 15 6
9 11 5 1 504
9 11 5 7 558
9 11 5 14 246
9 13 5 1 338
9 13 5 7 100
9 13 5 14 458
9 11 6 2 270
9 11 6 4 302
9 11 6 13 358
9 13 6 2 170
9 13 6 4 210
9 13 6 13 184
9 11 7 3 66
9 11 7 5 268
9 11 7 12 222
9 13 7 3 448
9 13 7 5 586
9 13 7 12 170
9 11 8 3 346
9 11 8 10 390
9 11 8 12 66
9 13 8 3 106
9 13 8 10 190
9 13 8 12 362
9 11 9 2 402
9 11 9 11 50
9 11 9 13 200
9 13 9 2 190
9 13 9 11 718
9 13 9 13 42
9 11 10 1 176
9 11 10 8 100
9 11 10 14 38
9 13 10 1 260
9 13 10 8 50
9 13 10 14 230
9 11 11 0 156
9 11 11 9 172
9 11 11 15 52
9 13 11 0 108
9 13 11 9 612
9 13 11 15 96
9 11 12 7 142
9 11 12 8 328
9 11 12 14 102
9 13 12 7 110
9 13 12 8 292
9 13 12 14 256
9 11 13 6 280
9 11 13 9 70
9 11 13 15 114
9 13 13 6 114
9 13 13 9 222
9 13 13 15 126
9 11 14 5 264
9 11 14 10 430
9 11 14 12 354
9 13 14 5 138
9 13 14 10 20
9 13 14 12 340
9 11 15 4 142
9 11 15 11 118
9 11 15 13 518
9 13 15 4 100
9 13 15 11 306
9 13 15 13 66
10 14 0 2 648
10 14 0 4 158
10 14 0 11 860
10 14 1 3 208
10 14 1 5 100
10 14 1 10 304
10 14 2 0 320
10 14 2 6 102
10 14 2 9 468
10 14 3 1 434
10 14 3 7 160
10 14 3 8 304
10 14 4 0 52
10 14 4 6 366
10 14 4 15 408
10 14 5 1 236
10 14 5 7 232
10 14 5 14 304
10 14 6 2 176
10 14 6 4 144
10 14 6 13 232
10 14 7 3 178
10 14 7 5 24
10 14 7 12 288
10 14 8 3 394
10 14 8 10 204
10 14 8 12 60
10 14 9 2 518
10 14 9 11 92
10 14 9 13 24
10 14 10 1 38
10 14 10 8 122
10 14 10 14 362
10 14 11 0 124
10 14 11 9 252
10 14 11 15 196
10 14 12 7 48
10 14 12 8 424
10 14 12 14 192
10 14 13 6 110
10 14 13 9 376
10 14 13 15 346
10 14 14 5 574
10 14 14 10 38
10 14 14 12 148
10 14 15 4 38
10 14 15 11 590
10 14 15 13 96
11 15 0 2 142
11 15 0 4 212
11 15 0 11 420
11 15 1 3 162
11 15 1 5 116
11 15 1 10 94
11 15 2 0 46
11 15 2 6 198
11 15 2 9 532
11 15 3 1 48
11 15 3 7 156
11 15 3 8 294
11 15 4 0 418
11 15 4 6 198
11 15 4 15 160
11 15 5 1 270
11 15 5 7 8
11 15 5 14 328
11 15 6 2 136
11 15 6 4 184
11 15 6 13 394
11 15 7 3 64
11 15 7 5 50
11 15 7 12 292
11 15 8 3 50
11 15 8 10 218
11 15 8 12 114
11 15 9 2 10
11 15 9 11 204
11 15 9 13 278
11 15 10 1 232
11 15 10 8 122
11 15 10 14 286
11 15 11 0 6
11 15 11 9 558
11 15 11 15 210
11 15 12 7 14
11 15 12 8 200
11 15 12 14 198
11 15 13 6 256
11 15 13 9 194
11 15 13 15 78
11 15 14 5 144
11 15 14 10 102
11 15 14 12 172
11 15 15 4 234
11 15 15 11 140
11 15 15 13 40
12 14 0 2 92
12 14 0 4 112
12 14 0 11 440
12 14 1 3 98
12 14 1 5 292
12 14 1 10 54
12 14 2 0 8
12 14 2 6 106
12 14 2 9 196
12 14 3 1 228
12 14 3 7 134
12 14 3 8 206
12 14 4 0 134
12 14 4 6 554
12 14 4 15 62
12 14 5 1 26
12 14 5 7 362
12 14 5 14 60
12 14 6 2 410
12 14 6 4 250
12 14 6 13 508
12 14 7 3 372
12 14 7 5 62
12 14 7 12 12
12 14 8 3 394
12 14 8 10 388
12 14 8 12 208
12 14 9 2 352
12 14 9 11 10
12 14 9 13 422
12 14 10 1 138
12 14 10 8 404
12 14 10 14 56
12 14 11 0 366
12 14 11 9 206
12 14 11 15 32
12 14 12 7 196
12 14 12 8 90
12 14 12 14 80
12 14 13 6 64
12 14 13 9 228
12 14 13 15 66
12 14 14 5 204
12 14 14 10 480
12 14 14 12 232
12 14 15 4 24
12 14 15 11 268
12 14 15 13 558
13 15 0 2 62
13 15 0 4 132
13 15 0 11 44
13 15 1 3 20
13 15 1 5 304
13 15 1 10 92
13 15 2 0 8
13 15 2 6 106
13 15 2 9 110
13 15 3 1 48
13 15 3 7 184
13 15 3 8 212
13 15 4 0 208
13 15 4 6 164
13 15 4 15 262
13 15 5 1 434
13 15 5 7 84
13 15 5 14 532
13 15 6 2 460
13 15 6 4 564
13 15 6 13 170
13 15 7 3 172
13 15 7 5 240
13 15 7 12 180
13 15 8 3 178
13 15 8 10 6
13 15 8 12 204
13 15 9 2 72
13 15 9 11 470
13 15 9 13 54
13 15 10 1 196
13 15 10 8 178
13 15 10 14 278
13 15 11 0 34
13 15 11 9 46
13 15 11 15 116
13 15 12 7 48
13 15 12 8 90
13 15 12 14 408
13 15 13 6 196
13 15 13 9 228
13 15 13 15 404
13 15 14 5 426
13 15 14 10 30
13 15 14 12 408
13 15 15 4 82
13 15 15 11 92
13 15 15 13 4
