0 2 0 2 246
0 2 0 4 150
0 2 0 11 690
0 4 0 2 144
0 4 0 4 160
0 4 0 11 250
0 8 0 2 146
0 8 0 4 370
0 8 0 11 26
0 11 0 2 226
0 11 0 4 90
0 11 0 11 10
0 13 0 2 400
0 13 0 4 276
0 13 0 11 290
0 14 0 2 92
0 14 0 4 104
0 14 0 11 170
0 2 1 3 152
0 2 1 5 144
0 2 1 10 58
0 4 1 3 136
0 4 1 5 128
0 4 1 10 26
0 8 1 3 92
0 8 1 5 66
0 8 1 10 722
0 11 1 3 48
0 11 1 5 160
0 11 1 10 106
0 13 1 3 390
0 13 1 5 372
0 13 1 10 64
0 14 1 3 510
0 14 1 5 340
0 14 1 10 242
0 2 2 0 456
0 2 2 6 62
0 2 2 9 136
0 4 2 0 358
0 4 2 6 166
0 4 2 9 560
0 8 2 0 86
0 8 2 6 120
0 8 2 9 686
0 11 2 0 170
0 11 2 6 42
0 11 2 9 104
0 13 2 0 38
0 13 2 6 54
0 13 2 9 166
0 14 2 0 102
0 14 2 6 246
0 14 2 9 192
0 2 3 1 88
0 2 3 7 174
0 2 3 8 66
0 4 3 1 150
0 4 3 7 462
0 4 3 8 8
0 8 3 1 58
0 8 3 7 508
0 8 3 8 270
0 11 3 1 402
0 11 3 7 4
0 11 3 8 94
0 13 3 1 76
0 13 3 7 214
0 13 3 8 190
0 14 3 1 30
0 14 3 7 260
0 14 3 8 364
0 2 4 0 164
0 2 4 6 184
0 2 4 15 138
0 4 4 0 306
0 4 4 6 266
0 4 4 15 142
0 8 4 0 444
0 8 4 6 100
0 8 4 15 18
0 11 4 0 78
0 11 4 6 240
0 11 4 15 366
0 13 4 0 468
0 13 4 6 484
0 13 4 15 222
0 14 4 0 60
0 14 4 6 96
0 14 4 15 280
0 2 5 1 478
0 2 5 7 52
0 2 5 14 394
0 4 5 1 138
0 4 5 7 432
0 4 5 14 154
0 8 5 1 180
0 8 5 7 184
0 8 5 14 300
0 11 5 1 230
0 11 5 7 110
0 11 5 14 94
0 13 5 1 10
0 13 5 7 428
0 13 5 14 68
0 14 5 1 52
0 14 5 7 352
0 14 5 14 462
0 2 6 2 10
0 2 6 4 178
0 2 6 13 308
0 4 6 2 204
0 4 6 4 24
0 4 6 13 400
0 8 6 2 140
0 8 6 4 324
0 8 6 13 124
0 11 6 2 16
0 11 6 4 326
0 11 6 13 340
0 13 6 2 128
0 13 6 4 358
0 13 6 13 108
0 14 6 2 84
0 14 6 4 162
0 14 6 13 396
0 2 7 3 44
0 2 7 5 174
0 2 7 12 414
0 4 7 3 332
0 4 7 5 186
0 4 7 12 12
0 8 7 3 64
0 8 7 5 408
0 8 7 12 118
0 11 7 3 72
0 11 7 5 116
0 11 7 12 164
0 13 7 3 238
0 13 7 5 86
0 13 7 12 80
0 14 7 3 136
0 14 7 5 114
0 14 7 12 188
0 2 8 3 498
0 2 8 10 136
0 2 8 12 4
0 4 8 3 46
0 4 8 10 102
0 4 8 12 480
0 8 8 3 10
0 8 8 10 100
0 8 8 12 294
0 11 8 3 252
0 11 8 10 148
0 11 8 12 220
0 13 8 3 72
0 13 8 10 78
0 13 8 12 242
0 14 8 3 60
0 14 8 10 208
0 14 8 12 120
0 2 9 2 234
0 2 9 11 184
0 2 9 13 570
0 4 9 2 282
0 4 9 11 250
0 4 9 13 148
0 8 9 2 298
0 8 9 11 38
0 8 9 13 212
0 11 9 2 18
0 11 9 11 658
0 11 9 13 396
0 13 9 2 258
0 13 9 11 202
0 13 9 13 146
0 14 9 2 110
0 14 9 11 72
0 14 9 13 430
0 2 10 1 264
0 2 10 8 6
0 2 10 14 212
0 4 10 1 188
0 4 10 8 236
0 4 10 14 126
0 8 10 1 338
0 8 10 8 14
0 8 10 14 28
0 11 10 1 762
0 11 10 8 322
0 11 10 14 274
0 13 10 1 116
0 13 10 8 266
0 13 10 14 492
0 14 10 1 250
0 14 10 8 292
0 14 10 14 334
0 2 11 0 100
0 2 11 9 28
0 2 11 15 138
0 4 11 0 62
0 4 11 9 80
0 4 11 15 268
0 8 11 0 366
0 8 11 9 24
0 8 11 15 232
0 11 11 0 656
0 11 11 9 68
0 11 11 15 208
0 13 11 0 82
0 13 11 9 58
0 13 11 15 344
0 14 11 0 630
0 14 11 9 592
0 14 11 15 174
0 2 12 7 118
0 2 12 8 126
0 2 12 14 178
0 4 12 7 252
0 4 12 8 226
0 4 12 14 260
0 8 12 7 350
0 8 12 8 118
0 8 12 14 198
0 11 12 7 74
0 11 12 8 284
0 11 12 14 534
0 13 12 7 164
0 13 12 8 206
0 13 12 14 450
0 14 12 7 52
0 14 12 8 250
0 14 12 14 316
0 2 13 6 172
0 2 13 9 88
0 2 13 15 56
0 4 13 6 464
0 4 13 9 68
0 4 13 15 86
0 8 13 6 218
0 8 13 9 178
0 8 13 15 430
0 11 13 6 30
0 11 13 9 348
0 11 13 15 166
0 13 13 6 188
0 13 13 9 12
0 13 13 15 508
0 14 13 6 524
0 14 13 9 226
0 14 13 15 204
0 2 14 5 112
0 2 14 10 46
0 2 14 12 172
0 4 14 5 132
0 4 14 10 304
0 4 14 12 20
0 8 14 5 218
0 8 14 10 124
0 8 14 12 414
0 11 14 5 218
0 11 14 10 196
0 11 14 12 202
0 13 14 5 50
0 13 14 10 12
0 13 14 12 70
0 14 14 5 350
0 14 14 10 136
0 14 14 12 332
0 2 15 4 222
0 2 15 11 286
0 2 15 13 170
0 4 15 4 16
0 4 15 11 482
0 4 15 13 134
0 8 15 4 132
0 8 15 11 580
0 8 15 13 138
0 11 15 4 218
0 11 15 11 292
0 11 15 13 70
0 13 15 4 2
0 13 15 11 480
0 13 15 13 304
0 14 15 4 4
0 14 15 11 26
0 14 15 13 106
1 3 0 2 170
1 3 0 4 460
1 3 0 11 462
1 5 0 2 324
1 5 0 4 484
1 5 0 11 10
1 9 0 2 100
1 9 0 4 116
1 9 0 11 214
1 10 0 2 302
1 10 0 4 62
1 10 0 11 86
1 12 0 2 144
1 12 0 4 102
1 12 0 11 94
1 15 0 2 22
1 15 0 4 108
1 15 0 11 76
1 3 1 3 160
1 3 1 5 814
1 3 1 10 270
1 5 1 3 266
1 5 1 5 444
1 5 1 10 134
1 9 1 3 452
1 9 1 5 134
1 9 1 10 50
1 10 1 3 174
1 10 1 5 30
1 10 1 10 408
1 12 1 3 36
1 12 1 5 170
1 12 1 10 6
1 15 1 3 82
1 15 1 5 164
1 15 1 10 78
1 3 2 0 56
1 3 2 6 510
1 3 2 9 158
1 5 2 0 108
1 5 2 6 106
1 5 2 9 350
1 9 2 0 290
1 9 2 6 20
1 9 2 9 212
1 10 2 0 226
1 10 2 6 146
1 10 2 9 290
1 12 2 0 618
1 12 2 6 432
1 12 2 9 60
1 15 2 0 96
1 15 2 6 338
1 15 2 9 50
1 3 3 1 270
1 3 3 7 210
1 3 3 8 14
1 5 3 1 172
1 5 3 7 164
1 5 3 8 208
1 9 3 1 94
1 9 3 7 70
1 9 3 8 68
1 10 3 1 216
1 10 3 7 30
1 10 3 8 10
1 12 3 1 40
1 12 3 7 48
1 12 3 8 818
1 15 3 1 204
1 15 3 7 222
1 15 3 8 108
1 3 4 0 102
1 3 4 6 344
1 3 4 15 352
1 5 4 0 104
1 5 4 6 388
1 5 4 15 308
1 9 4 0 8
1 9 4 6 102
1 9 4 15 82
1 10 4 0 532
1 10 4 6 52
1 10 4 15 74
1 12 4 0 148
1 12 4 6 42
1 12 4 15 266
1 15 4 0 84
1 15 4 6 26
1 15 4 15 58
1 3 5 1 364
1 3 5 7 112
1 3 5 14 42
1 5 5 1 326
1 5 5 7 336
1 5 5 14 294
1 9 5 1 68
1 9 5 7 2
1 9 5 14 540
1 10 5 1 12
1 10 5 7 248
1 10 5 14 262
1 12 5 1 440
1 12 5 7 134
1 12 5 14 452
1 15 5 1 44
1 15 5 7 28
1 15 5 14 212
1 3 6 2 152
1 3 6 4 372
1 3 6 13 22
1 5 6 2 460
1 5 6 4 136
1 5 6 13 248
1 9 6 2 236
1 9 6 4 172
1 9 6 13 24
1 10 6 2 174
1 10 6 4 170
1 10 6 13 272
1 12 6 2 106
1 12 6 4 28
1 12 6 13 8
1 15 6 2 264
1 15 6 4 94
1 15 6 13 90
1 3 7 3 148
1 3 7 5 334
1 3 7 12 102
1 5 7 3 302
1 5 7 5 178
1 5 7 12 162
1 9 7 3 10
1 9 7 5 454
1 9 7 12 418
1 10 7 3 74
1 10 7 5 58
1 10 7 12 548
1 12 7 3 200
1 12 7 5 36
1 12 7 12 24
1 15 7 3 232
1 15 7 5 286
1 15 7 12 310
1 3 8 3 198
1 3 8 10 64
1 3 8 12 130
1 5 8 3 50
1 5 8 10 460
1 5 8 12 148
1 9 8 3 24
1 9 8 10 90
1 9 8 12 194
1 10 8 3 338
1 10 8 10 444
1 10 8 12 598
1 12 8 3 308
1 12 8 10 240
1 12 8 12 438
1 15 8 3 528
1 15 8 10 2
1 15 8 12 260
1 3 9 2 20
1 3 9 11 46
1 3 9 13 90
1 5 9 2 336
1 5 9 11 192
1 5 9 13 212
1 9 9 2 534
1 9 9 11 442
1 9 9 13 130
1 10 9 2 96
1 10 9 11 98
1 10 9 13 168
1 12 9 2 78
1 12 9 11 26
1 12 9 13 36
1 15 9 2 60
1 15 9 11 2
1 15 9 13 128
1 3 10 1 78
1 3 10 8 242
1 3 10 14 178
1 5 10 1 326
1 5 10 8 458
1 5 10 14 334
1 9 10 1 128
1 9 10 8 98
1 9 10 14 30
1 10 10 1 192
1 10 10 8 124
1 10 10 14 286
1 12 10 1 234
1 12 10 8 72
1 12 10 14 240
1 15 10 1 44
1 15 10 8 36
1 15 10 14 186
1 3 11 0 206
1 3 11 9 164
1 3 11 15 42
1 5 11 0 34
1 5 11 9 244
1 5 11 15 178
1 9 11 0 16
1 9 11 9 288
1 9 11 15 218
1 10 11 0 22
1 10 11 9 372
1 10 11 15 56
1 12 11 0 30
1 12 11 9 270
1 12 11 15 356
1 15 11 0 134
1 15 11 9 308
1 15 11 15 226
1 3 12 7 150
1 3 12 8 380
1 3 12 14 236
1 5 12 7 400
1 5 12 8 290
1 5 12 14 278
1 9 12 7 234
1 9 12 8 156
1 9 12 14 78
1 10 12 7 222
1 10 12 8 326
1 10 12 14 216
1 12 12 7 32
1 12 12 8 442
1 12 12 14 560
1 15 12 7 168
1 15 12 8 116
1 15 12 14 40
1 3 13 6 406
1 3 13 9 330
1 3 13 15 198
1 5 13 6 124
1 5 13 9 130
1 5 13 15 92
1 9 13 6 180
1 9 13 9 236
1 9 13 15 272
1 10 13 6 122
1 10 13 9 134
1 10 13 15 210
1 12 13 6 404
1 12 13 9 148
1 12 13 15 90
1 15 13 6 232
1 15 13 9 26
1 15 13 15 12
1 3 14 5 178
1 3 14 10 110
1 3 14 12 154
1 5 14 5 140
1 5 14 10 434
1 5 14 12 140
1 9 14 5 112
1 9 14 10 4
1 9 14 12 54
1 10 14 5 514
1 10 14 10 72
1 10 14 12 78
1 12 14 5 226
1 12 14 10 40
1 12 14 12 208
1 15 14 5 120
1 15 14 10 822
1 15 14 12 228
1 3 15 4 428
1 3 15 11 90
1 3 15 13 468
1 5 15 4 304
1 5 15 11 128
1 5 15 13 38
1 9 15 4 246
1 9 15 11 184
1 9 15 13 330
1 10 15 4 120
1 10 15 11 244
1 10 15 13 402
1 12 15 4 84
1 12 15 11 78
1 12 15 13 292
1 15 15 4 78
1 15 15 11 130
1 15 15 13 104
2 6 0 2 110
2 6 0 4 166
2 6 0 11 262
2 9 0 2 24
2 9 0 4 70
2 9 0 11 218
2 10 0 2 54
2 10 0 4 368
2 10 0 11 196
2 12 0 2 2
2 12 0 4 228
2 12 0 11 124
2 15 0 2 592
2 15 0 4 190
2 15 0 11 624
2 6 1 3 106
2 6 1 5 368
2 6 1 10 96
2 9 1 3 176
2 9 1 5 412
2 9 1 10 410
2 10 1 3 122
2 10 1 5 190
2 10 1 10 256
2 12 1 3 158
2 12 1 5 292
2 12 1 10 12
2 15 1 3 184
2 15 1 5 222
2 15 1 10 226
2 6 2 0 24
2 6 2 6 408
2 6 2 9 244
2 9 2 0 228
2 9 2 6 534
2 9 2 9 18
2 10 2 0 156
2 10 2 6 186
2 10 2 9 50
2 12 2 0 170
2 12 2 6 14
2 12 2 9 230
2 15 2 0 410
2 15 2 6 152
2 15 2 9 244
2 6 3 1 10
2 6 3 7 192
2 6 3 8 10
2 9 3 1 38
2 9 3 7 368
2 9 3 8 448
2 10 3 1 90
2 10 3 7 302
2 10 3 8 110
2 12 3 1 854
2 12 3 7 412
2 12 3 8 156
2 15 3 1 146
2 15 3 7 182
2 15 3 8 394
2 6 4 0 192
2 6 4 6 276
2 6 4 15 150
2 9 4 0 380
2 9 4 6 504
2 9 4 15 184
2 10 4 0 180
2 10 4 6 224
2 10 4 15 28
2 12 4 0 114
2 12 4 6 262
2 12 4 15 324
2 15 4 0 8
2 15 4 6 486
2 15 4 15 48
2 6 5 1 108
2 6 5 7 280
2 6 5 14 90
2 9 5 1 138
2 9 5 7 184
2 9 5 14 94
2 10 5 1 26
2 10 5 7 4
2 10 5 14 568
2 12 5 1 208
2 12 5 7 32
2 12 5 14 64
2 15 5 1 474
2 15 5 7 124
2 15 5 14 246
2 6 6 2 56
2 6 6 4 370
2 6 6 13 318
2 9 6 2 130
2 9 6 4 46
2 9 6 13 262
2 10 6 2 88
2 10 6 4 304
2 10 6 13 168
2 12 6 2 186
2 12 6 4 94
2 12 6 13 170
2 15 6 2 294
2 15 6 4 162
2 15 6 13 174
2 6 7 3 280
2 6 7 5 300
2 6 7 12 58
2 9 7 3 168
2 9 7 5 192
2 9 7 12 388
2 10 7 3 580
2 10 7 5 34
2 10 7 12 122
2 12 7 3 88
2 12 7 5 410
2 12 7 12 112
2 15 7 3 126
2 15 7 5 82
2 15 7 12 548
2 6 8 3 114
2 6 8 10 74
2 6 8 12 184
2 9 8 3 274
2 9 8 10 16
2 9 8 12 202
2 10 8 3 480
2 10 8 10 540
2 10 8 12 114
2 12 8 3 396
2 12 8 10 160
2 12 8 12 494
2 15 8 3 452
2 15 8 10 48
2 15 8 12 446
2 6 9 2 210
2 6 9 11 36
2 6 9 13 96
2 9 9 2 132
2 9 9 11 326
2 9 9 13 116
2 10 9 2 4
2 10 9 11 158
2 10 9 13 146
2 12 9 2 450
2 12 9 11 564
2 12 9 13 158
2 15 9 2 208
2 15 9 11 26
2 15 9 13 324
2 6 10 1 66
2 6 10 8 186
2 6 10 14 70
2 9 10 1 28
2 9 10 8 232
2 9 10 14 168
2 10 10 1 498
2 10 10 8 280
2 10 10 14 286
2 12 10 1 104
2 12 10 8 108
2 12 10 14 40
2 15 10 1 126
2 15 10 8 114
2 15 10 14 62
2 6 11 0 494
2 6 11 9 278
2 6 11 15 374
2 9 11 0 54
2 9 11 9 430
2 9 11 15 152
2 10 11 0 494
2 10 11 9 152
2 10 11 15 76
2 12 11 0 526
2 12 11 9 112
2 12 11 15 246
2 15 11 0 244
2 15 11 9 92
2 15 11 15 248
2 6 12 7 118
2 6 12 8 46
2 6 12 14 304
2 9 12 7 110
2 9 12 8 424
2 9 12 14 40
2 10 12 7 166
2 10 12 8 350
2 10 12 14 44
2 12 12 7 108
2 12 12 8 276
2 12 12 14 298
2 15 12 7 208
2 15 12 8 224
2 15 12 14 480
2 6 13 6 70
2 6 13 9 132
2 6 13 15 180
2 9 13 6 230
2 9 13 9 124
2 9 13 15 132
2 10 13 6 4
2 10 13 9 474
2 10 13 15 232
2 12 13 6 20
2 12 13 9 242
2 12 13 15 292
2 15 13 6 272
2 15 13 9 292
2 15 13 15 58
2 6 14 5 16
2 6 14 10 4
2 6 14 12 34
2 9 14 5 434
2 9 14 10 144
2 9 14 12 160
2 10 14 5 420
2 10 14 10 48
2 10 14 12 286
2 12 14 5 378
2 12 14 10 146
2 12 14 12 198
2 15 14 5 210
2 15 14 10 156
2 15 14 12 80
2 6 15 4 280
2 6 15 11 262
2 6 15 13 352
2 9 15 4 34
2 9 15 11 86
2 9 15 13 164
2 10 15 4 52
2 10 15 11 200
2 10 15 13 822
2 12 15 4 64
2 12 15 11 104
2 12 15 13 354
2 15 15 4 20
2 15 15 11 240
2 15 15 13 136
3 7 0 2 274
3 7 0 4 88
3 7 0 11 72
3 8 0 2 160
3 8 0 4 398
3 8 0 11 146
3 11 0 2 568
3 11 0 4 314
3 11 0 11 50
3 13 0 2 464
3 13 0 4 222
3 13 0 11 122
3 14 0 2 140
3 14 0 4 14
3 14 0 11 62
3 7 1 3 26
3 7 1 5 84
3 7 1 10 220
3 8 1 3 548
3 8 1 5 318
3 8 1 10 336
3 11 1 3 186
3 11 1 5 188
3 11 1 10 754
3 13 1 3 224
3 13 1 5 156
3 13 1 10 290
3 14 1 3 78
3 14 1 5 232
3 14 1 10 264
3 7 2 0 344
3 7 2 6 126
3 7 2 9 450
3 8 2 0 612
3 8 2 6 416
3 8 2 9 304
3 11 2 0 256
3 11 2 6 340
3 11 2 9 12
3 13 2 0 40
3 13 2 6 170
3 13 2 9 86
3 14 2 0 180
3 14 2 6 140
3 14 2 9 508
3 7 3 1 36
3 7 3 7 210
3 7 3 8 212
3 8 3 1 306
3 8 3 7 142
3 8 3 8 450
3 11 3 1 34
3 11 3 7 486
3 11 3 8 286
3 13 3 1 168
3 13 3 7 106
3 13 3 8 104
3 14 3 1 134
3 14 3 7 88
3 14 3 8 330
3 7 4 0 234
3 7 4 6 2
3 7 4 15 114
3 8 4 0 296
3 8 4 6 12
3 8 4 15 100
3 11 4 0 118
3 11 4 6 210
3 11 4 15 388
3 13 4 0 606
3 13 4 6 254
3 13 4 15 240
3 14 4 0 162
3 14 4 6 830
3 14 4 15 96
3 7 5 1 80
3 7 5 7 8
3 7 5 14 96
3 8 5 1 102
3 8 5 7 136
3 8 5 14 238
3 11 5 1 128
3 11 5 7 270
3 11 5 14 482
3 13 5 1 38
3 13 5 7 34
3 13 5 14 28
3 14 5 1 68
3 14 5 7 258
3 14 5 14 86
3 7 6 2 74
3 7 6 4 86
3 7 6 13 10
3 8 6 2 426
3 8 6 4 28
3 8 6 13 328
3 11 6 2 32
3 11 6 4 260
3 11 6 13 144
3 13 6 2 102
3 13 6 4 114
3 13 6 13 294
3 14 6 2 250
3 14 6 4 422
3 14 6 13 258
3 7 7 3 160
3 7 7 5 322
3 7 7 12 322
3 8 7 3 30
3 8 7 5 184
3 8 7 12 170
3 11 7 3 28
3 11 7 5 220
3 11 7 12 216
3 13 7 3 80
3 13 7 5 40
3 13 7 12 90
3 14 7 3 428
3 14 7 5 268
3 14 7 12 294
3 7 8 3 126
3 7 8 10 80
3 7 8 12 360
3 8 8 3 358
3 8 8 10 76
3 8 8 12 498
3 11 8 3 266
3 11 8 10 262
3 11 8 12 256
3 13 8 3 58
3 13 8 10 306
3 13 8 12 214
3 14 8 3 522
3 14 8 10 114
3 14 8 12 260
3 7 9 2 236
3 7 9 11 52
3 7 9 13 226
3 8 9 2 454
3 8 9 11 54
3 8 9 13 108
3 11 9 2 140
3 11 9 11 202
3 11 9 13 56
3 13 9 2 210
3 13 9 11 370
3 13 9 13 644
3 14 9 2 208
3 14 9 11 68
3 14 9 13 160
3 7 10 1 568
3 7 10 8 292
3 7 10 14 14
3 8 10 1 82
3 8 10 8 142
3 8 10 14 384
3 11 10 1 282
3 11 10 8 102
3 11 10 14 432
3 13 10 1 16
3 13 10 8 474
3 13 10 14 362
3 14 10 1 56
3 14 10 8 496
3 14 10 14 268
3 7 11 0 32
3 7 11 9 520
3 7 11 15 428
3 8 11 0 62
3 8 11 9 10
3 8 11 15 304
3 11 11 0 330
3 11 11 9 76
3 11 11 15 24
3 13 11 0 40
3 13 11 9 18
3 13 11 15 358
3 14 11 0 66
3 14 11 9 368
3 14 11 15 96
3 7 12 7 126
3 7 12 8 502
3 7 12 14 272
3 8 12 7 344
3 8 12 8 54
3 8 12 14 106
3 11 12 7 244
3 11 12 8 44
3 11 12 14 158
3 13 12 7 108
3 13 12 8 274
3 13 12 14 8
3 14 12 7 216
3 14 12 8 86
3 14 12 14 470
3 7 13 6 428
3 7 13 9 122
3 7 13 15 342
3 8 13 6 252
3 8 13 9 110
3 8 13 15 98
3 11 13 6 300
3 11 13 9 430
3 11 13 15 264
3 13 13 6 184
3 13 13 9 68
3 13 13 15 224
3 14 13 6 12
3 14 13 9 386
3 14 13 15 132
3 7 14 5 52
3 7 14 10 60
3 7 14 12 62
3 8 14 5 20
3 8 14 10 2
3 8 14 12 246
3 11 14 5 18
3 11 14 10 32
3 11 14 12 218
3 13 14 5 468
3 13 14 10 510
3 13 14 12 242
3 14 14 5 144
3 14 14 10 338
3 14 14 12 518
3 7 15 4 90
3 7 15 11 24
3 7 15 13 152
3 8 15 4 90
3 8 15 11 470
3 8 15 13 122
3 11 15 4 132
3 11 15 11 156
3 11 15 13 54
3 13 15 4 480
3 13 15 11 262
3 13 15 13 78
3 14 15 4 234
3 14 15 11 138
3 14 15 13 226
4 6 0 2 20
4 6 0 4 154
4 6 0 11 40
4 9 0 2 268
4 9 0 4 338
4 9 0 11 192
4 10 0 2 202
4 10 0 4 156
4 10 0 11 26
4 12 0 2 224
4 12 0 4 384
4 12 0 11 54
4 15 0 2 388
4 15 0 4 326
4 15 0 11 160
4 6 1 3 204
4 6 1 5 376
4 6 1 10 184
4 9 1 3 336
4 9 1 5 202
4 9 1 10 370
4 10 1 3 262
4 10 1 5 202
4 10 1 10 214
4 12 1 3 330
4 12 1 5 90
4 12 1 10 292
4 15 1 3 274
4 15 1 5 82
4 15 1 10 432
4 6 2 0 378
4 6 2 6 450
4 6 2 9 108
4 9 2 0 226
4 9 2 6 2
4 9 2 9 48
4 10 2 0 76
4 10 2 6 6
4 10 2 9 188
4 12 2 0 122
4 12 2 6 184
4 12 2 9 468
4 15 2 0 470
4 15 2 6 328
4 15 2 9 178
4 6 3 1 212
4 6 3 7 324
4 6 3 8 146
4 9 3 1 170
4 9 3 7 88
4 9 3 8 228
4 10 3 1 70
4 10 3 7 84
4 10 3 8 578
4 12 3 1 286
4 12 3 7 438
4 12 3 8 20
4 15 3 1 170
4 15 3 7 212
4 15 3 8 420
4 6 4 0 274
4 6 4 6 284
4 6 4 15 108
4 9 4 0 64
4 9 4 6 150
4 9 4 15 56
4 10 4 0 272
4 10 4 6 252
4 10 4 15 108
4 12 4 0 24
4 12 4 6 100
4 12 4 15 482
4 15 4 0 402
4 15 4 6 132
4 15 4 15 178
4 6 5 1 270
4 6 5 7 558
4 6 5 14 34
4 9 5 1 326
4 9 5 7 106
4 9 5 14 286
4 10 5 1 232
4 10 5 7 164
4 10 5 14 156
4 12 5 1 218
4 12 5 7 148
4 12 5 14 188
4 15 5 1 352
4 15 5 7 220
4 15 5 14 244
4 6 6 2 338
4 6 6 4 128
4 6 6 13 310
4 9 6 2 112
4 9 6 4 222
4 9 6 13 458
4 10 6 2 428
4 10 6 4 26
4 10 6 13 68
4 12 6 2 154
4 12 6 4 96
4 12 6 13 608
4 15 6 2 170
4 15 6 4 188
4 15 6 13 382
4 6 7 3 16
4 6 7 5 6
4 6 7 12 428
4 9 7 3 42
4 9 7 5 252
4 9 7 12 176
4 10 7 3 606
4 10 7 5 338
4 10 7 12 194
4 12 7 3 182
4 12 7 5 44
4 12 7 12 50
4 15 7 3 144
4 15 7 5 108
4 15 7 12 630
4 6 8 3 366
4 6 8 10 204
4 6 8 12 42
4 9 8 3 8
4 9 8 10 118
4 9 8 12 236
4 10 8 3 68
4 10 8 10 408
4 10 8 12 120
4 12 8 3 74
4 12 8 10 114
4 12 8 12 32
4 15 8 3 352
4 15 8 10 158
4 15 8 12 90
4 6 9 2 208
4 6 9 11 220
4 6 9 13 224
4 9 9 2 92
4 9 9 11 10
4 9 9 13 92
4 10 9 2 154
4 10 9 11 16
4 10 9 13 134
4 12 9 2 218
4 12 9 11 342
4 12 9 13 224
4 15 9 2 100
4 15 9 11 74
4 15 9 13 206
4 6 10 1 80
4 6 10 8 218
4 6 10 14 22
4 9 10 1 116
4 9 10 8 118
4 9 10 14 70
4 10 10 1 112
4 10 10 8 368
4 10 10 14 296
4 12 10 1 118
4 12 10 8 120
4 12 10 14 492
4 15 10 1 58
4 15 10 8 14
4 15 10 14 18
4 6 11 0 20
4 6 11 9 146
4 6 11 15 238
4 9 11 0 66
4 9 11 9 372
4 9 11 15 110
4 10 11 0 414
4 10 11 9 136
4 10 11 15 590
4 12 11 0 154
4 12 11 9 330
4 12 11 15 74
4 15 11 0 162
4 15 11 9 418
4 15 11 15 312
4 6 12 7 180
4 6 12 8 290
4 6 12 14 178
4 9 12 7 80
4 9 12 8 12
4 9 12 14 46
4 10 12 7 438
4 10 12 8 192
4 10 12 14 222
4 12 12 7 48
4 12 12 8 482
4 12 12 14 84
4 15 12 7 252
4 15 12 8 334
4 15 12 14 22
4 6 13 6 362
4 6 13 9 148
4 6 13 15 406
4 9 13 6 296
4 9 13 9 298
4 9 13 15 138
4 10 13 6 8
4 10 13 9 26
4 10 13 15 186
4 12 13 6 20
4 12 13 9 94
4 12 13 15 264
4 15 13 6 32
4 15 13 9 312
4 15 13 15 36
4 6 14 5 462
4 6 14 10 88
4 6 14 12 268
4 9 14 5 118
4 9 14 10 162
4 9 14 12 104
4 10 14 5 10
4 10 14 10 312
4 10 14 12 210
4 12 14 5 106
4 12 14 10 26
4 12 14 12 216
4 15 14 5 14
4 15 14 10 234
4 15 14 12 212
4 6 15 4 66
4 6 15 11 458
4 6 15 13 290
4 9 15 4 326
4 9 15 11 364
4 9 15 13 220
4 10 15 4 292
4 10 15 11 124
4 10 15 13 348
4 12 15 4 46
4 12 15 11 434
4 12 15 13 508
4 15 15 4 66
4 15 15 11 272
4 15 15 13 36
5 7 0 2 250
5 7 0 4 14
5 7 0 11 346
5 8 0 2 282
5 8 0 4 370
5 8 0 11 416
5 11 0 2 192
5 11 0 4 80
5 11 0 11 180
5 13 0 2 14
5 13 0 4 80
5 13 0 11 226
5 14 0 2 186
5 14 0 4 134
5 14 0 11 208
5 7 1 3 238
5 7 1 5 250
5 7 1 10 162
5 8 1 3 322
5 8 1 5 144
5 8 1 10 84
5 11 1 3 148
5 11 1 5 26
5 11 1 10 70
5 13 1 3 80
5 13 1 5 672
5 13 1 10 362
5 14 1 3 170
5 14 1 5 332
5 14 1 10 274
5 7 2 0 48
5 7 2 6 598
5 7 2 9 40
5 8 2 0 382
5 8 2 6 66
5 8 2 9 498
5 11 2 0 180
5 11 2 6 38
5 11 2 9 272
5 13 2 0 72
5 13 2 6 422
5 13 2 9 174
5 14 2 0 324
5 14 2 6 108
5 14 2 9 22
5 7 3 1 178
5 7 3 7 28
5 7 3 8 128
5 8 3 1 30
5 8 3 7 192
5 8 3 8 50
5 11 3 1 264
5 11 3 7 312
5 11 3 8 324
5 13 3 1 96
5 13 3 7 282
5 13 3 8 26
5 14 3 1 214
5 14 3 7 44
5 14 3 8 98
5 7 4 0 76
5 7 4 6 92
5 7 4 15 24
5 8 4 0 2
5 8 4 6 252
5 8 4 15 16
5 11 4 0 186
5 11 4 6 118
5 11 4 15 274
5 13 4 0 320
5 13 4 6 356
5 13 4 15 356
5 14 4 0 22
5 14 4 6 74
5 14 4 15 78
5 7 5 1 102
5 7 5 7 266
5 7 5 14 186
5 8 5 1 276
5 8 5 7 326
5 8 5 14 390
5 11 5 1 294
5 11 5 7 570
5 11 5 14 100
5 13 5 1 292
5 13 5 7 232
5 13 5 14 430
5 14 5 1 272
5 14 5 7 272
5 14 5 14 154
5 7 6 2 42
5 7 6 4 212
5 7 6 13 148
5 8 6 2 32
5 8 6 4 340
5 8 6 13 444
5 11 6 2 46
5 11 6 4 446
5 11 6 13 198
5 13 6 2 288
5 13 6 4 252
5 13 6 13 174
5 14 6 2 158
5 14 6 4 424
5 14 6 13 202
5 7 7 3 324
5 7 7 5 4
5 7 7 12 194
5 8 7 3 86
5 8 7 5 32
5 8 7 12 104
5 11 7 3 54
5 11 7 5 246
5 11 7 12 120
5 13 7 3 318
5 13 7 5 76
5 13 7 12 198
5 14 7 3 122
5 14 7 5 4
5 14 7 12 300
5 7 8 3 66
5 7 8 10 36
5 7 8 12 696
5 8 8 3 208
5 8 8 10 308
5 8 8 12 274
5 11 8 3 122
5 11 8 10 260
5 11 8 12 496
5 13 8 3 612
5 13 8 10 46
5 13 8 12 456
5 14 8 3 68
5 14 8 10 22
5 14 8 12 456
5 7 9 2 168
5 7 9 11 56
5 7 9 13 350
5 8 9 2 298
5 8 9 11 164
5 8 9 13 138
5 11 9 2 138
5 11 9 11 194
5 11 9 13 398
5 13 9 2 104
5 13 9 11 288
5 13 9 13 270
5 14 9 2 536
5 14 9 11 240
5 14 9 13 76
5 7 10 1 230
5 7 10 8 116
5 7 10 14 4
5 8 10 1 118
5 8 10 8 184
5 8 10 14 250
5 11 10 1 188
5 11 10 8 270
5 11 10 14 404
5 13 10 1 540
5 13 10 8 56
5 13 10 14 280
5 14 10 1 400
5 14 10 8 40
5 14 10 14 164
5 7 11 0 532
5 7 11 9 484
5 7 11 15 378
5 8 11 0 138
5 8 11 9 616
5 8 11 15 84
5 11 11 0 340
5 11 11 9 226
5 11 11 15 24
5 13 11 0 22
5 13 11 9 50
5 13 11 15 114
5 14 11 0 144
5 14 11 9 148
5 14 11 15 72
5 7 12 7 18
5 7 12 8 188
5 7 12 14 222
5 8 12 7 66
5 8 12 8 388
5 8 12 14 386
5 11 12 7 310
5 11 12 8 82
5 11 12 14 172
5 13 12 7 304
5 13 12 8 198
5 13 12 14 8
5 14 12 7 430
5 14 12 8 486
5 14 12 14 168
5 7 13 6 172
5 7 13 9 12
5 7 13 15 144
5 8 13 6 338
5 8 13 9 298
5 8 13 15 60
5 11 13 6 602
5 11 13 9 58
5 11 13 15 32
5 13 13 6 60
5 13 13 9 40
5 13 13 15 10
5 14 13 6 100
5 14 13 9 218
5 14 13 15 164
5 7 14 5 216
5 7 14 10 130
5 7 14 12 28
5 8 14 5 58
5 8 14 10 66
5 8 14 12 14
5 11 14 5 180
5 11 14 10 52
5 11 14 12 152
5 13 14 5 264
5 13 14 10 6
5 13 14 12 294
5 14 14 5 244
5 14 14 10 398
5 14 14 12 64
5 7 15 4 132
5 7 15 11 146
5 7 15 13 558
5 8 15 4 116
5 8 15 11 266
5 8 15 13 32
5 11 15 4 302
5 11 15 11 312
5 11 15 13 32
5 13 15 4 186
5 13 15 11 312
5 13 15 13 158
5 14 15 4 322
5 14 15 11 158
5 14 15 13 168
6 8 0 2 154
6 8 0 4 158
6 8 0 11 46
6 11 0 2 286
6 11 0 4 2
6 11 0 11 170
6 13 0 2 334
6 13 0 4 86
6 13 0 11 290
6 14 0 2 170
6 14 0 4 120
6 14 0 11 252
6 8 1 3 272
6 8 1 5 596
6 8 1 10 386
6 11 1 3 642
6 11 1 5 224
6 11 1 10 330
6 13 1 3 74
6 13 1 5 314
6 13 1 10 180
6 14 1 3 330
6 14 1 5 56
6 14 1 10 184
6 8 2 0 66
6 8 2 6 366
6 8 2 9 182
6 11 2 0 60
6 11 2 6 36
6 11 2 9 78
6 13 2 0 240
6 13 2 6 70
6 13 2 9 160
6 14 2 0 176
6 14 2 6 134
6 14 2 9 144
6 8 3 1 318
6 8 3 7 24
6 8 3 8 262
6 11 3 1 274
6 11 3 7 156
6 11 3 8 76
6 13 3 1 86
6 13 3 7 142
6 13 3 8 186
6 14 3 1 184
6 14 3 7 208
6 14 3 8 162
6 8 4 0 194
6 8 4 6 288
6 8 4 15 222
6 11 4 0 660
6 11 4 6 502
6 11 4 15 442
6 13 4 0 236
6 13 4 6 488
6 13 4 15 28
6 14 4 0 76
6 14 4 6 286
6 14 4 15 32
6 8 5 1 318
6 8 5 7 68
6 8 5 14 188
6 11 5 1 108
6 11 5 7 244
6 11 5 14 30
6 13 5 1 226
6 13 5 7 156
6 13 5 14 422
6 14 5 1 740
6 14 5 7 222
6 14 5 14 64
6 8 6 2 378
6 8 6 4 440
6 8 6 13 154
6 11 6 2 294
6 11 6 4 398
6 11 6 13 12
6 13 6 2 414
6 13 6 4 216
6 13 6 13 78
6 14 6 2 70
6 14 6 4 346
6 14 6 13 44
6 8 7 3 152
6 8 7 5 320
6 8 7 12 126
6 11 7 3 74
6 11 7 5 212
6 11 7 12 364
6 13 7 3 124
6 13 7 5 82
6 13 7 12 204
6 14 7 3 128
6 14 7 5 42
6 14 7 12 642
6 8 8 3 86
6 8 8 10 150
6 8 8 12 340
6 11 8 3 2
6 11 8 10 52
6 11 8 12 22
6 13 8 3 400
6 13 8 10 42
6 13 8 12 202
6 14 8 3 286
6 14 8 10 318
6 14 8 12 224
6 8 9 2 384
6 8 9 11 152
6 8 9 13 104
6 11 9 2 126
6 11 9 11 106
6 11 9 13 346
6 13 9 2 296
6 13 9 11 356
6 13 9 13 22
6 14 9 2 144
6 14 9 11 204
6 14 9 13 222
6 8 10 1 152
6 8 10 8 400
6 8 10 14 10
6 11 10 1 202
6 11 10 8 280
6 11 10 14 606
6 13 10 1 236
6 13 10 8 168
6 13 10 14 118
6 14 10 1 450
6 14 10 8 280
6 14 10 14 112
6 8 11 0 132
6 8 11 9 290
6 8 11 15 332
6 11 11 0 254
6 11 11 9 528
6 11 11 15 292
6 13 11 0 70
6 13 11 9 216
6 13 11 15 130
6 14 11 0 44
6 14 11 9 106
6 14 11 15 276
6 8 12 7 224
6 8 12 8 674
6 8 12 14 338
6 11 12 7 46
6 11 12 8 80
6 11 12 14 68
6 13 12 7 232
6 13 12 8 84
6 13 12 14 218
6 14 12 7 372
6 14 12 8 270
6 14 12 14 362
6 8 13 6 118
6 8 13 9 258
6 8 13 15 102
6 11 13 6 216
6 11 13 9 48
6 11 13 15 690
6 13 13 6 320
6 13 13 9 140
6 13 13 15 14
6 14 13 6 164
6 14 13 9 286
6 14 13 15 392
6 8 14 5 212
6 8 14 10 292
6 8 14 12 84
6 11 14 5 44
6 11 14 10 240
6 11 14 12 252
6 13 14 5 170
6 13 14 10 122
6 13 14 12 30
6 14 14 5 118
6 14 14 10 38
6 14 14 12 68
6 8 15 4 200
6 8 15 11 194
6 8 15 13 254
6 11 15 4 128
6 11 15 11 156
6 11 15 13 50
6 13 15 4 192
6 13 15 11 34
6 13 15 13 124
6 14 15 4 236
6 14 15 11 428
6 14 15 13 6
7 9 0 2 4
7 9 0 4 24
7 9 0 11 282
7 10 0 2 138
7 10 0 4 172
7 10 0 11 118
7 12 0 2 172
7 12 0 4 166
7 12 0 11 94
7 15 0 2 350
7 15 0 4 156
7 15 0 11 222
7 9 1 3 150
7 9 1 5 394
7 9 1 10 144
7 10 1 3 366
7 10 1 5 336
7 10 1 10 260
7 12 1 3 28
7 12 1 5 202
7 12 1 10 568
7 15 1 3 242
7 15 1 5 256
7 15 1 10 14
7 9 2 0 26
7 9 2 6 112
7 9 2 9 40
7 10 2 0 446
7 10 2 6 432
7 10 2 9 190
7 12 2 0 240
7 12 2 6 110
7 12 2 9 666
7 15 2 0 262
7 15 2 6 234
7 15 2 9 436
7 9 3 1 18
7 9 3 7 44
7 9 3 8 142
7 10 3 1 444
7 10 3 7 58
7 10 3 8 494
7 12 3 1 242
7 12 3 7 232
7 12 3 8 14
7 15 3 1 750
7 15 3 7 88
7 15 3 8 104
7 9 4 0 18
7 9 4 6 62
7 9 4 15 50
7 10 4 0 292
7 10 4 6 34
7 10 4 15 154
7 12 4 0 320
7 12 4 6 464
7 12 4 15 34
7 15 4 0 118
7 15 4 6 144
7 15 4 15 88
7 9 5 1 392
7 9 5 7 396
7 9 5 14 376
7 10 5 1 48
7 10 5 7 130
7 10 5 14 64
7 12 5 1 242
7 12 5 7 164
7 12 5 14 360
7 15 5 1 238
7 15 5 7 32
7 15 5 14 302
7 9 6 2 294
7 9 6 4 428
7 9 6 13 78
7 10 6 2 228
7 10 6 4 60
7 10 6 13 326
7 12 6 2 148
7 12 6 4 56
7 12 6 13 140
7 15 6 2 112
7 15 6 4 108
7 15 6 13 180
7 9 7 3 504
7 9 7 5 56
7 9 7 12 6
7 10 7 3 44
7 10 7 5 248
7 10 7 12 104
7 12 7 3 90
7 12 7 5 70
7 12 7 12 110
7 15 7 3 272
7 15 7 5 178
7 15 7 12 260
7 9 8 3 114
7 9 8 10 158
7 9 8 12 282
7 10 8 3 10
7 10 8 10 42
7 10 8 12 248
7 12 8 3 132
7 12 8 10 372
7 12 8 12 86
7 15 8 3 6
7 15 8 10 202
7 15 8 12 186
7 9 9 2 282
7 9 9 11 570
7 9 9 13 46
7 10 9 2 180
7 10 9 11 218
7 10 9 13 166
7 12 9 2 254
7 12 9 11 40
7 12 9 13 88
7 15 9 2 152
7 15 9 11 42
7 15 9 13 26
7 9 10 1 290
7 9 10 8 16
7 9 10 14 122
7 10 10 1 82
7 10 10 8 318
7 10 10 14 160
7 12 10 1 30
7 12 10 8 42
7 12 10 14 196
7 15 10 1 210
7 15 10 8 406
7 15 10 14 126
7 9 11 0 238
7 9 11 9 262
7 9 11 15 142
7 10 11 0 38
7 10 11 9 162
7 10 11 15 190
7 12 11 0 282
7 12 11 9 56
7 12 11 15 236
7 15 11 0 172
7 15 11 9 616
7 15 11 15 320
7 9 12 7 44
7 9 12 8 150
7 9 12 14 64
7 10 12 7 40
7 10 12 8 258
7 10 12 14 334
7 12 12 7 38
7 12 12 8 30
7 12 12 14 126
7 15 12 7 14
7 15 12 8 18
7 15 12 14 152
7 9 13 6 192
7 9 13 9 66
7 9 13 15 148
7 10 13 6 232
7 10 13 9 420
7 10 13 15 70
7 12 13 6 298
7 12 13 9 234
7 12 13 15 26
7 15 13 6 32
7 15 13 9 62
7 15 13 15 58
7 9 14 5 306
7 9 14 10 184
7 9 14 12 192
7 10 14 5 82
7 10 14 10 384
7 10 14 12 38
7 12 14 5 92
7 12 14 10 104
7 12 14 12 524
7 15 14 5 120
7 15 14 10 182
7 15 14 12 156
7 9 15 4 350
7 9 15 11 148
7 9 15 13 204
7 10 15 4 36
7 10 15 11 80
7 10 15 13 200
7 12 15 4 56
7 12 15 11 356
7 12 15 13 46
7 15 15 4 252
7 15 15 11 176
7 15 15 13 244
8 10 0 2 210
8 10 0 4 34
8 10 0 11 108
8 12 0 2 164
8 12 0 4 372
8 12 0 11 160
8 10 1 3 260
8 10 1 5 80
8 10 1 10 426
8 12 1 3 50
8 12 1 5 108
8 12 1 10 230
8 10 2 0 246
8 10 2 6 88
8 10 2 9 132
8 12 2 0 410
8 12 2 6 244
8 12 2 9 276
8 10 3 1 144
8 10 3 7 8
8 10 3 8 182
8 12 3 1 44
8 12 3 7 274
8 12 3 8 424
8 10 4 0 80
8 10 4 6 130
8 10 4 15 164
8 12 4 0 34
8 12 4 6 32
8 12 4 15 192
8 10 5 1 336
8 10 5 7 342
8 10 5 14 32
8 12 5 1 148
8 12 5 7 374
8 12 5 14 240
8 10 6 2 480
8 10 6 4 62
8 10 6 13 488
8 12 6 2 28
8 12 6 4 438
8 12 6 13 136
8 10 7 3 180
8 10 7 5 390
8 10 7 12 108
8 12 7 3 542
8 12 7 5 180
8 12 7 12 162
8 10 8 3 82
8 10 8 10 160
8 10 8 12 232
8 12 8 3 72
8 12 8 10 484
8 12 8 12 32
8 10 9 2 48
8 10 9 11 220
8 10 9 13 376
8 12 9 2 434
8 12 9 11 284
8 12 9 13 328
8 10 10 1 396
8 10 10 8 6
8 10 10 14 326
8 12 10 1 218
8 12 10 8 568
8 12 10 14 106
8 10 11 0 42
8 10 11 9 56
8 10 11 15 12
8 12 11 0 196
8 12 11 9 390
8 12 11 15 80
8 10 12 7 456
8 10 12 8 312
8 10 12 14 514
8 12 12 7 42
8 12 12 8 108
8 12 12 14 110
8 10 13 6 344
8 10 13 9 88
8 10 13 15 324
8 12 13 6 62
8 12 13 9 402
8 12 13 15 92
8 10 14 5 404
8 10 14 10 94
8 10 14 12 248
8 12 14 5 82
8 12 14 10 158
8 12 14 12 374
8 10 15 4 64
8 10 15 11 192
8 10 15 13 118
8 12 15 4 256
8 12 15 11 130
8 12 15 13 74
9 11 0 2 88
9 11 0 4 20
9 11 0 11 114
9 13 0 2 564
9 13 0 4 248
9 13 0 11 20
9 11 1 3 210
9 11 1 5 38
9 11 1 10 176
9 13 1 3 400
9 13 1 5 22
9 13 1 10 178
9 11 2 0 58
9 11 2 6 296
9 11 2 9 374
9 13 2 0 32
9 13 2 6 158
9 13 2 9 426
9 11 3 1 270
9 11 3 7 310
9 11 3 8 84
9 13 3 1 282
9 13 3 7 150
9 13 3 8 98
9 11 4 0 28
9 11 4 6 20
9 11 4 15 260
9 13 4 0 426
9 13 4 6 128
9 13 4 15 300
9 11 5 1 606
9 11 5 7 0
9 11 5 14 54
9 13 5 1 88
9 13 5 7 274
9 13 5 14 58
9 11 6 2 56
9 11 6 4 144
9 11 6 13 70
9 13 6 2 334
9 13 6 4 4
9 13 6 13 134
9 11 7 3 414
9 11 7 5 26
9 11 7 12 276
9 13 7 3 322
9 13 7 5 26
9 13 7 12 70
9 11 8 3 544
9 11 8 10 220
9 11 8 12 78
9 13 8 3 382
9 13 8 10 2
9 13 8 12 478
9 11 9 2 630
9 11 9 11 278
9 11 9 13 224
9 13 9 2 42
9 13 9 11 136
9 13 9 13 190
9 11 10 1 204
9 11 10 8 60
9 11 10 14 164
9 13 10 1 42
9 13 10 8 146
9 13 10 14 144
9 11 11 0 498
9 11 11 9 208
9 11 11 15 328
9 13 11 0 150
9 13 11 9 250
9 13 11 15 94
9 11 12 7 6
9 11 12 8 138
9 11 12 14 196
9 13 12 7 38
9 13 12 8 12
9 13 12 14 238
9 11 13 6 78
9 11 13 9 90
9 11 13 15 458
9 13 13 6 46
9 13 13 9 392
9 13 13 15 12
9 11 14 5 182
9 11 14 10 116
9 11 14 12 344
9 13 14 5 380
9 13 14 10 94
9 13 14 12 28
9 11 15 4 362
9 11 15 11 84
9 11 15 13 482
9 13 15 4 196
9 13 15 11 382
9 13 15 13 398
10 14 0 2 68
10 14 0 4 70
10 14 0 11 230
10 14 1 3 162
10 14 1 5 34
10 14 1 10 672
10 14 2 0 426
10 14 2 6 192
10 14 2 9 116
10 14 3 1 188
10 14 3 7 528
10 14 3 8 444
10 14 4 0 116
10 14 4 6 398
10 14 4 15 402
10 14 5 1 140
10 14 5 7 250
10 14 5 14 146
10 14 6 2 46
10 14 6 4 280
10 14 6 13 360
10 14 7 3 120
10 14 7 5 216
10 14 7 12 154
10 14 8 3 38
10 14 8 10 280
10 14 8 12 156
10 14 9 2 660
10 14 9 11 76
10 14 9 13 48
10 14 10 1 140
10 14 10 8 26
10 14 10 14 172
10 14 11 0 48
10 14 11 9 232
10 14 11 15 136
10 14 12 7 20
10 14 12 8 156
10 14 12 14 102
10 14 13 6 236
10 14 13 9 88
10 14 13 15 380
10 14 14 5 326
10 14 14 10 292
10 14 14 12 208
10 14 15 4 220
10 14 15 11 258
10 14 15 13 80
11 15 0 2 258
11 15 0 4 122
11 15 0 11 370
11 15 1 3 232
11 15 1 5 204
11 15 1 10 62
11 15 2 0 204
11 15 2 6 142
11 15 2 9 294
11 15 3 1 484
11 15 3 7 28
11 15 3 8 0
11 15 4 0 428
11 15 4 6 138
11 15 4 15 364
11 15 5 1 32
11 15 5 7 106
11 15 5 14 76
11 15 6 2 100
11 15 6 4 266
11 15 6 13 250
11 15 7 3 174
11 15 7 5 20
11 15 7 12 60
11 15 8 3 206
11 15 8 10 86
11 15 8 12 206
11 15 9 2 86
11 15 9 11 118
11 15 9 13 74
11 15 10 1 818
11 15 10 8 354
11 15 10 14 170
11 15 11 0 210
11 15 11 9 616
11 15 11 15 130
11 15 12 7 60
11 15 12 8 374
11 15 12 14 106
11 15 13 6 270
11 15 13 9 136
11 15 13 15 36
11 15 14 5 252
11 15 14 10 284
11 15 14 12 72
11 15 15 4 244
11 15 15 11 238
11 15 15 13 62
12 14 0 2 56
12 14 0 4 244
12 14 0 11 352
12 14 1 3 6
12 14 1 5 240
12 14 1 10 238
12 14 2 0 390
12 14 2 6 64
12 14 2 9 140
12 14 3 1 48
12 14 3 7 122
12 14 3 8 184
12 14 4 0 112
12 14 4 6 430
12 14 4 15 588
12 14 5 1 378
12 14 5 7 302
12 14 5 14 528
12 14 6 2 66
12 14 6 4 272
12 14 6 13 344
12 14 7 3 484
12 14 7 5 80
12 14 7 12 30
12 14 8 3 214
12 14 8 10 182
12 14 8 12 294
12 14 9 2 228
12 14 9 11 52
12 14 9 13 238
12 14 10 1 50
12 14 10 8 640
12 14 10 14 28
12 14 11 0 504
12 14 11 9 134
12 14 11 15 350
12 14 12 7 360
12 14 12 8 198
12 14 12 14 144
12 14 13 6 74
12 14 13 9 170
12 14 13 15 82
12 14 14 5 6
12 14 14 10 240
12 14 14 12 366
12 14 15 4 8
12 14 15 11 304
12 14 15 13 164
13 15 0 2 42
13 15 0 4 74
13 15 0 11 32
13 15 1 3 288
13 15 1 5 220
13 15 1 10 414
13 15 2 0 788
13 15 2 6 260
13 15 2 9 624
13 15 3 1 252
13 15 3 7 44
13 15 3 8 90
13 15 4 0 266
13 15 4 6 4
13 15 4 15 334
13 15 5 1 348
13 15 5 7 144
13 15 5 14 78
13 15 6 2 358
13 15 6 4 36
13 15 6 13 644
13 15 7 3 278
13 15 7 5 224
13 15 7 12 260
13 15 8 3 64
13 15 8 10 54
13 15 8 12 160
13 15 9 2 112
13 15 9 11 64
13 15 9 13 178
13 15 10 1 310
13 15 10 8 228
13 15 10 14 568
13 15 11 0 336
13 15 11 9 2
13 15 11 15 74
13 15 12 7 50
13 15 12 8 52
13 15 12 14 158
13 15 13 6 280
13 15 13 9 342
13 15 13 15 276
13 15 14 5 280
13 15 14 10 172
13 15 14 12 58
13 15 15 4 178
13 15 15 11 184
13 15 15 13 778
