0 2 0 2 54
0 2 0 4 632
0 2 0 11 48
0 4 0 2 14
0 4 0 4 30
0 4 0 11 780
0 8 0 2 396
0 8 0 4 550
0 8 0 11 300
0 11 0 2 512
0 11 0 4 470
0 11 0 11 246
0 13 0 2 28
0 13 0 4 496
0 13 0 11 1008
0 14 0 2 896
0 14 0 4 458
0 14 0 11 348
0 2 1 3 236
0 2 1 5 346
0 2 1 10 40
0 4 1 3 4
0 4 1 5 678
0 4 1 10 360
0 8 1 3 284
0 8 1 5 836
0 8 1 10 452
0 11 1 3 612
0 11 1 5 78
0 11 1 10 80
0 13 1 3 626
0 13 1 5 148
0 13 1 10 168
0 14 1 3 190
0 14 1 5 358
0 14 1 10 828
0 2 2 0 68
0 2 2 6 156
0 2 2 9 180
0 4 2 0 696
0 4 2 6 308
0 4 2 9 88
0 8 2 0 652
0 8 2 6 1328
0 8 2 9 822
0 11 2 0 276
0 11 2 6 116
0 11 2 9 300
0 13 2 0 360
0 13 2 6 392
0 13 2 9 42
0 14 2 0 502
0 14 2 6 554
0 14 2 9 744
0 2 3 1 178
0 2 3 7 962
0 2 3 8 458
0 4 3 1 142
0 4 3 7 352
0 4 3 8 142
0 8 3 1 1502
0 8 3 7 188
0 8 3 8 652
0 11 3 1 182
0 11 3 7 316
0 11 3 8 436
0 13 3 1 348
0 13 3 7 184
0 13 3 8 370
0 14 3 1 412
0 14 3 7 518
0 14 3 8 504
0 2 4 0 508
0 2 4 6 14
0 2 4 15 160
0 4 4 0 42
0 4 4 6 652
0 4 4 15 82
0 8 4 0 38
0 8 4 6 728
0 8 4 15 892
0 11 4 0 76
0 11 4 6 968
0 11 4 15 1542
0 13 4 0 982
0 13 4 6 270
0 13 4 15 898
0 14 4 0 86
0 14 4 6 484
0 14 4 15 432
0 2 5 1 444
0 2 5 7 60
0 2 5 14 70
0 4 5 1 480
0 4 5 7 340
0 4 5 14 110
0 8 5 1 202
0 8 5 7 506
0 8 5 14 138
0 11 5 1 342
0 11 5 7 224
0 11 5 14 18
0 13 5 1 406
0 13 5 7 298
0 13 5 14 284
0 14 5 1 1096
0 14 5 7 470
0 14 5 14 220
0 2 6 2 346
0 2 6 4 374
0 2 6 13 174
0 4 6 2 126
0 4 6 4 288
0 4 6 13 532
0 8 6 2 572
0 8 6 4 216
0 8 6 13 404
0 11 6 2 220
0 11 6 4 868
0 11 6 13 794
0 13 6 2 420
0 13 6 4 22
0 13 6 13 598
0 14 6 2 998
0 14 6 4 584
0 14 6 13 872
0 2 7 3 706
0 2 7 5 894
0 2 7 12 348
0 4 7 3 216
0 4 7 5 368
0 4 7 12 456
0 8 7 3 354
0 8 7 5 760
0 8 7 12 488
0 11 7 3 318
0 11 7 5 202
0 11 7 12 318
0 13 7 3 614
0 13 7 5 154
0 13 7 12 128
0 14 7 3 758
0 14 7 5 642
0 14 7 12 1146
0 2 8 3 548
0 2 8 10 636
0 2 8 12 418
0 4 8 3 268
0 4 8 10 2
0 4 8 12 386
0 8 8 3 678
0 8 8 10 186
0 8 8 12 818
0 11 8 3 360
0 11 8 10 200
0 11 8 12 728
0 13 8 3 4
0 13 8 10 322
0 13 8 12 250
0 14 8 3 272
0 14 8 10 488
0 14 8 12 694
0 2 9 2 344
0 2 9 11 454
0 2 9 13 648
0 4 9 2 708
0 4 9 11 178
0 4 9 13 870
0 8 9 2 1016
0 8 9 11 854
0 8 9 13 322
0 11 9 2 154
0 11 9 11 730
0 11 9 13 638
0 13 9 2 436
0 13 9 11 390
0 13 9 13 754
0 14 9 2 300
0 14 9 11 606
0 14 9 13 658
0 2 10 1 1028
0 2 10 8 982
0 2 10 14 38
0 4 10 1 944
0 4 10 8 48
0 4 10 14 198
0 8 10 1 68
0 8 10 8 518
0 8 10 14 32
0 11 10 1 214
0 11 10 8 1252
0 11 10 14 154
0 13 10 1 754
0 13 10 8 462
0 13 10 14 746
0 14 10 1 520
0 14 10 8 282
0 14 10 14 86
0 2 11 0 104
0 2 11 9 234
0 2 11 15 218
0 4 11 0 100
0 4 11 9 232
0 4 11 15 1660
0 8 11 0 184
0 8 11 9 312
0 8 11 15 376
0 11 11 0 4
0 11 11 9 766
0 11 11 15 8
0 13 11 0 182
0 13 11 9 294
0 13 11 15 780
0 14 11 0 338
0 14 11 9 152
0 14 11 15 256
0 2 12 7 30
0 2 12 8 68
0 2 12 14 328
0 4 12 7 298
0 4 12 8 44
0 4 12 14 1216
0 8 12 7 132
0 8 12 8 566
0 8 12 14 152
0 11 12 7 172
0 11 12 8 510
0 11 12 14 36
0 13 12 7 58
0 13 12 8 426
0 13 12 14 1088
0 14 12 7 412
0 14 12 8 372
0 14 12 14 844
0 2 13 6 220
0 2 13 9 708
0 2 13 15 268
0 4 13 6 948
0 4 13 9 118
0 4 13 15 642
0 8 13 6 644
0 8 13 9 470
0 8 13 15 146
0 11 13 6 828
0 11 13 9 732
0 11 13 15 154
0 13 13 6 114
0 13 13 9 506
0 13 13 15 46
0 14 13 6 130
0 14 13 9 116
0 14 13 15 390
0 2 14 5 776
0 2 14 10 492
0 2 14 12 806
0 4 14 5 488
0 4 14 10 18
0 4 14 12 36
0 8 14 5 362
0 8 14 10 754
0 8 14 12 220
0 11 14 5 552
0 11 14 10 44
0 11 14 12 104
0 13 14 5 12
0 13 14 10 120
0 13 14 12 408
0 14 14 5 460
0 14 14 10 56
0 14 14 12 192
0 2 15 4 172
0 2 15 11 420
0 2 15 13 42
0 4 15 4 60
0 4 15 11 570
0 4 15 13 456
0 8 15 4 96
0 8 15 11 16
0 8 15 13 426
0 11 15 4 950
0 11 15 11 504
0 11 15 13 56
0 13 15 4 300
0 13 15 11 598
0 13 15 13 396
0 14 15 4 910
0 14 15 11 318
0 14 15 13 494
1 3 0 2 62
1 3 0 4 502
1 3 0 11 150
1 5 0 2 714
1 5 0 4 154
1 5 0 11 574
1 9 0 2 240
1 9 0 4 422
1 9 0 11 170
1 10 0 2 346
1 10 0 4 122
1 10 0 11 546
1 12 0 2 1026
1 12 0 4 436
1 12 0 11 56
1 15 0 2 160
1 15 0 4 388
1 15 0 11 88
1 3 1 3 194
1 3 1 5 898
1 3 1 10 366
1 5 1 3 48
1 5 1 5 532
1 5 1 10 18
1 9 1 3 26
1 9 1 5 1014
1 9 1 10 636
1 10 1 3 24
1 10 1 5 640
1 10 1 10 1192
1 12 1 3 80
1 12 1 5 100
1 12 1 10 166
1 15 1 3 214
1 15 1 5 544
1 15 1 10 262
1 3 2 0 728
1 3 2 6 232
1 3 2 9 968
1 5 2 0 460
1 5 2 6 96
1 5 2 9 204
1 9 2 0 744
1 9 2 6 320
1 9 2 9 266
1 10 2 0 832
1 10 2 6 32
1 10 2 9 728
1 12 2 0 92
1 12 2 6 50
1 12 2 9 344
1 15 2 0 272
1 15 2 6 780
1 15 2 9 594
1 3 3 1 210
1 3 3 7 24
1 3 3 8 324
1 5 3 1 84
1 5 3 7 222
1 5 3 8 130
1 9 3 1 494
1 9 3 7 160
1 9 3 8 90
1 10 3 1 406
1 10 3 7 184
1 10 3 8 238
1 12 3 1 362
1 12 3 7 94
1 12 3 8 676
1 15 3 1 2
1 15 3 7 1514
1 15 3 8 214
1 3 4 0 518
1 3 4 6 320
1 3 4 15 754
1 5 4 0 18
1 5 4 6 382
1 5 4 15 576
1 9 4 0 94
1 9 4 6 206
1 9 4 15 334
1 10 4 0 482
1 10 4 6 662
1 10 4 15 382
1 12 4 0 512
1 12 4 6 378
1 12 4 15 494
1 15 4 0 480
1 15 4 6 664
1 15 4 15 58
1 3 5 1 604
1 3 5 7 362
1 3 5 14 4
1 5 5 1 570
1 5 5 7 714
1 5 5 14 558
1 9 5 1 192
1 9 5 7 100
1 9 5 14 368
1 10 5 1 64
1 10 5 7 370
1 10 5 14 274
1 12 5 1 644
1 12 5 7 180
1 12 5 14 670
1 15 5 1 266
1 15 5 7 680
1 15 5 14 608
1 3 6 2 880
1 3 6 4 320
1 3 6 13 70
1 5 6 2 594
1 5 6 4 216
1 5 6 13 248
1 9 6 2 564
1 9 6 4 382
1 9 6 13 12
1 10 6 2 48
1 10 6 4 70
1 10 6 13 28
1 12 6 2 416
1 12 6 4 740
1 12 6 13 580
1 15 6 2 264
1 15 6 4 290
1 15 6 13 616
1 3 7 3 318
1 3 7 5 724
1 3 7 12 196
1 5 7 3 48
1 5 7 5 18
1 5 7 12 294
1 9 7 3 274
1 9 7 5 200
1 9 7 12 40
1 10 7 3 80
1 10 7 5 130
1 10 7 12 426
1 12 7 3 766
1 12 7 5 432
1 12 7 12 614
1 15 7 3 788
1 15 7 5 270
1 15 7 12 942
1 3 8 3 240
1 3 8 10 278
1 3 8 12 12
1 5 8 3 274
1 5 8 10 208
1 5 8 12 738
1 9 8 3 694
1 9 8 10 440
1 9 8 12 588
1 10 8 3 244
1 10 8 10 482
1 10 8 12 1042
1 12 8 3 382
1 12 8 10 58
1 12 8 12 396
1 15 8 3 214
1 15 8 10 570
1 15 8 12 318
1 3 9 2 134
1 3 9 11 274
1 3 9 13 904
1 5 9 2 386
1 5 9 11 654
1 5 9 13 506
1 9 9 2 316
1 9 9 11 1042
1 9 9 13 674
1 10 9 2 182
1 10 9 11 272
1 10 9 13 50
1 12 9 2 384
1 12 9 11 60
1 12 9 13 574
1 15 9 2 810
1 15 9 11 126
1 15 9 13 378
1 3 10 1 64
1 3 10 8 968
1 3 10 14 432
1 5 10 1 692
1 5 10 8 90
1 5 10 14 354
1 9 10 1 288
1 9 10 8 550
1 9 10 14 746
1 10 10 1 90
1 10 10 8 24
1 10 10 14 312
1 12 10 1 466
1 12 10 8 412
1 12 10 14 408
1 15 10 1 150
1 15 10 8 628
1 15 10 14 452
1 3 11 0 150
1 3 11 9 124
1 3 11 15 108
1 5 11 0 196
1 5 11 9 1154
1 5 11 15 682
1 9 11 0 206
1 9 11 9 536
1 9 11 15 962
1 10 11 0 398
1 10 11 9 354
1 10 11 15 374
1 12 11 0 214
1 12 11 9 558
1 12 11 15 226
1 15 11 0 190
1 15 11 9 292
1 15 11 15 154
1 3 12 7 822
1 3 12 8 122
1 3 12 14 224
1 5 12 7 864
1 5 12 8 362
1 5 12 14 102
1 9 12 7 848
1 9 12 8 410
1 9 12 14 50
1 10 12 7 332
1 10 12 8 124
1 10 12 14 224
1 12 12 7 698
1 12 12 8 770
1 12 12 14 1086
1 15 12 7 412
1 15 12 8 372
1 15 12 14 132
1 3 13 6 1320
1 3 13 9 704
1 3 13 15 128
1 5 13 6 212
1 5 13 9 412
1 5 13 15 412
1 9 13 6 784
1 9 13 9 190
1 9 13 15 406
1 10 13 6 784
1 10 13 9 402
1 10 13 15 442
1 12 13 6 382
1 12 13 9 794
1 12 13 15 656
1 15 13 6 342
1 15 13 9 550
1 15 13 15 32
1 3 14 5 904
1 3 14 10 852
1 3 14 12 484
1 5 14 5 324
1 5 14 10 136
1 5 14 12 338
1 9 14 5 146
1 9 14 10 508
1 9 14 12 266
1 10 14 5 36
1 10 14 10 184
1 10 14 12 254
1 12 14 5 430
1 12 14 10 100
1 12 14 12 264
1 15 14 5 692
1 15 14 10 804
1 15 14 12 788
1 3 15 4 366
1 3 15 11 442
1 3 15 13 568
1 5 15 4 238
1 5 15 11 1054
1 5 15 13 162
1 9 15 4 610
1 9 15 11 244
1 9 15 13 208
1 10 15 4 986
1 10 15 11 224
1 10 15 13 576
1 12 15 4 976
1 12 15 11 26
1 12 15 13 196
1 15 15 4 104
1 15 15 11 818
1 15 15 13 640
2 6 0 2 242
2 6 0 4 152
2 6 0 11 1330
2 9 0 2 706
2 9 0 4 582
2 9 0 11 272
2 10 0 2 92
2 10 0 4 160
2 10 0 11 664
2 12 0 2 580
2 12 0 4 498
2 12 0 11 152
2 15 0 2 358
2 15 0 4 212
2 15 0 11 206
2 6 1 3 212
2 6 1 5 382
2 6 1 10 246
2 9 1 3 838
2 9 1 5 922
2 9 1 10 394
2 10 1 3 282
2 10 1 5 632
2 10 1 10 214
2 12 1 3 192
2 12 1 5 724
2 12 1 10 618
2 15 1 3 376
2 15 1 5 332
2 15 1 10 216
2 6 2 0 122
2 6 2 6 796
2 6 2 9 186
2 9 2 0 352
2 9 2 6 1014
2 9 2 9 892
2 10 2 0 152
2 10 2 6 388
2 10 2 9 412
2 12 2 0 200
2 12 2 6 392
2 12 2 9 590
2 15 2 0 814
2 15 2 6 324
2 15 2 9 194
2 6 3 1 446
2 6 3 7 786
2 6 3 8 588
2 9 3 1 188
2 9 3 7 678
2 9 3 8 108
2 10 3 1 550
2 10 3 7 830
2 10 3 8 364
2 12 3 1 692
2 12 3 7 122
2 12 3 8 234
2 15 3 1 182
2 15 3 7 706
2 15 3 8 864
2 6 4 0 350
2 6 4 6 524
2 6 4 15 138
2 9 4 0 690
2 9 4 6 622
2 9 4 15 136
2 10 4 0 56
2 10 4 6 82
2 10 4 15 710
2 12 4 0 278
2 12 4 6 590
2 12 4 15 470
2 15 4 0 120
2 15 4 6 88
2 15 4 15 808
2 6 5 1 324
2 6 5 7 510
2 6 5 14 606
2 9 5 1 262
2 9 5 7 248
2 9 5 14 398
2 10 5 1 778
2 10 5 7 936
2 10 5 14 664
2 12 5 1 228
2 12 5 7 90
2 12 5 14 132
2 15 5 1 260
2 15 5 7 412
2 15 5 14 546
2 6 6 2 56
2 6 6 4 1020
2 6 6 13 956
2 9 6 2 74
2 9 6 4 94
2 9 6 13 110
2 10 6 2 780
2 10 6 4 588
2 10 6 13 166
2 12 6 2 204
2 12 6 4 276
2 12 6 13 1138
2 15 6 2 112
2 15 6 4 214
2 15 6 13 600
2 6 7 3 104
2 6 7 5 160
2 6 7 12 692
2 9 7 3 178
2 9 7 5 152
2 9 7 12 592
2 10 7 3 640
2 10 7 5 48
2 10 7 12 596
2 12 7 3 530
2 12 7 5 108
2 12 7 12 604
2 15 7 3 534
2 15 7 5 534
2 15 7 12 248
2 6 8 3 264
2 6 8 10 318
2 6 8 12 562
2 9 8 3 798
2 9 8 10 174
2 9 8 12 692
2 10 8 3 146
2 10 8 10 306
2 10 8 12 312
2 12 8 3 128
2 12 8 10 86
2 12 8 12 244
2 15 8 3 342
2 15 8 10 164
2 15 8 12 656
2 6 9 2 212
2 6 9 11 560
2 6 9 13 586
2 9 9 2 1302
2 9 9 11 202
2 9 9 13 16
2 10 9 2 240
2 10 9 11 278
2 10 9 13 288
2 12 9 2 570
2 12 9 11 420
2 12 9 13 428
2 15 9 2 138
2 15 9 11 278
2 15 9 13 844
2 6 10 1 298
2 6 10 8 292
2 6 10 14 338
2 9 10 1 12
2 9 10 8 328
2 9 10 14 902
2 10 10 1 24
2 10 10 8 1054
2 10 10 14 16
2 12 10 1 680
2 12 10 8 526
2 12 10 14 184
2 15 10 1 312
2 15 10 8 412
2 15 10 14 224
2 6 11 0 530
2 6 11 9 42
2 6 11 15 484
2 9 11 0 138
2 9 11 9 364
2 9 11 15 324
2 10 11 0 46
2 10 11 9 782
2 10 11 15 644
2 12 11 0 32
2 12 11 9 710
2 12 11 15 390
2 15 11 0 564
2 15 11 9 878
2 15 11 15 922
2 6 12 7 862
2 6 12 8 228
2 6 12 14 50
2 9 12 7 134
2 9 12 8 462
2 9 12 14 128
2 10 12 7 980
2 10 12 8 60
2 10 12 14 206
2 12 12 7 210
2 12 12 8 802
2 12 12 14 66
2 15 12 7 328
2 15 12 8 484
2 15 12 14 634
2 6 13 6 720
2 6 13 9 326
2 6 13 15 162
2 9 13 6 512
2 9 13 9 152
2 9 13 15 82
2 10 13 6 440
2 10 13 9 14
2 10 13 15 500
2 12 13 6 264
2 12 13 9 414
2 12 13 15 294
2 15 13 6 284
2 15 13 9 30
2 15 13 15 72
2 6 14 5 716
2 6 14 10 28
2 6 14 12 288
2 9 14 5 488
2 9 14 10 302
2 9 14 12 168
2 10 14 5 576
2 10 14 10 70
2 10 14 12 128
2 12 14 5 636
2 12 14 10 354
2 12 14 12 158
2 15 14 5 132
2 15 14 10 768
2 15 14 12 238
2 6 15 4 48
2 6 15 11 38
2 6 15 13 912
2 9 15 4 8
2 9 15 11 614
2 9 15 13 186
2 10 15 4 192
2 10 15 11 892
2 10 15 13 68
2 12 15 4 302
2 12 15 11 128
2 12 15 13 168
2 15 15 4 776
2 15 15 11 122
2 15 15 13 960
3 7 0 2 218
3 7 0 4 170
3 7 0 11 176
3 8 0 2 362
3 8 0 4 8
3 8 0 11 140
3 11 0 2 264
3 11 0 4 202
3 11 0 11 1188
3 13 0 2 122
3 13 0 4 320
3 13 0 11 898
3 14 0 2 484
3 14 0 4 174
3 14 0 11 24
3 7 1 3 198
3 7 1 5 792
3 7 1 10 242
3 8 1 3 2
3 8 1 5 708
3 8 1 10 282
3 11 1 3 174
3 11 1 5 602
3 11 1 10 234
3 13 1 3 764
3 13 1 5 42
3 13 1 10 178
3 14 1 3 284
3 14 1 5 278
3 14 1 10 928
3 7 2 0 66
3 7 2 6 232
3 7 2 9 36
3 8 2 0 380
3 8 2 6 218
3 8 2 9 402
3 11 2 0 388
3 11 2 6 182
3 11 2 9 296
3 13 2 0 470
3 13 2 6 308
3 13 2 9 90
3 14 2 0 40
3 14 2 6 798
3 14 2 9 106
3 7 3 1 228
3 7 3 7 168
3 7 3 8 10
3 8 3 1 558
3 8 3 7 262
3 8 3 8 72
3 11 3 1 478
3 11 3 7 600
3 11 3 8 36
3 13 3 1 514
3 13 3 7 496
3 13 3 8 170
3 14 3 1 674
3 14 3 7 136
3 14 3 8 294
3 7 4 0 602
3 7 4 6 256
3 7 4 15 454
3 8 4 0 246
3 8 4 6 672
3 8 4 15 256
3 11 4 0 460
3 11 4 6 726
3 11 4 15 524
3 13 4 0 998
3 13 4 6 188
3 13 4 15 442
3 14 4 0 8
3 14 4 6 216
3 14 4 15 334
3 7 5 1 968
3 7 5 7 172
3 7 5 14 258
3 8 5 1 138
3 8 5 7 180
3 8 5 14 438
3 11 5 1 382
3 11 5 7 732
3 11 5 14 982
3 13 5 1 404
3 13 5 7 844
3 13 5 14 772
3 14 5 1 524
3 14 5 7 52
3 14 5 14 222
3 7 6 2 220
3 7 6 4 1244
3 7 6 13 84
3 8 6 2 274
3 8 6 4 756
3 8 6 13 234
3 11 6 2 398
3 11 6 4 438
3 11 6 13 1712
3 13 6 2 240
3 13 6 4 586
3 13 6 13 232
3 14 6 2 16
3 14 6 4 1122
3 14 6 13 252
3 7 7 3 40
3 7 7 5 16
3 7 7 12 1110
3 8 7 3 378
3 8 7 5 574
3 8 7 12 482
3 11 7 3 276
3 11 7 5 176
3 11 7 12 856
3 13 7 3 658
3 13 7 5 470
3 13 7 12 866
3 14 7 3 128
3 14 7 5 312
3 14 7 12 64
3 7 8 3 434
3 7 8 10 170
3 7 8 12 528
3 8 8 3 246
3 8 8 10 970
3 8 8 12 636
3 11 8 3 1564
3 11 8 10 490
3 11 8 12 982
3 13 8 3 306
3 13 8 10 1050
3 13 8 12 258
3 14 8 3 888
3 14 8 10 160
3 14 8 12 360
3 7 9 2 740
3 7 9 11 396
3 7 9 13 18
3 8 9 2 862
3 8 9 11 916
3 8 9 13 308
3 11 9 2 526
3 11 9 11 550
3 11 9 13 1066
3 13 9 2 526
3 13 9 11 722
3 13 9 13 334
3 14 9 2 34
3 14 9 11 608
3 14 9 13 456
3 7 10 1 574
3 7 10 8 920
3 7 10 14 1040
3 8 10 1 12
3 8 10 8 1092
3 8 10 14 310
3 11 10 1 516
3 11 10 8 126
3 11 10 14 1170
3 13 10 1 316
3 13 10 8 234
3 13 10 14 440
3 14 10 1 1164
3 14 10 8 348
3 14 10 14 188
3 7 11 0 686
3 7 11 9 976
3 7 11 15 228
3 8 11 0 638
3 8 11 9 684
3 8 11 15 34
3 11 11 0 508
3 11 11 9 204
3 11 11 15 470
3 13 11 0 12
3 13 11 9 474
3 13 11 15 22
3 14 11 0 132
3 14 11 9 684
3 14 11 15 266
3 7 12 7 204
3 7 12 8 360
3 7 12 14 278
3 8 12 7 952
3 8 12 8 192
3 8 12 14 196
3 11 12 7 210
3 11 12 8 262
3 11 12 14 290
3 13 12 7 164
3 13 12 8 936
3 13 12 14 308
3 14 12 7 1128
3 14 12 8 400
3 14 12 14 516
3 7 13 6 328
3 7 13 9 170
3 7 13 15 228
3 8 13 6 874
3 8 13 9 148
3 8 13 15 628
3 11 13 6 102
3 11 13 9 202
3 11 13 15 614
3 13 13 6 510
3 13 13 9 676
3 13 13 15 346
3 14 13 6 344
3 14 13 9 228
3 14 13 15 772
3 7 14 5 86
3 7 14 10 668
3 7 14 12 0
3 8 14 5 70
3 8 14 10 636
3 8 14 12 186
3 11 14 5 746
3 11 14 10 68
3 11 14 12 152
3 13 14 5 528
3 13 14 10 82
3 13 14 12 256
3 14 14 5 368
3 14 14 10 148
3 14 14 12 410
3 7 15 4 410
3 7 15 11 322
3 7 15 13 256
3 8 15 4 640
3 8 15 11 704
3 8 15 13 66
3 11 15 4 644
3 11 15 11 622
3 11 15 13 976
3 13 15 4 12
3 13 15 11 508
3 13 15 13 234
3 14 15 4 336
3 14 15 11 28
3 14 15 13 268
4 6 0 2 586
4 6 0 4 634
4 6 0 11 2
4 9 0 2 184
4 9 0 4 864
4 9 0 11 358
4 10 0 2 414
4 10 0 4 100
4 10 0 11 106
4 12 0 2 50
4 12 0 4 1070
4 12 0 11 6
4 15 0 2 770
4 15 0 4 344
4 15 0 11 276
4 6 1 3 398
4 6 1 5 154
4 6 1 10 242
4 9 1 3 334
4 9 1 5 94
4 9 1 10 766
4 10 1 3 668
4 10 1 5 1044
4 10 1 10 304
4 12 1 3 250
4 12 1 5 128
4 12 1 10 890
4 15 1 3 948
4 15 1 5 304
4 15 1 10 354
4 6 2 0 204
4 6 2 6 96
4 6 2 9 96
4 9 2 0 114
4 9 2 6 556
4 9 2 9 1278
4 10 2 0 200
4 10 2 6 46
4 10 2 9 654
4 12 2 0 236
4 12 2 6 248
4 12 2 9 20
4 15 2 0 236
4 15 2 6 144
4 15 2 9 82
4 6 3 1 680
4 6 3 7 880
4 6 3 8 944
4 9 3 1 284
4 9 3 7 750
4 9 3 8 162
4 10 3 1 540
4 10 3 7 62
4 10 3 8 364
4 12 3 1 526
4 12 3 7 216
4 12 3 8 404
4 15 3 1 484
4 15 3 7 18
4 15 3 8 466
4 6 4 0 90
4 6 4 6 164
4 6 4 15 292
4 9 4 0 804
4 9 4 6 394
4 9 4 15 1172
4 10 4 0 354
4 10 4 6 526
4 10 4 15 570
4 12 4 0 938
4 12 4 6 350
4 12 4 15 636
4 15 4 0 12
4 15 4 6 1096
4 15 4 15 308
4 6 5 1 916
4 6 5 7 344
4 6 5 14 254
4 9 5 1 200
4 9 5 7 290
4 9 5 14 120
4 10 5 1 230
4 10 5 7 64
4 10 5 14 504
4 12 5 1 74
4 12 5 7 250
4 12 5 14 148
4 15 5 1 244
4 15 5 7 1118
4 15 5 14 192
4 6 6 2 408
4 6 6 4 414
4 6 6 13 6
4 9 6 2 488
4 9 6 4 820
4 9 6 13 164
4 10 6 2 486
4 10 6 4 162
4 10 6 13 130
4 12 6 2 340
4 12 6 4 558
4 12 6 13 96
4 15 6 2 174
4 15 6 4 634
4 15 6 13 330
4 6 7 3 262
4 6 7 5 708
4 6 7 12 1014
4 9 7 3 542
4 9 7 5 356
4 9 7 12 242
4 10 7 3 600
4 10 7 5 720
4 10 7 12 392
4 12 7 3 1006
4 12 7 5 436
4 12 7 12 340
4 15 7 3 786
4 15 7 5 596
4 15 7 12 568
4 6 8 3 20
4 6 8 10 374
4 6 8 12 280
4 9 8 3 30
4 9 8 10 256
4 9 8 12 112
4 10 8 3 128
4 10 8 10 54
4 10 8 12 90
4 12 8 3 1086
4 12 8 10 258
4 12 8 12 836
4 15 8 3 240
4 15 8 10 350
4 15 8 12 62
4 6 9 2 520
4 6 9 11 346
4 6 9 13 764
4 9 9 2 160
4 9 9 11 386
4 9 9 13 102
4 10 9 2 142
4 10 9 11 1084
4 10 9 13 108
4 12 9 2 466
4 12 9 11 656
4 12 9 13 864
4 15 9 2 416
4 15 9 11 468
4 15 9 13 102
4 6 10 1 486
4 6 10 8 876
4 6 10 14 68
4 9 10 1 902
4 9 10 8 254
4 9 10 14 314
4 10 10 1 762
4 10 10 8 62
4 10 10 14 446
4 12 10 1 566
4 12 10 8 364
4 12 10 14 102
4 15 10 1 206
4 15 10 8 578
4 15 10 14 1136
4 6 11 0 102
4 6 11 9 142
4 6 11 15 88
4 9 11 0 368
4 9 11 9 666
4 9 11 15 472
4 10 11 0 74
4 10 11 9 230
4 10 11 15 202
4 12 11 0 302
4 12 11 9 740
4 12 11 15 132
4 15 11 0 480
4 15 11 9 256
4 15 11 15 62
4 6 12 7 286
4 6 12 8 168
4 6 12 14 162
4 9 12 7 686
4 9 12 8 328
4 9 12 14 38
4 10 12 7 168
4 10 12 8 204
4 10 12 14 42
4 12 12 7 154
4 12 12 8 398
4 12 12 14 98
4 15 12 7 194
4 15 12 8 460
4 15 12 14 170
4 6 13 6 2
4 6 13 9 262
4 6 13 15 410
4 9 13 6 400
4 9 13 9 924
4 9 13 15 430
4 10 13 6 52
4 10 13 9 104
4 10 13 15 818
4 12 13 6 328
4 12 13 9 24
4 12 13 15 394
4 15 13 6 922
4 15 13 9 620
4 15 13 15 336
4 6 14 5 30
4 6 14 10 704
4 6 14 12 42
4 9 14 5 146
4 9 14 10 364
4 9 14 12 518
4 10 14 5 42
4 10 14 10 66
4 10 14 12 688
4 12 14 5 236
4 12 14 10 200
4 12 14 12 374
4 15 14 5 64
4 15 14 10 206
4 15 14 12 4
4 6 15 4 926
4 6 15 11 558
4 6 15 13 116
4 9 15 4 208
4 9 15 11 574
4 9 15 13 136
4 10 15 4 658
4 10 15 11 1636
4 10 15 13 164
4 12 15 4 270
4 12 15 11 136
4 12 15 13 38
4 15 15 4 14
4 15 15 11 960
4 15 15 13 182
5 7 0 2 290
5 7 0 4 32
5 7 0 11 250
5 8 0 2 306
5 8 0 4 188
5 8 0 11 636
5 11 0 2 36
5 11 0 4 692
5 11 0 11 78
5 13 0 2 954
5 13 0 4 822
5 13 0 11 580
5 14 0 2 468
5 14 0 4 4
5 14 0 11 248
5 7 1 3 400
5 7 1 5 1120
5 7 1 10 350
5 8 1 3 1098
5 8 1 5 444
5 8 1 10 932
5 11 1 3 732
5 11 1 5 140
5 11 1 10 258
5 13 1 3 1208
5 13 1 5 218
5 13 1 10 1118
5 14 1 3 638
5 14 1 5 56
5 14 1 10 254
5 7 2 0 126
5 7 2 6 704
5 7 2 9 876
5 8 2 0 170
5 8 2 6 134
5 8 2 9 982
5 11 2 0 96
5 11 2 6 1062
5 11 2 9 94
5 13 2 0 392
5 13 2 6 178
5 13 2 9 806
5 14 2 0 114
5 14 2 6 366
5 14 2 9 506
5 7 3 1 680
5 7 3 7 10
5 7 3 8 822
5 8 3 1 328
5 8 3 7 748
5 8 3 8 260
5 11 3 1 232
5 11 3 7 338
5 11 3 8 264
5 13 3 1 932
5 13 3 7 572
5 13 3 8 260
5 14 3 1 104
5 14 3 7 416
5 14 3 8 796
5 7 4 0 698
5 7 4 6 272
5 7 4 15 184
5 8 4 0 402
5 8 4 6 420
5 8 4 15 636
5 11 4 0 700
5 11 4 6 500
5 11 4 15 470
5 13 4 0 744
5 13 4 6 286
5 13 4 15 484
5 14 4 0 382
5 14 4 6 306
5 14 4 15 174
5 7 5 1 274
5 7 5 7 250
5 7 5 14 262
5 8 5 1 1070
5 8 5 7 268
5 8 5 14 150
5 11 5 1 562
5 11 5 7 610
5 11 5 14 88
5 13 5 1 774
5 13 5 7 258
5 13 5 14 108
5 14 5 1 126
5 14 5 7 616
5 14 5 14 1094
5 7 6 2 406
5 7 6 4 40
5 7 6 13 466
5 8 6 2 330
5 8 6 4 228
5 8 6 13 274
5 11 6 2 8
5 11 6 4 960
5 11 6 13 1418
5 13 6 2 322
5 13 6 4 116
5 13 6 13 160
5 14 6 2 672
5 14 6 4 446
5 14 6 13 196
5 7 7 3 378
5 7 7 5 382
5 7 7 12 630
5 8 7 3 296
5 8 7 5 82
5 8 7 12 82
5 11 7 3 124
5 11 7 5 180
5 11 7 12 40
5 13 7 3 402
5 13 7 5 204
5 13 7 12 150
5 14 7 3 582
5 14 7 5 82
5 14 7 12 530
5 7 8 3 82
5 7 8 10 116
5 7 8 12 284
5 8 8 3 22
5 8 8 10 138
5 8 8 12 490
5 11 8 3 1814
5 11 8 10 466
5 11 8 12 574
5 13 8 3 36
5 13 8 10 986
5 13 8 12 716
5 14 8 3 94
5 14 8 10 58
5 14 8 12 498
5 7 9 2 718
5 7 9 11 372
5 7 9 13 338
5 8 9 2 620
5 8 9 11 356
5 8 9 13 480
5 11 9 2 1264
5 11 9 11 158
5 11 9 13 202
5 13 9 2 198
5 13 9 11 512
5 13 9 13 548
5 14 9 2 502
5 14 9 11 180
5 14 9 13 82
5 7 10 1 660
5 7 10 8 320
5 7 10 14 296
5 8 10 1 1318
5 8 10 8 904
5 8 10 14 324
5 11 10 1 398
5 11 10 8 400
5 11 10 14 496
5 13 10 1 164
5 13 10 8 464
5 13 10 14 178
5 14 10 1 242
5 14 10 8 174
5 14 10 14 110
5 7 11 0 696
5 7 11 9 128
5 7 11 15 788
5 8 11 0 128
5 8 11 9 314
5 8 11 15 1286
5 11 11 0 74
5 11 11 9 432
5 11 11 15 362
5 13 11 0 158
5 13 11 9 112
5 13 11 15 614
5 14 11 0 278
5 14 11 9 278
5 14 11 15 574
5 7 12 7 118
5 7 12 8 924
5 7 12 14 152
5 8 12 7 586
5 8 12 8 350
5 8 12 14 56
5 11 12 7 178
5 11 12 8 186
5 11 12 14 6
5 13 12 7 866
5 13 12 8 324
5 13 12 14 580
5 14 12 7 252
5 14 12 8 32
5 14 12 14 726
5 7 13 6 946
5 7 13 9 568
5 7 13 15 362
5 8 13 6 918
5 8 13 9 402
5 8 13 15 402
5 11 13 6 60
5 11 13 9 308
5 11 13 15 196
5 13 13 6 700
5 13 13 9 362
5 13 13 15 218
5 14 13 6 16
5 14 13 9 576
5 14 13 15 1042
5 7 14 5 476
5 7 14 10 530
5 7 14 12 880
5 8 14 5 774
5 8 14 10 420
5 8 14 12 888
5 11 14 5 138
5 11 14 10 260
5 11 14 12 474
5 13 14 5 582
5 13 14 10 224
5 13 14 12 92
5 14 14 5 142
5 14 14 10 1508
5 14 14 12 766
5 7 15 4 292
5 7 15 11 338
5 7 15 13 956
5 8 15 4 4
5 8 15 11 10
5 8 15 13 1162
5 11 15 4 1044
5 11 15 11 324
5 11 15 13 594
5 13 15 4 154
5 13 15 11 98
5 13 15 13 872
5 14 15 4 26
5 14 15 11 198
5 14 15 13 296
6 8 0 2 34
6 8 0 4 64
6 8 0 11 242
6 11 0 2 266
6 11 0 4 474
6 11 0 11 26
6 13 0 2 434
6 13 0 4 346
6 13 0 11 104
6 14 0 2 318
6 14 0 4 102
6 14 0 11 472
6 8 1 3 536
6 8 1 5 384
6 8 1 10 754
6 11 1 3 70
6 11 1 5 86
6 11 1 10 290
6 13 1 3 238
6 13 1 5 158
6 13 1 10 114
6 14 1 3 294
6 14 1 5 986
6 14 1 10 2
6 8 2 0 342
6 8 2 6 850
6 8 2 9 338
6 11 2 0 602
6 11 2 6 368
6 11 2 9 528
6 13 2 0 202
6 13 2 6 14
6 13 2 9 1254
6 14 2 0 308
6 14 2 6 872
6 14 2 9 52
6 8 3 1 128
6 8 3 7 624
6 8 3 8 300
6 11 3 1 256
6 11 3 7 2
6 11 3 8 646
6 13 3 1 136
6 13 3 7 208
6 13 3 8 772
6 14 3 1 284
6 14 3 7 230
6 14 3 8 346
6 8 4 0 150
6 8 4 6 8
6 8 4 15 108
6 11 4 0 424
6 11 4 6 30
6 11 4 15 490
6 13 4 0 520
6 13 4 6 1096
6 13 4 15 592
6 14 4 0 450
6 14 4 6 308
6 14 4 15 614
6 8 5 1 924
6 8 5 7 108
6 8 5 14 190
6 11 5 1 672
6 11 5 7 156
6 11 5 14 34
6 13 5 1 202
6 13 5 7 998
6 13 5 14 94
6 14 5 1 330
6 14 5 7 880
6 14 5 14 302
6 8 6 2 276
6 8 6 4 1288
6 8 6 13 88
6 11 6 2 728
6 11 6 4 254
6 11 6 13 136
6 13 6 2 590
6 13 6 4 162
6 13 6 13 184
6 14 6 2 824
6 14 6 4 214
6 14 6 13 434
6 8 7 3 740
6 8 7 5 342
6 8 7 12 282
6 11 7 3 680
6 11 7 5 196
6 11 7 12 70
6 13 7 3 240
6 13 7 5 1194
6 13 7 12 306
6 14 7 3 110
6 14 7 5 92
6 14 7 12 168
6 8 8 3 264
6 8 8 10 592
6 8 8 12 542
6 11 8 3 878
6 11 8 10 240
6 11 8 12 236
6 13 8 3 776
6 13 8 10 198
6 13 8 12 114
6 14 8 3 538
6 14 8 10 1020
6 14 8 12 902
6 8 9 2 666
6 8 9 11 338
6 8 9 13 630
6 11 9 2 150
6 11 9 11 246
6 11 9 13 114
6 13 9 2 108
6 13 9 11 606
6 13 9 13 824
6 14 9 2 50
6 14 9 11 100
6 14 9 13 780
6 8 10 1 74
6 8 10 8 264
6 8 10 14 852
6 11 10 1 574
6 11 10 8 598
6 11 10 14 716
6 13 10 1 724
6 13 10 8 440
6 13 10 14 356
6 14 10 1 490
6 14 10 8 100
6 14 10 14 476
6 8 11 0 896
6 8 11 9 786
6 8 11 15 328
6 11 11 0 472
6 11 11 9 1046
6 11 11 15 270
6 13 11 0 250
6 13 11 9 88
6 13 11 15 270
6 14 11 0 312
6 14 11 9 62
6 14 11 15 168
6 8 12 7 52
6 8 12 8 296
6 8 12 14 400
6 11 12 7 92
6 11 12 8 130
6 11 12 14 952
6 13 12 7 342
6 13 12 8 48
6 13 12 14 660
6 14 12 7 840
6 14 12 8 40
6 14 12 14 224
6 8 13 6 782
6 8 13 9 200
6 8 13 15 212
6 11 13 6 650
6 11 13 9 102
6 11 13 15 376
6 13 13 6 84
6 13 13 9 270
6 13 13 15 130
6 14 13 6 168
6 14 13 9 1074
6 14 13 15 794
6 8 14 5 746
6 8 14 10 654
6 8 14 12 54
6 11 14 5 672
6 11 14 10 294
6 11 14 12 486
6 13 14 5 276
6 13 14 10 422
6 13 14 12 724
6 14 14 5 328
6 14 14 10 594
6 14 14 12 930
6 8 15 4 26
6 8 15 11 136
6 8 15 13 408
6 11 15 4 614
6 11 15 11 122
6 11 15 13 736
6 13 15 4 496
6 13 15 11 256
6 13 15 13 752
6 14 15 4 1234
6 14 15 11 240
6 14 15 13 832
7 9 0 2 176
7 9 0 4 738
7 9 0 11 158
7 10 0 2 28
7 10 0 4 148
7 10 0 11 326
7 12 0 2 794
7 12 0 4 252
7 12 0 11 552
7 15 0 2 496
7 15 0 4 60
7 15 0 11 882
7 9 1 3 416
7 9 1 5 438
7 9 1 10 202
7 10 1 3 838
7 10 1 5 710
7 10 1 10 236
7 12 1 3 222
7 12 1 5 36
7 12 1 10 120
7 15 1 3 14
7 15 1 5 216
7 15 1 10 80
7 9 2 0 930
7 9 2 6 370
7 9 2 9 108
7 10 2 0 328
7 10 2 6 164
7 10 2 9 660
7 12 2 0 94
7 12 2 6 714
7 12 2 9 152
7 15 2 0 92
7 15 2 6 934
7 15 2 9 846
7 9 3 1 386
7 9 3 7 184
7 9 3 8 1350
7 10 3 1 540
7 10 3 7 494
7 10 3 8 756
7 12 3 1 92
7 12 3 7 680
7 12 3 8 1076
7 15 3 1 150
7 15 3 7 102
7 15 3 8 1030
7 9 4 0 488
7 9 4 6 150
7 9 4 15 818
7 10 4 0 252
7 10 4 6 42
7 10 4 15 202
7 12 4 0 190
7 12 4 6 322
7 12 4 15 640
7 15 4 0 610
7 15 4 6 710
7 15 4 15 550
7 9 5 1 192
7 9 5 7 2
7 9 5 14 428
7 10 5 1 80
7 10 5 7 2
7 10 5 14 390
7 12 5 1 266
7 12 5 7 1162
7 12 5 14 220
7 15 5 1 528
7 15 5 7 24
7 15 5 14 1434
7 9 6 2 614
7 9 6 4 140
7 9 6 13 28
7 10 6 2 222
7 10 6 4 192
7 10 6 13 708
7 12 6 2 504
7 12 6 4 950
7 12 6 13 364
7 15 6 2 572
7 15 6 4 196
7 15 6 13 72
7 9 7 3 128
7 9 7 5 558
7 9 7 12 342
7 10 7 3 94
7 10 7 5 338
7 10 7 12 310
7 12 7 3 1000
7 12 7 5 100
7 12 7 12 290
7 15 7 3 1030
7 15 7 5 338
7 15 7 12 200
7 9 8 3 356
7 9 8 10 494
7 9 8 12 190
7 10 8 3 354
7 10 8 10 370
7 10 8 12 984
7 12 8 3 62
7 12 8 10 138
7 12 8 12 116
7 15 8 3 176
7 15 8 10 658
7 15 8 12 352
7 9 9 2 48
7 9 9 11 164
7 9 9 13 324
7 10 9 2 568
7 10 9 11 104
7 10 9 13 962
7 12 9 2 148
7 12 9 11 96
7 12 9 13 184
7 15 9 2 450
7 15 9 11 300
7 15 9 13 342
7 9 10 1 226
7 9 10 8 342
7 9 10 14 750
7 10 10 1 450
7 10 10 8 1062
7 10 10 14 1060
7 12 10 1 146
7 12 10 8 100
7 12 10 14 418
7 15 10 1 62
7 15 10 8 438
7 15 10 14 148
7 9 11 0 296
7 9 11 9 436
7 9 11 15 638
7 10 11 0 496
7 10 11 9 710
7 10 11 15 874
7 12 11 0 310
7 12 11 9 262
7 12 11 15 76
7 15 11 0 286
7 15 11 9 434
7 15 11 15 364
7 9 12 7 444
7 9 12 8 330
7 9 12 14 566
7 10 12 7 1252
7 10 12 8 474
7 10 12 14 160
7 12 12 7 244
7 12 12 8 190
7 12 12 14 336
7 15 12 7 228
7 15 12 8 942
7 15 12 14 176
7 9 13 6 492
7 9 13 9 656
7 9 13 15 574
7 10 13 6 82
7 10 13 9 248
7 10 13 15 478
7 12 13 6 806
7 12 13 9 542
7 12 13 15 152
7 15 13 6 220
7 15 13 9 394
7 15 13 15 142
7 9 14 5 876
7 9 14 10 584
7 9 14 12 334
7 10 14 5 1258
7 10 14 10 1658
7 10 14 12 892
7 12 14 5 922
7 12 14 10 518
7 12 14 12 282
7 15 14 5 98
7 15 14 10 346
7 15 14 12 86
7 9 15 4 366
7 9 15 11 200
7 9 15 13 12
7 10 15 4 74
7 10 15 11 514
7 10 15 13 386
7 12 15 4 204
7 12 15 11 150
7 12 15 13 382
7 15 15 4 392
7 15 15 11 318
7 15 15 13 720
8 10 0 2 406
8 10 0 4 264
8 10 0 11 148
8 12 0 2 32
8 12 0 4 396
8 12 0 11 948
8 10 1 3 14
8 10 1 5 76
8 10 1 10 218
8 12 1 3 54
8 12 1 5 4
8 12 1 10 478
8 10 2 0 656
8 10 2 6 938
8 10 2 9 322
8 12 2 0 340
8 12 2 6 296
8 12 2 9 6
8 10 3 1 94
8 10 3 7 286
8 10 3 8 460
8 12 3 1 340
8 12 3 7 874
8 12 3 8 156
8 10 4 0 408
8 10 4 6 10
8 10 4 15 526
8 12 4 0 30
8 12 4 6 1068
8 12 4 15 100
8 10 5 1 190
8 10 5 7 196
8 10 5 14 446
8 12 5 1 564
8 12 5 7 586
8 12 5 14 1232
8 10 6 2 36
8 10 6 4 60
8 10 6 13 452
8 12 6 2 244
8 12 6 4 402
8 12 6 13 90
8 10 7 3 146
8 10 7 5 174
8 10 7 12 170
8 12 7 3 446
8 12 7 5 476
8 12 7 12 132
8 10 8 3 102
8 10 8 10 690
8 10 8 12 550
8 12 8 3 346
8 12 8 10 324
8 12 8 12 570
8 10 9 2 500
8 10 9 11 296
8 10 9 13 148
8 12 9 2 724
8 12 9 11 66
8 12 9 13 166
8 10 10 1 60
8 10 10 8 214
8 10 10 14 250
8 12 10 1 828
8 12 10 8 118
8 12 10 14 292
8 10 11 0 642
8 10 11 9 156
8 10 11 15 224
8 12 11 0 114
8 12 11 9 156
8 12 11 15 570
8 10 12 7 566
8 10 12 8 700
8 10 12 14 116
8 12 12 7 290
8 12 12 8 12
8 12 12 14 802
8 10 13 6 34
8 10 13 9 1360
8 10 13 15 444
8 12 13 6 4
8 12 13 9 452
8 12 13 15 130
8 10 14 5 376
8 10 14 10 722
8 10 14 12 876
8 12 14 5 328
8 12 14 10 760
8 12 14 12 4
8 10 15 4 498
8 10 15 11 492
8 10 15 13 12
8 12 15 4 38
8 12 15 11 438
8 12 15 13 108
9 11 0 2 600
9 11 0 4 104
9 11 0 11 190
9 13 0 2 498
9 13 0 4 222
9 13 0 11 428
9 11 1 3 400
9 11 1 5 118
9 11 1 10 310
9 13 1 3 984
9 13 1 5 712
9 13 1 10 462
9 11 2 0 182
9 11 2 6 140
9 11 2 9 120
9 13 2 0 320
9 13 2 6 360
9 13 2 9 8
9 11 3 1 398
9 11 3 7 58
9 11 3 8 284
9 13 3 1 894
9 13 3 7 850
9 13 3 8 252
9 11 4 0 458
9 11 4 6 926
9 11 4 15 72
9 13 4 0 960
9 13 4 6 752
9 13 4 15 310
9 11 5 1 536
9 11 5 7 946
9 11 5 14 106
9 13 5 1 54
9 13 5 7 142
9 13 5 14 804
9 11 6 2 152
9 11 6 4 812
9 11 6 13 746
9 13 6 2 164
9 13 6 4 108
9 13 6 13 470
9 11 7 3 692
9 11 7 5 732
9 11 7 12 36
9 13 7 3 70
9 13 7 5 730
9 13 7 12 176
9 11 8 3 868
9 11 8 10 160
9 11 8 12 788
9 13 8 3 168
9 13 8 10 986
9 13 8 12 668
9 11 9 2 156
9 11 9 11 362
9 11 9 13 202
9 13 9 2 154
9 13 9 11 958
9 13 9 13 534
9 11 10 1 152
9 11 10 8 188
9 11 10 14 150
9 13 10 1 172
9 13 10 8 230
9 13 10 14 370
9 11 11 0 234
9 11 11 9 70
9 11 11 15 2
9 13 11 0 276
9 13 11 9 840
9 13 11 15 552
9 11 12 7 698
9 11 12 8 984
9 11 12 14 528
9 13 12 7 824
9 13 12 8 58
9 13 12 14 178
9 11 13 6 42
9 11 13 9 1038
9 11 13 15 162
9 13 13 6 160
9 13 13 9 344
9 13 13 15 114
9 11 14 5 232
9 11 14 10 842
9 11 14 12 214
9 13 14 5 116
9 13 14 10 84
9 13 14 12 432
9 11 15 4 424
9 11 15 11 348
9 11 15 13 720
9 13 15 4 344
9 13 15 11 476
9 13 15 13 342
10 14 0 2 976
10 14 0 4 166
10 14 0 11 208
10 14 1 3 172
10 14 1 5 920
10 14 1 10 46
10 14 2 0 122
10 14 2 6 136
10 14 2 9 22
10 14 3 1 392
10 14 3 7 184
10 14 3 8 236
10 14 4 0 326
10 14 4 6 494
10 14 4 15 734
10 14 5 1 554
10 14 5 7 258
10 14 5 14 292
10 14 6 2 294
10 14 6 4 324
10 14 6 13 68
10 14 7 3 78
10 14 7 5 570
10 14 7 12 492
10 14 8 3 586
10 14 8 10 1486
10 14 8 12 220
10 14 9 2 438
10 14 9 11 518
10 14 9 13 392
10 14 10 1 386
10 14 10 8 152
10 14 10 14 20
10 14 11 0 566
10 14 11 9 146
10 14 11 15 790
10 14 12 7 110
10 14 12 8 370
10 14 12 14 1058
10 14 13 6 760
10 14 13 9 216
10 14 13 15 272
10 14 14 5 760
10 14 14 10 908
10 14 14 12 190
10 14 15 4 168
10 14 15 11 366
10 14 15 13 476
11 15 0 2 404
11 15 0 4 808
11 15 0 11 874
11 15 1 3 472
11 15 1 5 190
11 15 1 10 380
11 15 2 0 622
11 15 2 6 578
11 15 2 9 542
11 15 3 1 666
11 15 3 7 580
11 15 3 8 70
11 15 4 0 338
11 15 4 6 2
11 15 4 15 268
11 15 5 1 336
11 15 5 7 342
11 15 5 14 36
11 15 6 2 524
11 15 6 4 448
11 15 6 13 666
11 15 7 3 446
11 15 7 5 450
11 15 7 12 738
11 15 8 3 54
11 15 8 10 526
11 15 8 12 1188
11 15 9 2 270
11 15 9 11 418
11 15 9 13 1252
11 15 10 1 774
11 15 10 8 264
11 15 10 14 436
11 15 11 0 152
11 15 11 9 124
11 15 11 15 160
11 15 12 7 164
11 15 12 8 1048
11 15 12 14 886
11 15 13 6 640
11 15 13 9 720
11 15 13 15 922
11 15 14 5 240
11 15 14 10 634
11 15 14 12 90
11 15 15 4 554
11 15 15 11 1556
11 15 15 13 862
12 14 0 2 190
12 14 0 4 266
12 14 0 11 612
12 14 1 3 354
12 14 1 5 170
12 14 1 10 54
12 14 2 0 176
12 14 2 6 742
12 14 2 9 110
12 14 3 1 784
12 14 3 7 506
12 14 3 8 12
12 14 4 0 422
12 14 4 6 52
12 14 4 15 148
12 14 5 1 484
12 14 5 7 1360
12 14 5 14 934
12 14 6 2 34
12 14 6 4 8
12 14 6 13 304
12 14 7 3 250
12 14 7 5 170
12 14 7 12 38
12 14 8 3 952
12 14 8 10 1022
12 14 8 12 334
12 14 9 2 692
12 14 9 11 216
12 14 9 13 446
12 14 10 1 172
12 14 10 8 236
12 14 10 14 696
12 14 11 0 50
12 14 11 9 374
12 14 11 15 616
12 14 12 7 14
12 14 12 8 318
12 14 12 14 92
12 14 13 6 124
12 14 13 9 56
12 14 13 15 54
12 14 14 5 66
12 14 14 10 878
12 14 14 12 122
12 14 15 4 270
12 14 15 11 358
12 14 15 13 238
13 15 0 2 340
13 15 0 4 628
13 15 0 11 674
13 15 1 3 944
13 15 1 5 1316
13 15 1 10 546
13 15 2 0 186
13 15 2 6 154
13 15 2 9 264
13 15 3 1 548
13 15 3 7 302
13 15 3 8 472
13 15 4 0 200
13 15 4 6 994
13 15 4 15 668
13 15 5 1 100
13 15 5 7 312
13 15 5 14 8
13 15 6 2 534
13 15 6 4 474
13 15 6 13 188
13 15 7 3 782
13 15 7 5 194
13 15 7 12 714
13 15 8 3 510
13 15 8 10 144
13 15 8 12 132
13 15 9 2 514
13 15 9 11 752
13 15 9 13 388
13 15 10 1 372
13 15 10 8 126
13 15 10 14 208
13 15 11 0 542
13 15 11 9 190
13 15 11 15 312
13 15 12 7 706
13 15 12 8 424
13 15 12 14 70
13 15 13 6 154
13 15 13 9 362
13 15 13 15 136
13 15 14 5 594
13 15 14 10 78
13 15 14 12 770
13 15 15 4 86
13 15 15 11 50
13 15 15 13 168
