0 2 0 2 506
0 2 0 4 100
0 2 0 11 108
0 4 0 2 30
0 4 0 4 220
0 4 0 11 318
0 8 0 2 254
0 8 0 4 408
0 8 0 11 72
0 11 0 2 408
0 11 0 4 176
0 11 0 11 220
0 13 0 2 438
0 13 0 4 564
0 13 0 11 446
0 14 0 2 1224
0 14 0 4 756
0 14 0 11 298
0 2 1 3 332
0 2 1 5 546
0 2 1 10 614
0 4 1 3 96
0 4 1 5 166
0 4 1 10 428
0 8 1 3 46
0 8 1 5 398
0 8 1 10 454
0 11 1 3 578
0 11 1 5 86
0 11 1 10 210
0 13 1 3 774
0 13 1 5 112
0 13 1 10 704
0 14 1 3 1182
0 14 1 5 478
0 14 1 10 358
0 2 2 0 168
0 2 2 6 418
0 2 2 9 76
0 4 2 0 638
0 4 2 6 358
0 4 2 9 106
0 8 2 0 170
0 8 2 6 294
0 8 2 9 366
0 11 2 0 274
0 11 2 6 404
0 11 2 9 376
0 13 2 0 644
0 13 2 6 352
0 13 2 9 206
0 14 2 0 746
0 14 2 6 912
0 14 2 9 90
0 2 3 1 630
0 2 3 7 1016
0 2 3 8 254
0 4 3 1 124
0 4 3 7 604
0 4 3 8 122
0 8 3 1 456
0 8 3 7 176
0 8 3 8 426
0 11 3 1 374
0 11 3 7 164
0 11 3 8 116
0 13 3 1 636
0 13 3 7 458
0 13 3 8 380
0 14 3 1 56
0 14 3 7 372
0 14 3 8 752
0 2 4 0 1426
0 2 4 6 132
0 2 4 15 6
0 4 4 0 756
0 4 4 6 588
0 4 4 15 306
0 8 4 0 1096
0 8 4 6 132
0 8 4 15 940
0 11 4 0 124
0 11 4 6 614
0 11 4 15 352
0 13 4 0 124
0 13 4 6 910
0 13 4 15 26
0 14 4 0 728
0 14 4 6 400
0 14 4 15 130
0 2 5 1 686
0 2 5 7 608
0 2 5 14 506
0 4 5 1 446
0 4 5 7 24
0 4 5 14 132
0 8 5 1 116
0 8 5 7 80
0 8 5 14 514
0 11 5 1 518
0 11 5 7 104
0 11 5 14 144
0 13 5 1 404
0 13 5 7 548
0 13 5 14 110
0 14 5 1 622
0 14 5 7 224
0 14 5 14 78
0 2 6 2 744
0 2 6 4 786
0 2 6 13 794
0 4 6 2 1180
0 4 6 4 544
0 4 6 13 428
0 8 6 2 498
0 8 6 4 74
0 8 6 13 1054
0 11 6 2 574
0 11 6 4 212
0 11 6 13 732
0 13 6 2 756
0 13 6 4 470
0 13 6 13 84
0 14 6 2 14
0 14 6 4 504
0 14 6 13 1430
0 2 7 3 324
0 2 7 5 150
0 2 7 12 1264
0 4 7 3 148
0 4 7 5 764
0 4 7 12 280
0 8 7 3 468
0 8 7 5 250
0 8 7 12 762
0 11 7 3 424
0 11 7 5 762
0 11 7 12 168
0 13 7 3 578
0 13 7 5 810
0 13 7 12 136
0 14 7 3 396
0 14 7 5 440
0 14 7 12 102
0 2 8 3 148
0 2 8 10 638
0 2 8 12 1122
0 4 8 3 352
0 4 8 10 404
0 4 8 12 556
0 8 8 3 26
0 8 8 10 10
0 8 8 12 54
0 11 8 3 718
0 11 8 10 292
0 11 8 12 322
0 13 8 3 252
0 13 8 10 522
0 13 8 12 948
0 14 8 3 468
0 14 8 10 374
0 14 8 12 606
0 2 9 2 1112
0 2 9 11 206
0 2 9 13 348
0 4 9 2 548
0 4 9 11 202
0 4 9 13 86
0 8 9 2 158
0 8 9 11 360
0 8 9 13 814
0 11 9 2 16
0 11 9 11 598
0 11 9 13 782
0 13 9 2 406
0 13 9 11 556
0 13 9 13 194
0 14 9 2 454
0 14 9 11 1294
0 14 9 13 500
0 2 10 1 734
0 2 10 8 1080
0 2 10 14 274
0 4 10 1 24
0 4 10 8 500
0 4 10 14 536
0 8 10 1 406
0 8 10 8 250
0 8 10 14 528
0 11 10 1 374
0 11 10 8 98
0 11 10 14 90
0 13 10 1 514
0 13 10 8 240
0 13 10 14 722
0 14 10 1 1076
0 14 10 8 446
0 14 10 14 488
0 2 11 0 86
0 2 11 9 438
0 2 11 15 462
0 4 11 0 538
0 4 11 9 150
0 4 11 15 378
0 8 11 0 1230
0 8 11 9 324
0 8 11 15 698
0 11 11 0 1158
0 11 11 9 264
0 11 11 15 138
0 13 11 0 60
0 13 11 9 1168
0 13 11 15 746
0 14 11 0 16
0 14 11 9 370
0 14 11 15 170
0 2 12 7 294
0 2 12 8 110
0 2 12 14 448
0 4 12 7 138
0 4 12 8 574
0 4 12 14 426
0 8 12 7 770
0 8 12 8 778
0 8 12 14 514
0 11 12 7 66
0 11 12 8 146
0 11 12 14 242
0 13 12 7 268
0 13 12 8 172
0 13 12 14 24
0 14 12 7 784
0 14 12 8 198
0 14 12 14 224
0 2 13 6 144
0 2 13 9 456
0 2 13 15 796
0 4 13 6 230
0 4 13 9 952
0 4 13 15 76
0 8 13 6 304
0 8 13 9 220
0 8 13 15 422
0 11 13 6 564
0 11 13 9 604
0 11 13 15 342
0 13 13 6 54
0 13 13 9 40
0 13 13 15 170
0 14 13 6 646
0 14 13 9 332
0 14 13 15 654
0 2 14 5 272
0 2 14 10 474
0 2 14 12 76
0 4 14 5 1314
0 4 14 10 348
0 4 14 12 1118
0 8 14 5 38
0 8 14 10 168
0 8 14 12 64
0 11 14 5 980
0 11 14 10 678
0 11 14 12 434
0 13 14 5 868
0 13 14 10 534
0 13 14 12 104
0 14 14 5 160
0 14 14 10 214
0 14 14 12 140
0 2 15 4 58
0 2 15 11 252
0 2 15 13 144
0 4 15 4 232
0 4 15 11 632
0 4 15 13 232
0 8 15 4 688
0 8 15 11 104
0 8 15 13 146
0 11 15 4 212
0 11 15 11 548
0 11 15 13 38
0 13 15 4 344
0 13 15 11 370
0 13 15 13 84
0 14 15 4 394
0 14 15 11 654
0 14 15 13 574
1 3 0 2 568
1 3 0 4 416
1 3 0 11 326
1 5 0 2 190
1 5 0 4 72
1 5 0 11 62
1 9 0 2 316
1 9 0 4 98
1 9 0 11 872
1 10 0 2 112
1 10 0 4 288
1 10 0 11 62
1 12 0 2 24
1 12 0 4 834
1 12 0 11 484
1 15 0 2 14
1 15 0 4 288
1 15 0 11 282
1 3 1 3 122
1 3 1 5 512
1 3 1 10 56
1 5 1 3 204
1 5 1 5 298
1 5 1 10 110
1 9 1 3 744
1 9 1 5 1032
1 9 1 10 84
1 10 1 3 222
1 10 1 5 390
1 10 1 10 338
1 12 1 3 278
1 12 1 5 718
1 12 1 10 224
1 15 1 3 218
1 15 1 5 166
1 15 1 10 820
1 3 2 0 120
1 3 2 6 322
1 3 2 9 1162
1 5 2 0 286
1 5 2 6 362
1 5 2 9 908
1 9 2 0 120
1 9 2 6 268
1 9 2 9 52
1 10 2 0 120
1 10 2 6 204
1 10 2 9 126
1 12 2 0 1578
1 12 2 6 156
1 12 2 9 184
1 15 2 0 422
1 15 2 6 750
1 15 2 9 928
1 3 3 1 82
1 3 3 7 1122
1 3 3 8 536
1 5 3 1 450
1 5 3 7 694
1 5 3 8 614
1 9 3 1 278
1 9 3 7 2
1 9 3 8 216
1 10 3 1 378
1 10 3 7 422
1 10 3 8 54
1 12 3 1 494
1 12 3 7 262
1 12 3 8 370
1 15 3 1 572
1 15 3 7 662
1 15 3 8 240
1 3 4 0 410
1 3 4 6 364
1 3 4 15 764
1 5 4 0 632
1 5 4 6 660
1 5 4 15 46
1 9 4 0 834
1 9 4 6 28
1 9 4 15 306
1 10 4 0 122
1 10 4 6 602
1 10 4 15 1304
1 12 4 0 922
1 12 4 6 330
1 12 4 15 764
1 15 4 0 414
1 15 4 6 484
1 15 4 15 14
1 3 5 1 524
1 3 5 7 198
1 3 5 14 428
1 5 5 1 22
1 5 5 7 396
1 5 5 14 152
1 9 5 1 304
1 9 5 7 590
1 9 5 14 164
1 10 5 1 934
1 10 5 7 340
1 10 5 14 302
1 12 5 1 562
1 12 5 7 398
1 12 5 14 516
1 15 5 1 172
1 15 5 7 24
1 15 5 14 116
1 3 6 2 204
1 3 6 4 1278
1 3 6 13 220
1 5 6 2 740
1 5 6 4 548
1 5 6 13 406
1 9 6 2 336
1 9 6 4 682
1 9 6 13 268
1 10 6 2 622
1 10 6 4 390
1 10 6 13 398
1 12 6 2 140
1 12 6 4 200
1 12 6 13 748
1 15 6 2 336
1 15 6 4 74
1 15 6 13 280
1 3 7 3 606
1 3 7 5 590
1 3 7 12 66
1 5 7 3 138
1 5 7 5 510
1 5 7 12 144
1 9 7 3 700
1 9 7 5 332
1 9 7 12 10
1 10 7 3 290
1 10 7 5 372
1 10 7 12 206
1 12 7 3 74
1 12 7 5 324
1 12 7 12 850
1 15 7 3 368
1 15 7 5 746
1 15 7 12 540
1 3 8 3 202
1 3 8 10 20
1 3 8 12 16
1 5 8 3 424
1 5 8 10 158
1 5 8 12 64
1 9 8 3 352
1 9 8 10 392
1 9 8 12 1172
1 10 8 3 768
1 10 8 10 288
1 10 8 12 250
1 12 8 3 320
1 12 8 10 20
1 12 8 12 66
1 15 8 3 216
1 15 8 10 642
1 15 8 12 478
1 3 9 2 520
1 3 9 11 220
1 3 9 13 0
1 5 9 2 98
1 5 9 11 98
1 5 9 13 270
1 9 9 2 382
1 9 9 11 104
1 9 9 13 596
1 10 9 2 686
1 10 9 11 62
1 10 9 13 242
1 12 9 2 114
1 12 9 11 276
1 12 9 13 490
1 15 9 2 690
1 15 9 11 224
1 15 9 13 1112
1 3 10 1 188
1 3 10 8 954
1 3 10 14 100
1 5 10 1 338
1 5 10 8 960
1 5 10 14 900
1 9 10 1 280
1 9 10 8 78
1 9 10 14 344
1 10 10 1 430
1 10 10 8 464
1 10 10 14 206
1 12 10 1 160
1 12 10 8 208
1 12 10 14 604
1 15 10 1 396
1 15 10 8 202
1 15 10 14 710
1 3 11 0 608
1 3 11 9 54
1 3 11 15 798
1 5 11 0 442
1 5 11 9 274
1 5 11 15 102
1 9 11 0 660
1 9 11 9 66
1 9 11 15 324
1 10 11 0 774
1 10 11 9 398
1 10 11 15 80
1 12 11 0 616
1 12 11 9 690
1 12 11 15 196
1 15 11 0 352
1 15 11 9 414
1 15 11 15 340
1 3 12 7 164
1 3 12 8 28
1 3 12 14 140
1 5 12 7 860
1 5 12 8 634
1 5 12 14 52
1 9 12 7 338
1 9 12 8 1168
1 9 12 14 402
1 10 12 7 1092
1 10 12 8 532
1 10 12 14 18
1 12 12 7 2
1 12 12 8 334
1 12 12 14 266
1 15 12 7 286
1 15 12 8 670
1 15 12 14 404
1 3 13 6 26
1 3 13 9 438
1 3 13 15 518
1 5 13 6 314
1 5 13 9 704
1 5 13 15 172
1 9 13 6 738
1 9 13 9 90
1 9 13 15 578
1 10 13 6 242
1 10 13 9 142
1 10 13 15 330
1 12 13 6 184
1 12 13 9 240
1 12 13 15 154
1 15 13 6 28
1 15 13 9 428
1 15 13 15 156
1 3 14 5 130
1 3 14 10 842
1 3 14 12 740
1 5 14 5 392
1 5 14 10 1068
1 5 14 12 316
1 9 14 5 260
1 9 14 10 508
1 9 14 12 1006
1 10 14 5 66
1 10 14 10 282
1 10 14 12 54
1 12 14 5 606
1 12 14 10 780
1 12 14 12 220
1 15 14 5 584
1 15 14 10 664
1 15 14 12 1110
1 3 15 4 910
1 3 15 11 1350
1 3 15 13 334
1 5 15 4 18
1 5 15 11 612
1 5 15 13 460
1 9 15 4 204
1 9 15 11 1538
1 9 15 13 578
1 10 15 4 538
1 10 15 11 726
1 10 15 13 34
1 12 15 4 662
1 12 15 11 600
1 12 15 13 686
1 15 15 4 704
1 15 15 11 588
1 15 15 13 560
2 6 0 2 160
2 6 0 4 1502
2 6 0 11 418
2 9 0 2 92
2 9 0 4 248
2 9 0 11 418
2 10 0 2 1614
2 10 0 4 422
2 10 0 11 266
2 12 0 2 358
2 12 0 4 318
2 12 0 11 1062
2 15 0 2 270
2 15 0 4 774
2 15 0 11 130
2 6 1 3 830
2 6 1 5 982
2 6 1 10 1000
2 9 1 3 524
2 9 1 5 178
2 9 1 10 632
2 10 1 3 80
2 10 1 5 106
2 10 1 10 214
2 12 1 3 178
2 12 1 5 206
2 12 1 10 398
2 15 1 3 808
2 15 1 5 958
2 15 1 10 420
2 6 2 0 1040
2 6 2 6 770
2 6 2 9 106
2 9 2 0 522
2 9 2 6 774
2 9 2 9 1202
2 10 2 0 144
2 10 2 6 736
2 10 2 9 574
2 12 2 0 404
2 12 2 6 218
2 12 2 9 604
2 15 2 0 574
2 15 2 6 310
2 15 2 9 16
2 6 3 1 834
2 6 3 7 966
2 6 3 8 588
2 9 3 1 270
2 9 3 7 442
2 9 3 8 126
2 10 3 1 82
2 10 3 7 152
2 10 3 8 572
2 12 3 1 344
2 12 3 7 98
2 12 3 8 252
2 15 3 1 456
2 15 3 7 1122
2 15 3 8 114
2 6 4 0 150
2 6 4 6 474
2 6 4 15 712
2 9 4 0 8
2 9 4 6 80
2 9 4 15 134
2 10 4 0 524
2 10 4 6 6
2 10 4 15 164
2 12 4 0 316
2 12 4 6 308
2 12 4 15 444
2 15 4 0 450
2 15 4 6 140
2 15 4 15 150
2 6 5 1 156
2 6 5 7 480
2 6 5 14 464
2 9 5 1 108
2 9 5 7 68
2 9 5 14 450
2 10 5 1 360
2 10 5 7 954
2 10 5 14 56
2 12 5 1 376
2 12 5 7 478
2 12 5 14 258
2 15 5 1 90
2 15 5 7 120
2 15 5 14 210
2 6 6 2 184
2 6 6 4 348
2 6 6 13 530
2 9 6 2 98
2 9 6 4 790
2 9 6 13 930
2 10 6 2 178
2 10 6 4 304
2 10 6 13 238
2 12 6 2 372
2 12 6 4 188
2 12 6 13 846
2 15 6 2 784
2 15 6 4 804
2 15 6 13 750
2 6 7 3 1136
2 6 7 5 294
2 6 7 12 1012
2 9 7 3 562
2 9 7 5 296
2 9 7 12 466
2 10 7 3 154
2 10 7 5 64
2 10 7 12 278
2 12 7 3 884
2 12 7 5 522
2 12 7 12 260
2 15 7 3 118
2 15 7 5 144
2 15 7 12 630
2 6 8 3 436
2 6 8 10 440
2 6 8 12 386
2 9 8 3 26
2 9 8 10 1494
2 9 8 12 770
2 10 8 3 76
2 10 8 10 20
2 10 8 12 194
2 12 8 3 172
2 12 8 10 238
2 12 8 12 402
2 15 8 3 316
2 15 8 10 1362
2 15 8 12 528
2 6 9 2 266
2 6 9 11 792
2 6 9 13 62
2 9 9 2 28
2 9 9 11 238
2 9 9 13 628
2 10 9 2 614
2 10 9 11 478
2 10 9 13 568
2 12 9 2 326
2 12 9 11 304
2 12 9 13 406
2 15 9 2 120
2 15 9 11 1026
2 15 9 13 652
2 6 10 1 216
2 6 10 8 316
2 6 10 14 138
2 9 10 1 238
2 9 10 8 452
2 9 10 14 454
2 10 10 1 106
2 10 10 8 116
2 10 10 14 430
2 12 10 1 678
2 12 10 8 402
2 12 10 14 18
2 15 10 1 184
2 15 10 8 672
2 15 10 14 464
2 6 11 0 446
2 6 11 9 794
2 6 11 15 154
2 9 11 0 998
2 9 11 9 466
2 9 11 15 118
2 10 11 0 896
2 10 11 9 72
2 10 11 15 432
2 12 11 0 724
2 12 11 9 276
2 12 11 15 852
2 15 11 0 290
2 15 11 9 314
2 15 11 15 1012
2 6 12 7 120
2 6 12 8 32
2 6 12 14 846
2 9 12 7 654
2 9 12 8 262
2 9 12 14 258
2 10 12 7 906
2 10 12 8 1212
2 10 12 14 270
2 12 12 7 390
2 12 12 8 36
2 12 12 14 970
2 15 12 7 188
2 15 12 8 168
2 15 12 14 410
2 6 13 6 186
2 6 13 9 132
2 6 13 15 714
2 9 13 6 106
2 9 13 9 202
2 9 13 15 82
2 10 13 6 396
2 10 13 9 66
2 10 13 15 42
2 12 13 6 404
2 12 13 9 376
2 12 13 15 226
2 15 13 6 660
2 15 13 9 1002
2 15 13 15 130
2 6 14 5 266
2 6 14 10 314
2 6 14 12 30
2 9 14 5 672
2 9 14 10 460
2 9 14 12 734
2 10 14 5 616
2 10 14 10 208
2 10 14 12 352
2 12 14 5 192
2 12 14 10 268
2 12 14 12 284
2 15 14 5 318
2 15 14 10 172
2 15 14 12 102
2 6 15 4 590
2 6 15 11 298
2 6 15 13 732
2 9 15 4 358
2 9 15 11 502
2 9 15 13 1192
2 10 15 4 654
2 10 15 11 1016
2 10 15 13 170
2 12 15 4 646
2 12 15 11 172
2 12 15 13 162
2 15 15 4 576
2 15 15 11 78
2 15 15 13 38
3 7 0 2 646
3 7 0 4 90
3 7 0 11 524
3 8 0 2 190
3 8 0 4 592
3 8 0 11 156
3 11 0 2 1208
3 11 0 4 508
3 11 0 11 406
3 13 0 2 12
3 13 0 4 288
3 13 0 11 434
3 14 0 2 18
3 14 0 4 596
3 14 0 11 498
3 7 1 3 406
3 7 1 5 910
3 7 1 10 406
3 8 1 3 958
3 8 1 5 576
3 8 1 10 652
3 11 1 3 316
3 11 1 5 490
3 11 1 10 142
3 13 1 3 514
3 13 1 5 220
3 13 1 10 250
3 14 1 3 994
3 14 1 5 90
3 14 1 10 252
3 7 2 0 682
3 7 2 6 492
3 7 2 9 466
3 8 2 0 96
3 8 2 6 352
3 8 2 9 116
3 11 2 0 794
3 11 2 6 320
3 11 2 9 30
3 13 2 0 102
3 13 2 6 1108
3 13 2 9 514
3 14 2 0 592
3 14 2 6 342
3 14 2 9 78
3 7 3 1 72
3 7 3 7 44
3 7 3 8 144
3 8 3 1 398
3 8 3 7 728
3 8 3 8 166
3 11 3 1 364
3 11 3 7 1110
3 11 3 8 780
3 13 3 1 634
3 13 3 7 172
3 13 3 8 332
3 14 3 1 106
3 14 3 7 1334
3 14 3 8 1110
3 7 4 0 30
3 7 4 6 304
3 7 4 15 140
3 8 4 0 296
3 8 4 6 56
3 8 4 15 52
3 11 4 0 314
3 11 4 6 416
3 11 4 15 258
3 13 4 0 478
3 13 4 6 644
3 13 4 15 732
3 14 4 0 586
3 14 4 6 212
3 14 4 15 826
3 7 5 1 774
3 7 5 7 76
3 7 5 14 126
3 8 5 1 338
3 8 5 7 296
3 8 5 14 216
3 11 5 1 66
3 11 5 7 1370
3 11 5 14 124
3 13 5 1 468
3 13 5 7 106
3 13 5 14 110
3 14 5 1 678
3 14 5 7 56
3 14 5 14 152
3 7 6 2 414
3 7 6 4 344
3 7 6 13 64
3 8 6 2 966
3 8 6 4 1098
3 8 6 13 66
3 11 6 2 390
3 11 6 4 698
3 11 6 13 198
3 13 6 2 602
3 13 6 4 564
3 13 6 13 570
3 14 6 2 152
3 14 6 4 194
3 14 6 13 686
3 7 7 3 130
3 7 7 5 96
3 7 7 12 292
3 8 7 3 170
3 8 7 5 504
3 8 7 12 32
3 11 7 3 252
3 11 7 5 50
3 11 7 12 554
3 13 7 3 1052
3 13 7 5 658
3 13 7 12 744
3 14 7 3 726
3 14 7 5 216
3 14 7 12 490
3 7 8 3 1188
3 7 8 10 118
3 7 8 12 524
3 8 8 3 74
3 8 8 10 334
3 8 8 12 618
3 11 8 3 966
3 11 8 10 264
3 11 8 12 498
3 13 8 3 1462
3 13 8 10 360
3 13 8 12 424
3 14 8 3 286
3 14 8 10 340
3 14 8 12 294
3 7 9 2 744
3 7 9 11 370
3 7 9 13 322
3 8 9 2 716
3 8 9 11 986
3 8 9 13 196
3 11 9 2 324
3 11 9 11 170
3 11 9 13 64
3 13 9 2 506
3 13 9 11 378
3 13 9 13 674
3 14 9 2 602
3 14 9 11 384
3 14 9 13 312
3 7 10 1 462
3 7 10 8 160
3 7 10 14 424
3 8 10 1 104
3 8 10 8 40
3 8 10 14 164
3 11 10 1 544
3 11 10 8 16
3 11 10 14 238
3 13 10 1 716
3 13 10 8 20
3 13 10 14 842
3 14 10 1 480
3 14 10 8 32
3 14 10 14 1084
3 7 11 0 382
3 7 11 9 164
3 7 11 15 688
3 8 11 0 300
3 8 11 9 1022
3 8 11 15 858
3 11 11 0 290
3 11 11 9 896
3 11 11 15 314
3 13 11 0 104
3 13 11 9 104
3 13 11 15 528
3 14 11 0 24
3 14 11 9 636
3 14 11 15 424
3 7 12 7 52
3 7 12 8 32
3 7 12 14 172
3 8 12 7 492
3 8 12 8 342
3 8 12 14 724
3 11 12 7 472
3 11 12 8 370
3 11 12 14 186
3 13 12 7 128
3 13 12 8 222
3 13 12 14 850
3 14 12 7 540
3 14 12 8 86
3 14 12 14 2
3 7 13 6 628
3 7 13 9 146
3 7 13 15 122
3 8 13 6 406
3 8 13 9 772
3 8 13 15 1170
3 11 13 6 796
3 11 13 9 148
3 11 13 15 202
3 13 13 6 26
3 13 13 9 372
3 13 13 15 238
3 14 13 6 40
3 14 13 9 846
3 14 13 15 684
3 7 14 5 282
3 7 14 10 196
3 7 14 12 426
3 8 14 5 288
3 8 14 10 868
3 8 14 12 256
3 11 14 5 332
3 11 14 10 974
3 11 14 12 528
3 13 14 5 460
3 13 14 10 630
3 13 14 12 86
3 14 14 5 314
3 14 14 10 1004
3 14 14 12 292
3 7 15 4 638
3 7 15 11 776
3 7 15 13 32
3 8 15 4 168
3 8 15 11 648
3 8 15 13 568
3 11 15 4 570
3 11 15 11 30
3 11 15 13 558
3 13 15 4 258
3 13 15 11 822
3 13 15 13 230
3 14 15 4 382
3 14 15 11 206
3 14 15 13 228
4 6 0 2 960
4 6 0 4 410
4 6 0 11 362
4 9 0 2 430
4 9 0 4 1142
4 9 0 11 238
4 10 0 2 386
4 10 0 4 272
4 10 0 11 256
4 12 0 2 100
4 12 0 4 400
4 12 0 11 406
4 15 0 2 654
4 15 0 4 266
4 15 0 11 46
4 6 1 3 94
4 6 1 5 510
4 6 1 10 550
4 9 1 3 858
4 9 1 5 222
4 9 1 10 46
4 10 1 3 138
4 10 1 5 80
4 10 1 10 440
4 12 1 3 140
4 12 1 5 454
4 12 1 10 470
4 15 1 3 70
4 15 1 5 86
4 15 1 10 230
4 6 2 0 130
4 6 2 6 54
4 6 2 9 228
4 9 2 0 452
4 9 2 6 696
4 9 2 9 930
4 10 2 0 762
4 10 2 6 538
4 10 2 9 470
4 12 2 0 160
4 12 2 6 180
4 12 2 9 254
4 15 2 0 46
4 15 2 6 78
4 15 2 9 390
4 6 3 1 484
4 6 3 7 380
4 6 3 8 766
4 9 3 1 196
4 9 3 7 430
4 9 3 8 120
4 10 3 1 346
4 10 3 7 604
4 10 3 8 224
4 12 3 1 60
4 12 3 7 0
4 12 3 8 248
4 15 3 1 1256
4 15 3 7 668
4 15 3 8 196
4 6 4 0 770
4 6 4 6 256
4 6 4 15 132
4 9 4 0 14
4 9 4 6 604
4 9 4 15 590
4 10 4 0 100
4 10 4 6 270
4 10 4 15 60
4 12 4 0 262
4 12 4 6 84
4 12 4 15 214
4 15 4 0 148
4 15 4 6 1110
4 15 4 15 180
4 6 5 1 446
4 6 5 7 582
4 6 5 14 834
4 9 5 1 430
4 9 5 7 66
4 9 5 14 416
4 10 5 1 248
4 10 5 7 352
4 10 5 14 676
4 12 5 1 428
4 12 5 7 772
4 12 5 14 80
4 15 5 1 516
4 15 5 7 666
4 15 5 14 584
4 6 6 2 426
4 6 6 4 324
4 6 6 13 666
4 9 6 2 428
4 9 6 4 188
4 9 6 13 224
4 10 6 2 664
4 10 6 4 282
4 10 6 13 96
4 12 6 2 532
4 12 6 4 670
4 12 6 13 594
4 15 6 2 392
4 15 6 4 494
4 15 6 13 762
4 6 7 3 344
4 6 7 5 898
4 6 7 12 248
4 9 7 3 96
4 9 7 5 274
4 9 7 12 400
4 10 7 3 306
4 10 7 5 256
4 10 7 12 896
4 12 7 3 338
4 12 7 5 258
4 12 7 12 390
4 15 7 3 890
4 15 7 5 296
4 15 7 12 332
4 6 8 3 152
4 6 8 10 734
4 6 8 12 754
4 9 8 3 760
4 9 8 10 436
4 9 8 12 172
4 10 8 3 344
4 10 8 10 432
4 10 8 12 438
4 12 8 3 254
4 12 8 10 712
4 12 8 12 572
4 15 8 3 18
4 15 8 10 98
4 15 8 12 416
4 6 9 2 62
4 6 9 11 400
4 6 9 13 326
4 9 9 2 928
4 9 9 11 22
4 9 9 13 90
4 10 9 2 750
4 10 9 11 72
4 10 9 13 1056
4 12 9 2 530
4 12 9 11 116
4 12 9 13 506
4 15 9 2 420
4 15 9 11 452
4 15 9 13 254
4 6 10 1 180
4 6 10 8 956
4 6 10 14 996
4 9 10 1 322
4 9 10 8 582
4 9 10 14 322
4 10 10 1 310
4 10 10 8 210
4 10 10 14 434
4 12 10 1 286
4 12 10 8 1422
4 12 10 14 646
4 15 10 1 64
4 15 10 8 286
4 15 10 14 356
4 6 11 0 986
4 6 11 9 412
4 6 11 15 10
4 9 11 0 320
4 9 11 9 628
4 9 11 15 34
4 10 11 0 0
4 10 11 9 148
4 10 11 15 234
4 12 11 0 108
4 12 11 9 966
4 12 11 15 780
4 15 11 0 78
4 15 11 9 416
4 15 11 15 508
4 6 12 7 176
4 6 12 8 110
4 6 12 14 206
4 9 12 7 100
4 9 12 8 254
4 9 12 14 342
4 10 12 7 8
4 10 12 8 750
4 10 12 14 78
4 12 12 7 308
4 12 12 8 430
4 12 12 14 206
4 15 12 7 218
4 15 12 8 150
4 15 12 14 680
4 6 13 6 126
4 6 13 9 48
4 6 13 15 890
4 9 13 6 50
4 9 13 9 112
4 9 13 15 574
4 10 13 6 220
4 10 13 9 226
4 10 13 15 198
4 12 13 6 116
4 12 13 9 1372
4 12 13 15 302
4 15 13 6 552
4 15 13 9 950
4 15 13 15 162
4 6 14 5 30
4 6 14 10 32
4 6 14 12 622
4 9 14 5 498
4 9 14 10 484
4 9 14 12 388
4 10 14 5 246
4 10 14 10 310
4 10 14 12 604
4 12 14 5 118
4 12 14 10 32
4 12 14 12 112
4 15 14 5 20
4 15 14 10 904
4 15 14 12 566
4 6 15 4 712
4 6 15 11 660
4 6 15 13 626
4 9 15 4 146
4 9 15 11 454
4 9 15 13 98
4 10 15 4 312
4 10 15 11 338
4 10 15 13 524
4 12 15 4 36
4 12 15 11 172
4 12 15 13 476
4 15 15 4 1050
4 15 15 11 654
4 15 15 13 190
5 7 0 2 898
5 7 0 4 330
5 7 0 11 122
5 8 0 2 260
5 8 0 4 714
5 8 0 11 12
5 11 0 2 412
5 11 0 4 1112
5 11 0 11 826
5 13 0 2 124
5 13 0 4 352
5 13 0 11 674
5 14 0 2 344
5 14 0 4 766
5 14 0 11 556
5 7 1 3 168
5 7 1 5 212
5 7 1 10 572
5 8 1 3 426
5 8 1 5 134
5 8 1 10 190
5 11 1 3 1058
5 11 1 5 1006
5 11 1 10 198
5 13 1 3 188
5 13 1 5 394
5 13 1 10 174
5 14 1 3 86
5 14 1 5 92
5 14 1 10 476
5 7 2 0 530
5 7 2 6 560
5 7 2 9 898
5 8 2 0 556
5 8 2 6 58
5 8 2 9 376
5 11 2 0 148
5 11 2 6 586
5 11 2 9 232
5 13 2 0 122
5 13 2 6 142
5 13 2 9 276
5 14 2 0 588
5 14 2 6 46
5 14 2 9 304
5 7 3 1 528
5 7 3 7 592
5 7 3 8 564
5 8 3 1 442
5 8 3 7 154
5 8 3 8 524
5 11 3 1 64
5 11 3 7 182
5 11 3 8 512
5 13 3 1 548
5 13 3 7 894
5 13 3 8 784
5 14 3 1 550
5 14 3 7 152
5 14 3 8 384
5 7 4 0 310
5 7 4 6 582
5 7 4 15 0
5 8 4 0 542
5 8 4 6 134
5 8 4 15 6
5 11 4 0 612
5 11 4 6 4
5 11 4 15 1164
5 13 4 0 830
5 13 4 6 24
5 13 4 15 50
5 14 4 0 96
5 14 4 6 200
5 14 4 15 268
5 7 5 1 864
5 7 5 7 138
5 7 5 14 346
5 8 5 1 990
5 8 5 7 382
5 8 5 14 348
5 11 5 1 374
5 11 5 7 348
5 11 5 14 364
5 13 5 1 158
5 13 5 7 598
5 13 5 14 50
5 14 5 1 372
5 14 5 7 434
5 14 5 14 418
5 7 6 2 512
5 7 6 4 250
5 7 6 13 6
5 8 6 2 304
5 8 6 4 632
5 8 6 13 402
5 11 6 2 298
5 11 6 4 304
5 11 6 13 416
5 13 6 2 764
5 13 6 4 6
5 13 6 13 292
5 14 6 2 988
5 14 6 4 518
5 14 6 13 70
5 7 7 3 248
5 7 7 5 42
5 7 7 12 132
5 8 7 3 926
5 8 7 5 412
5 8 7 12 202
5 11 7 3 1026
5 11 7 5 254
5 11 7 12 124
5 13 7 3 1124
5 13 7 5 414
5 13 7 12 584
5 14 7 3 568
5 14 7 5 206
5 14 7 12 82
5 7 8 3 82
5 7 8 10 14
5 7 8 12 124
5 8 8 3 120
5 8 8 10 834
5 8 8 12 584
5 11 8 3 682
5 11 8 10 412
5 11 8 12 238
5 13 8 3 370
5 13 8 10 600
5 13 8 12 324
5 14 8 3 466
5 14 8 10 576
5 14 8 12 4
5 7 9 2 504
5 7 9 11 208
5 7 9 13 1058
5 8 9 2 86
5 8 9 11 408
5 8 9 13 182
5 11 9 2 242
5 11 9 11 560
5 11 9 13 24
5 13 9 2 144
5 13 9 11 326
5 13 9 13 224
5 14 9 2 366
5 14 9 11 252
5 14 9 13 386
5 7 10 1 508
5 7 10 8 1056
5 7 10 14 408
5 8 10 1 186
5 8 10 8 24
5 8 10 14 780
5 11 10 1 34
5 11 10 8 472
5 11 10 14 212
5 13 10 1 532
5 13 10 8 150
5 13 10 14 158
5 14 10 1 542
5 14 10 8 54
5 14 10 14 448
5 7 11 0 794
5 7 11 9 442
5 7 11 15 804
5 8 11 0 878
5 8 11 9 280
5 8 11 15 10
5 11 11 0 118
5 11 11 9 452
5 11 11 15 682
5 13 11 0 392
5 13 11 9 460
5 13 11 15 784
5 14 11 0 724
5 14 11 9 384
5 14 11 15 26
5 7 12 7 900
5 7 12 8 824
5 7 12 14 694
5 8 12 7 532
5 8 12 8 690
5 8 12 14 124
5 11 12 7 748
5 11 12 8 206
5 11 12 14 430
5 13 12 7 28
5 13 12 8 490
5 13 12 14 242
5 14 12 7 686
5 14 12 8 300
5 14 12 14 378
5 7 13 6 38
5 7 13 9 4
5 7 13 15 212
5 8 13 6 1106
5 8 13 9 438
5 8 13 15 606
5 11 13 6 218
5 11 13 9 662
5 11 13 15 118
5 13 13 6 4
5 13 13 9 202
5 13 13 15 836
5 14 13 6 478
5 14 13 9 332
5 14 13 15 588
5 7 14 5 222
5 7 14 10 362
5 7 14 12 330
5 8 14 5 64
5 8 14 10 498
5 8 14 12 586
5 11 14 5 760
5 11 14 10 300
5 11 14 12 276
5 13 14 5 64
5 13 14 10 212
5 13 14 12 676
5 14 14 5 294
5 14 14 10 332
5 14 14 12 190
5 7 15 4 130
5 7 15 11 224
5 7 15 13 976
5 8 15 4 418
5 8 15 11 146
5 8 15 13 10
5 11 15 4 166
5 11 15 11 108
5 11 15 13 4
5 13 15 4 328
5 13 15 11 134
5 13 15 13 272
5 14 15 4 1202
5 14 15 11 222
5 14 15 13 70
6 8 0 2 142
6 8 0 4 382
6 8 0 11 108
6 11 0 2 282
6 11 0 4 884
6 11 0 11 206
6 13 0 2 134
6 13 0 4 40
6 13 0 11 84
6 14 0 2 284
6 14 0 4 1314
6 14 0 11 256
6 8 1 3 682
6 8 1 5 48
6 8 1 10 214
6 11 1 3 568
6 11 1 5 642
6 11 1 10 80
6 13 1 3 186
6 13 1 5 170
6 13 1 10 500
6 14 1 3 336
6 14 1 5 466
6 14 1 10 896
6 8 2 0 228
6 8 2 6 308
6 8 2 9 474
6 11 2 0 586
6 11 2 6 196
6 11 2 9 416
6 13 2 0 32
6 13 2 6 440
6 13 2 9 110
6 14 2 0 62
6 14 2 6 184
6 14 2 9 86
6 8 3 1 1060
6 8 3 7 786
6 8 3 8 366
6 11 3 1 614
6 11 3 7 672
6 11 3 8 356
6 13 3 1 688
6 13 3 7 62
6 13 3 8 406
6 14 3 1 372
6 14 3 7 276
6 14 3 8 132
6 8 4 0 302
6 8 4 6 94
6 8 4 15 406
6 11 4 0 382
6 11 4 6 268
6 11 4 15 4
6 13 4 0 424
6 13 4 6 674
6 13 4 15 230
6 14 4 0 144
6 14 4 6 610
6 14 4 15 462
6 8 5 1 672
6 8 5 7 254
6 8 5 14 108
6 11 5 1 50
6 11 5 7 120
6 11 5 14 540
6 13 5 1 358
6 13 5 7 708
6 13 5 14 414
6 14 5 1 388
6 14 5 7 156
6 14 5 14 126
6 8 6 2 422
6 8 6 4 666
6 8 6 13 64
6 11 6 2 418
6 11 6 4 560
6 11 6 13 264
6 13 6 2 148
6 13 6 4 454
6 13 6 13 84
6 14 6 2 644
6 14 6 4 846
6 14 6 13 180
6 8 7 3 1012
6 8 7 5 132
6 8 7 12 664
6 11 7 3 1188
6 11 7 5 824
6 11 7 12 344
6 13 7 3 606
6 13 7 5 204
6 13 7 12 308
6 14 7 3 302
6 14 7 5 112
6 14 7 12 1034
6 8 8 3 642
6 8 8 10 326
6 8 8 12 404
6 11 8 3 1482
6 11 8 10 1172
6 11 8 12 254
6 13 8 3 90
6 13 8 10 678
6 13 8 12 492
6 14 8 3 498
6 14 8 10 554
6 14 8 12 510
6 8 9 2 542
6 8 9 11 98
6 8 9 13 590
6 11 9 2 344
6 11 9 11 652
6 11 9 13 1314
6 13 9 2 960
6 13 9 11 478
6 13 9 13 580
6 14 9 2 402
6 14 9 11 186
6 14 9 13 622
6 8 10 1 360
6 8 10 8 400
6 8 10 14 494
6 11 10 1 268
6 11 10 8 620
6 11 10 14 178
6 13 10 1 512
6 13 10 8 868
6 13 10 14 1318
6 14 10 1 88
6 14 10 8 160
6 14 10 14 72
6 8 11 0 168
6 8 11 9 224
6 8 11 15 42
6 11 11 0 216
6 11 11 9 10
6 11 11 15 92
6 13 11 0 430
6 13 11 9 40
6 13 11 15 490
6 14 11 0 394
6 14 11 9 778
6 14 11 15 386
6 8 12 7 46
6 8 12 8 932
6 8 12 14 58
6 11 12 7 312
6 11 12 8 468
6 11 12 14 70
6 13 12 7 130
6 13 12 8 342
6 13 12 14 456
6 14 12 7 296
6 14 12 8 98
6 14 12 14 452
6 8 13 6 508
6 8 13 9 728
6 8 13 15 610
6 11 13 6 568
6 11 13 9 682
6 11 13 15 628
6 13 13 6 442
6 13 13 9 430
6 13 13 15 88
6 14 13 6 224
6 14 13 9 54
6 14 13 15 234
6 8 14 5 88
6 8 14 10 84
6 8 14 12 122
6 11 14 5 534
6 11 14 10 928
6 11 14 12 248
6 13 14 5 132
6 13 14 10 596
6 13 14 12 36
6 14 14 5 318
6 14 14 10 250
6 14 14 12 176
6 8 15 4 454
6 8 15 11 624
6 8 15 13 622
6 11 15 4 516
6 11 15 11 912
6 11 15 13 262
6 13 15 4 304
6 13 15 11 216
6 13 15 13 238
6 14 15 4 196
6 14 15 11 32
6 14 15 13 812
7 9 0 2 170
7 9 0 4 150
7 9 0 11 192
7 10 0 2 558
7 10 0 4 124
7 10 0 11 522
7 12 0 2 314
7 12 0 4 430
7 12 0 11 498
7 15 0 2 174
7 15 0 4 340
7 15 0 11 64
7 9 1 3 606
7 9 1 5 216
7 9 1 10 394
7 10 1 3 176
7 10 1 5 216
7 10 1 10 1332
7 12 1 3 406
7 12 1 5 60
7 12 1 10 52
7 15 1 3 288
7 15 1 5 74
7 15 1 10 126
7 9 2 0 272
7 9 2 6 284
7 9 2 9 418
7 10 2 0 992
7 10 2 6 424
7 10 2 9 380
7 12 2 0 784
7 12 2 6 560
7 12 2 9 530
7 15 2 0 114
7 15 2 6 636
7 15 2 9 580
7 9 3 1 570
7 9 3 7 524
7 9 3 8 108
7 10 3 1 402
7 10 3 7 314
7 10 3 8 402
7 12 3 1 362
7 12 3 7 92
7 12 3 8 4
7 15 3 1 832
7 15 3 7 508
7 15 3 8 294
7 9 4 0 434
7 9 4 6 420
7 9 4 15 264
7 10 4 0 322
7 10 4 6 136
7 10 4 15 632
7 12 4 0 928
7 12 4 6 584
7 12 4 15 1240
7 15 4 0 998
7 15 4 6 310
7 15 4 15 448
7 9 5 1 238
7 9 5 7 144
7 9 5 14 820
7 10 5 1 910
7 10 5 7 150
7 10 5 14 80
7 12 5 1 268
7 12 5 7 234
7 12 5 14 20
7 15 5 1 1438
7 15 5 7 16
7 15 5 14 632
7 9 6 2 1130
7 9 6 4 196
7 9 6 13 400
7 10 6 2 374
7 10 6 4 236
7 10 6 13 1078
7 12 6 2 418
7 12 6 4 116
7 12 6 13 586
7 15 6 2 614
7 15 6 4 36
7 15 6 13 1200
7 9 7 3 736
7 9 7 5 1290
7 9 7 12 624
7 10 7 3 88
7 10 7 5 788
7 10 7 12 1098
7 12 7 3 402
7 12 7 5 828
7 12 7 12 340
7 15 7 3 706
7 15 7 5 792
7 15 7 12 432
7 9 8 3 100
7 9 8 10 68
7 9 8 12 634
7 10 8 3 418
7 10 8 10 1224
7 10 8 12 486
7 12 8 3 128
7 12 8 10 148
7 12 8 12 64
7 15 8 3 102
7 15 8 10 180
7 15 8 12 476
7 9 9 2 320
7 9 9 11 90
7 9 9 13 292
7 10 9 2 310
7 10 9 11 1192
7 10 9 13 268
7 12 9 2 758
7 12 9 11 874
7 12 9 13 268
7 15 9 2 386
7 15 9 11 686
7 15 9 13 714
7 9 10 1 780
7 9 10 8 236
7 9 10 14 514
7 10 10 1 750
7 10 10 8 412
7 10 10 14 164
7 12 10 1 344
7 12 10 8 396
7 12 10 14 560
7 15 10 1 40
7 15 10 8 576
7 15 10 14 320
7 9 11 0 564
7 9 11 9 0
7 9 11 15 90
7 10 11 0 546
7 10 11 9 662
7 10 11 15 114
7 12 11 0 154
7 12 11 9 480
7 12 11 15 524
7 15 11 0 364
7 15 11 9 92
7 15 11 15 708
7 9 12 7 524
7 9 12 8 1120
7 9 12 14 490
7 10 12 7 342
7 10 12 8 338
7 10 12 14 172
7 12 12 7 370
7 12 12 8 380
7 12 12 14 142
7 15 12 7 148
7 15 12 8 214
7 15 12 14 254
7 9 13 6 500
7 9 13 9 198
7 9 13 15 444
7 10 13 6 274
7 10 13 9 730
7 10 13 15 1180
7 12 13 6 280
7 12 13 9 608
7 12 13 15 120
7 15 13 6 400
7 15 13 9 118
7 15 13 15 682
7 9 14 5 26
7 9 14 10 14
7 9 14 12 312
7 10 14 5 486
7 10 14 10 470
7 10 14 12 638
7 12 14 5 120
7 12 14 10 192
7 12 14 12 160
7 15 14 5 506
7 15 14 10 420
7 15 14 12 588
7 9 15 4 626
7 9 15 11 232
7 9 15 13 286
7 10 15 4 258
7 10 15 11 546
7 10 15 13 158
7 12 15 4 436
7 12 15 11 308
7 12 15 13 628
7 15 15 4 46
7 15 15 11 374
7 15 15 13 306
8 10 0 2 182
8 10 0 4 436
8 10 0 11 490
8 12 0 2 424
8 12 0 4 840
8 12 0 11 600
8 10 1 3 274
8 10 1 5 468
8 10 1 10 88
8 12 1 3 74
8 12 1 5 518
8 12 1 10 22
8 10 2 0 34
8 10 2 6 776
8 10 2 9 480
8 12 2 0 1324
8 12 2 6 932
8 12 2 9 112
8 10 3 1 272
8 10 3 7 1052
8 10 3 8 342
8 12 3 1 1252
8 12 3 7 326
8 12 3 8 764
8 10 4 0 1044
8 10 4 6 1044
8 10 4 15 170
8 12 4 0 198
8 12 4 6 668
8 12 4 15 946
8 10 5 1 520
8 10 5 7 254
8 10 5 14 458
8 12 5 1 196
8 12 5 7 592
8 12 5 14 72
8 10 6 2 804
8 10 6 4 1036
8 10 6 13 522
8 12 6 2 680
8 12 6 4 94
8 12 6 13 572
8 10 7 3 736
8 10 7 5 782
8 10 7 12 286
8 12 7 3 532
8 12 7 5 370
8 12 7 12 1686
8 10 8 3 990
8 10 8 10 386
8 10 8 12 678
8 12 8 3 456
8 12 8 10 96
8 12 8 12 868
8 10 9 2 284
8 10 9 11 656
8 10 9 13 286
8 12 9 2 360
8 12 9 11 430
8 12 9 13 662
8 10 10 1 738
8 10 10 8 950
8 10 10 14 38
8 12 10 1 240
8 12 10 8 18
8 12 10 14 1386
8 10 11 0 584
8 10 11 9 164
8 10 11 15 442
8 12 11 0 730
8 12 11 9 16
8 12 11 15 342
8 10 12 7 360
8 10 12 8 138
8 10 12 14 158
8 12 12 7 174
8 12 12 8 828
8 12 12 14 110
8 10 13 6 192
8 10 13 9 20
8 10 13 15 224
8 12 13 6 178
8 12 13 9 470
8 12 13 15 128
8 10 14 5 82
8 10 14 10 524
8 10 14 12 824
8 12 14 5 766
8 12 14 10 138
8 12 14 12 44
8 10 15 4 196
8 10 15 11 370
8 10 15 13 386
8 12 15 4 358
8 12 15 11 240
8 12 15 13 790
9 11 0 2 564
9 11 0 4 80
9 11 0 11 430
9 13 0 2 590
9 13 0 4 102
9 13 0 11 450
9 11 1 3 428
9 11 1 5 306
9 11 1 10 96
9 13 1 3 206
9 13 1 5 210
9 13 1 10 356
9 11 2 0 124
9 11 2 6 290
9 11 2 9 222
9 13 2 0 236
9 13 2 6 638
9 13 2 9 788
9 11 3 1 270
9 11 3 7 566
9 11 3 8 1050
9 13 3 1 60
9 13 3 7 314
9 13 3 8 192
9 11 4 0 204
9 11 4 6 388
9 11 4 15 554
9 13 4 0 46
9 13 4 6 1012
9 13 4 15 254
9 11 5 1 788
9 11 5 7 46
9 11 5 14 622
9 13 5 1 794
9 13 5 7 218
9 13 5 14 66
9 11 6 2 530
9 11 6 4 676
9 11 6 13 898
9 13 6 2 130
9 13 6 4 286
9 13 6 13 912
9 11 7 3 158
9 11 7 5 674
9 11 7 12 312
9 13 7 3 992
9 13 7 5 190
9 13 7 12 780
9 11 8 3 286
9 11 8 10 390
9 11 8 12 518
9 13 8 3 752
9 13 8 10 68
9 13 8 12 254
9 11 9 2 1092
9 11 9 11 282
9 11 9 13 628
9 13 9 2 278
9 13 9 11 244
9 13 9 13 198
9 11 10 1 2
9 11 10 8 626
9 11 10 14 306
9 13 10 1 732
9 13 10 8 94
9 13 10 14 36
9 11 11 0 352
9 11 11 9 252
9 11 11 15 478
9 13 11 0 1366
9 13 11 9 1004
9 13 11 15 438
9 11 12 7 846
9 11 12 8 232
9 11 12 14 102
9 13 12 7 1156
9 13 12 8 18
9 13 12 14 412
9 11 13 6 200
9 11 13 9 700
9 11 13 15 186
9 13 13 6 38
9 13 13 9 110
9 13 13 15 60
9 11 14 5 44
9 11 14 10 76
9 11 14 12 1010
9 13 14 5 204
9 13 14 10 632
9 13 14 12 716
9 11 15 4 36
9 11 15 11 818
9 11 15 13 84
9 13 15 4 230
9 13 15 11 222
9 13 15 13 964
10 14 0 2 734
10 14 0 4 844
10 14 0 11 18
10 14 1 3 534
10 14 1 5 462
10 14 1 10 472
10 14 2 0 248
10 14 2 6 374
10 14 2 9 102
10 14 3 1 168
10 14 3 7 100
10 14 3 8 642
10 14 4 0 604
10 14 4 6 640
10 14 4 15 46
10 14 5 1 236
10 14 5 7 446
10 14 5 14 384
10 14 6 2 202
10 14 6 4 48
10 14 6 13 734
10 14 7 3 300
10 14 7 5 302
10 14 7 12 350
10 14 8 3 530
10 14 8 10 620
10 14 8 12 460
10 14 9 2 396
10 14 9 11 304
10 14 9 13 1010
10 14 10 1 280
10 14 10 8 418
10 14 10 14 368
10 14 11 0 34
10 14 11 9 398
10 14 11 15 712
10 14 12 7 426
10 14 12 8 358
10 14 12 14 202
10 14 13 6 98
10 14 13 9 370
10 14 13 15 142
10 14 14 5 368
10 14 14 10 116
10 14 14 12 40
10 14 15 4 18
10 14 15 11 330
10 14 15 13 602
11 15 0 2 146
11 15 0 4 318
11 15 0 11 378
11 15 1 3 62
11 15 1 5 914
11 15 1 10 250
11 15 2 0 470
11 15 2 6 84
11 15 2 9 344
11 15 3 1 812
11 15 3 7 772
11 15 3 8 250
11 15 4 0 262
11 15 4 6 38
11 15 4 15 594
11 15 5 1 368
11 15 5 7 110
11 15 5 14 356
11 15 6 2 332
11 15 6 4 524
11 15 6 13 522
11 15 7 3 520
11 15 7 5 442
11 15 7 12 532
11 15 8 3 240
11 15 8 10 648
11 15 8 12 274
11 15 9 2 890
11 15 9 11 96
11 15 9 13 526
11 15 10 1 534
11 15 10 8 474
11 15 10 14 356
11 15 11 0 646
11 15 11 9 428
11 15 11 15 1106
11 15 12 7 50
11 15 12 8 426
11 15 12 14 468
11 15 13 6 52
11 15 13 9 226
11 15 13 15 136
11 15 14 5 1228
11 15 14 10 396
11 15 14 12 222
11 15 15 4 454
11 15 15 11 536
11 15 15 13 514
12 14 0 2 864
12 14 0 4 224
12 14 0 11 174
12 14 1 3 1184
12 14 1 5 86
12 14 1 10 286
12 14 2 0 530
12 14 2 6 30
12 14 2 9 278
12 14 3 1 1008
12 14 3 7 860
12 14 3 8 266
12 14 4 0 558
12 14 4 6 514
12 14 4 15 692
12 14 5 1 1022
12 14 5 7 298
12 14 5 14 0
12 14 6 2 332
12 14 6 4 198
12 14 6 13 16
12 14 7 3 122
12 14 7 5 540
12 14 7 12 476
12 14 8 3 134
12 14 8 10 120
12 14 8 12 382
12 14 9 2 198
12 14 9 11 238
12 14 9 13 120
12 14 10 1 580
12 14 10 8 734
12 14 10 14 370
12 14 11 0 692
12 14 11 9 106
12 14 11 15 488
12 14 12 7 316
12 14 12 8 396
12 14 12 14 100
12 14 13 6 866
12 14 13 9 476
12 14 13 15 194
12 14 14 5 164
12 14 14 10 146
12 14 14 12 496
12 14 15 4 412
12 14 15 11 146
12 14 15 13 436
13 15 0 2 348
13 15 0 4 404
13 15 0 11 650
13 15 1 3 42
13 15 1 5 520
13 15 1 10 208
13 15 2 0 634
13 15 2 6 88
13 15 2 9 270
13 15 3 1 90
13 15 3 7 452
13 15 3 8 818
13 15 4 0 558
13 15 4 6 442
13 15 4 15 318
13 15 5 1 296
13 15 5 7 842
13 15 5 14 168
13 15 6 2 672
13 15 6 4 366
13 15 6 13 618
13 15 7 3 478
13 15 7 5 10
13 15 7 12 1168
13 15 8 3 490
13 15 8 10 298
13 15 8 12 832
13 15 9 2 276
13 15 9 11 1400
13 15 9 13 212
13 15 10 1 74
13 15 10 8 644
13 15 10 14 276
13 15 11 0 1000
13 15 11 9 114
13 15 11 15 210
13 15 12 7 224
13 15 12 8 1150
13 15 12 14 436
13 15 13 6 132
13 15 13 9 224
13 15 13 15 330
13 15 14 5 236
13 15 14 10 698
13 15 14 12 484
13 15 15 4 882
13 15 15 11 600
13 15 15 13 404
