0 2 0 2 800
0 2 0 4 398
0 2 0 11 318
0 4 0 2 576
0 4 0 4 1338
0 4 0 11 496
0 8 0 2 412
0 8 0 4 1066
0 8 0 11 246
0 11 0 2 398
0 11 0 4 640
0 11 0 11 2
0 13 0 2 546
0 13 0 4 84
0 13 0 11 842
0 14 0 2 1612
0 14 0 4 8
0 14 0 11 174
0 2 1 3 598
0 2 1 5 286
0 2 1 10 324
0 4 1 3 354
0 4 1 5 590
0 4 1 10 2
0 8 1 3 864
0 8 1 5 646
0 8 1 10 870
0 11 1 3 218
0 11 1 5 38
0 11 1 10 1382
0 13 1 3 268
0 13 1 5 808
0 13 1 10 982
0 14 1 3 726
0 14 1 5 56
0 14 1 10 190
0 2 2 0 750
0 2 2 6 278
0 2 2 9 356
0 4 2 0 250
0 4 2 6 878
0 4 2 9 136
0 8 2 0 150
0 8 2 6 24
0 8 2 9 220
0 11 2 0 482
0 11 2 6 666
0 11 2 9 194
0 13 2 0 138
0 13 2 6 634
0 13 2 9 512
0 14 2 0 92
0 14 2 6 666
0 14 2 9 758
0 2 3 1 350
0 2 3 7 302
0 2 3 8 62
0 4 3 1 84
0 4 3 7 232
0 4 3 8 214
0 8 3 1 84
0 8 3 7 304
0 8 3 8 464
0 11 3 1 52
0 11 3 7 522
0 11 3 8 328
0 13 3 1 576
0 13 3 7 828
0 13 3 8 590
0 14 3 1 288
0 14 3 7 46
0 14 3 8 658
0 2 4 0 1062
0 2 4 6 350
0 2 4 15 210
0 4 4 0 96
0 4 4 6 36
0 4 4 15 916
0 8 4 0 126
0 8 4 6 428
0 8 4 15 350
0 11 4 0 462
0 11 4 6 358
0 11 4 15 334
0 13 4 0 792
0 13 4 6 808
0 13 4 15 266
0 14 4 0 444
0 14 4 6 76
0 14 4 15 28
0 2 5 1 6
0 2 5 7 90
0 2 5 14 1016
0 4 5 1 1054
0 4 5 7 42
0 4 5 14 324
0 8 5 1 712
0 8 5 7 700
0 8 5 14 814
0 11 5 1 278
0 11 5 7 872
0 11 5 14 918
0 13 5 1 900
0 13 5 7 810
0 13 5 14 64
0 14 5 1 276
0 14 5 7 620
0 14 5 14 234
0 2 6 2 156
0 2 6 4 470
0 2 6 13 140
0 4 6 2 262
0 4 6 4 546
0 4 6 13 552
0 8 6 2 220
0 8 6 4 630
0 8 6 13 698
0 11 6 2 632
0 11 6 4 696
0 11 6 13 510
0 13 6 2 408
0 13 6 4 198
0 13 6 13 56
0 14 6 2 60
0 14 6 4 920
0 14 6 13 80
0 2 7 3 310
0 2 7 5 546
0 2 7 12 1094
0 4 7 3 628
0 4 7 5 1260
0 4 7 12 1302
0 8 7 3 174
0 8 7 5 570
0 8 7 12 240
0 11 7 3 656
0 11 7 5 106
0 11 7 12 326
0 13 7 3 382
0 13 7 5 204
0 13 7 12 636
0 14 7 3 114
0 14 7 5 876
0 14 7 12 344
0 2 8 3 584
0 2 8 10 420
0 2 8 12 1026
0 4 8 3 262
0 4 8 10 202
0 4 8 12 1026
0 8 8 3 886
0 8 8 10 776
0 8 8 12 66
0 11 8 3 10
0 11 8 10 240
0 11 8 12 514
0 13 8 3 550
0 13 8 10 364
0 13 8 12 302
0 14 8 3 32
0 14 8 10 622
0 14 8 12 124
0 2 9 2 770
0 2 9 11 696
0 2 9 13 176
0 4 9 2 168
0 4 9 11 234
0 4 9 13 1220
0 8 9 2 724
0 8 9 11 66
0 8 9 13 12
0 11 9 2 334
0 11 9 11 290
0 11 9 13 280
0 13 9 2 680
0 13 9 11 678
0 13 9 13 390
0 14 9 2 434
0 14 9 11 394
0 14 9 13 16
0 2 10 1 560
0 2 10 8 4
0 2 10 14 706
0 4 10 1 122
0 4 10 8 590
0 4 10 14 102
0 8 10 1 638
0 8 10 8 846
0 8 10 14 154
0 11 10 1 118
0 11 10 8 744
0 11 10 14 368
0 13 10 1 784
0 13 10 8 28
0 13 10 14 692
0 14 10 1 534
0 14 10 8 166
0 14 10 14 428
0 2 11 0 458
0 2 11 9 764
0 2 11 15 402
0 4 11 0 966
0 4 11 9 44
0 4 11 15 72
0 8 11 0 460
0 8 11 9 724
0 8 11 15 92
0 11 11 0 1036
0 11 11 9 612
0 11 11 15 444
0 13 11 0 224
0 13 11 9 428
0 13 11 15 94
0 14 11 0 832
0 14 11 9 998
0 14 11 15 256
0 2 12 7 490
0 2 12 8 532
0 2 12 14 148
0 4 12 7 420
0 4 12 8 730
0 4 12 14 432
0 8 12 7 742
0 8 12 8 382
0 8 12 14 680
0 11 12 7 402
0 11 12 8 1212
0 11 12 14 144
0 13 12 7 136
0 13 12 8 288
0 13 12 14 306
0 14 12 7 108
0 14 12 8 352
0 14 12 14 882
0 2 13 6 300
0 2 13 9 394
0 2 13 15 204
0 4 13 6 944
0 4 13 9 392
0 4 13 15 390
0 8 13 6 330
0 8 13 9 818
0 8 13 15 1130
0 11 13 6 8
0 11 13 9 676
0 11 13 15 254
0 13 13 6 114
0 13 13 9 328
0 13 13 15 64
0 14 13 6 480
0 14 13 9 180
0 14 13 15 284
0 2 14 5 498
0 2 14 10 628
0 2 14 12 296
0 4 14 5 90
0 4 14 10 598
0 4 14 12 308
0 8 14 5 1410
0 8 14 10 816
0 8 14 12 178
0 11 14 5 58
0 11 14 10 372
0 11 14 12 426
0 13 14 5 534
0 13 14 10 44
0 13 14 12 390
0 14 14 5 474
0 14 14 10 40
0 14 14 12 1196
0 2 15 4 418
0 2 15 11 152
0 2 15 13 10
0 4 15 4 308
0 4 15 11 724
0 4 15 13 554
0 8 15 4 376
0 8 15 11 104
0 8 15 13 876
0 11 15 4 56
0 11 15 11 72
0 11 15 13 150
0 13 15 4 560
0 13 15 11 422
0 13 15 13 1086
0 14 15 4 510
0 14 15 11 812
0 14 15 13 566
1 3 0 2 336
1 3 0 4 882
1 3 0 11 522
1 5 0 2 108
1 5 0 4 94
1 5 0 11 426
1 9 0 2 58
1 9 0 4 478
1 9 0 11 688
1 10 0 2 718
1 10 0 4 280
1 10 0 11 604
1 12 0 2 84
1 12 0 4 704
1 12 0 11 692
1 15 0 2 166
1 15 0 4 308
1 15 0 11 550
1 3 1 3 220
1 3 1 5 232
1 3 1 10 550
1 5 1 3 142
1 5 1 5 240
1 5 1 10 126
1 9 1 3 186
1 9 1 5 324
1 9 1 10 648
1 10 1 3 646
1 10 1 5 308
1 10 1 10 904
1 12 1 3 164
1 12 1 5 356
1 12 1 10 222
1 15 1 3 64
1 15 1 5 24
1 15 1 10 420
1 3 2 0 2
1 3 2 6 240
1 3 2 9 566
1 5 2 0 58
1 5 2 6 10
1 5 2 9 420
1 9 2 0 290
1 9 2 6 406
1 9 2 9 640
1 10 2 0 108
1 10 2 6 610
1 10 2 9 76
1 12 2 0 94
1 12 2 6 228
1 12 2 9 420
1 15 2 0 642
1 15 2 6 558
1 15 2 9 34
1 3 3 1 144
1 3 3 7 792
1 3 3 8 410
1 5 3 1 1046
1 5 3 7 982
1 5 3 8 432
1 9 3 1 4
1 9 3 7 48
1 9 3 8 532
1 10 3 1 284
1 10 3 7 370
1 10 3 8 238
1 12 3 1 496
1 12 3 7 218
1 12 3 8 400
1 15 3 1 112
1 15 3 7 446
1 15 3 8 850
1 3 4 0 468
1 3 4 6 956
1 3 4 15 92
1 5 4 0 278
1 5 4 6 86
1 5 4 15 342
1 9 4 0 310
1 9 4 6 78
1 9 4 15 256
1 10 4 0 70
1 10 4 6 656
1 10 4 15 632
1 12 4 0 4
1 12 4 6 376
1 12 4 15 470
1 15 4 0 778
1 15 4 6 40
1 15 4 15 670
1 3 5 1 452
1 3 5 7 434
1 3 5 14 322
1 5 5 1 22
1 5 5 7 406
1 5 5 14 412
1 9 5 1 144
1 9 5 7 328
1 9 5 14 20
1 10 5 1 164
1 10 5 7 722
1 10 5 14 560
1 12 5 1 170
1 12 5 7 82
1 12 5 14 1038
1 15 5 1 476
1 15 5 7 908
1 15 5 14 22
1 3 6 2 1122
1 3 6 4 44
1 3 6 13 418
1 5 6 2 70
1 5 6 4 452
1 5 6 13 518
1 9 6 2 784
1 9 6 4 312
1 9 6 13 462
1 10 6 2 342
1 10 6 4 276
1 10 6 13 274
1 12 6 2 1040
1 12 6 4 928
1 12 6 13 958
1 15 6 2 6
1 15 6 4 1092
1 15 6 13 734
1 3 7 3 384
1 3 7 5 40
1 3 7 12 982
1 5 7 3 828
1 5 7 5 148
1 5 7 12 648
1 9 7 3 444
1 9 7 5 282
1 9 7 12 106
1 10 7 3 782
1 10 7 5 208
1 10 7 12 172
1 12 7 3 496
1 12 7 5 2
1 12 7 12 936
1 15 7 3 136
1 15 7 5 406
1 15 7 12 848
1 3 8 3 252
1 3 8 10 380
1 3 8 12 542
1 5 8 3 52
1 5 8 10 552
1 5 8 12 476
1 9 8 3 6
1 9 8 10 70
1 9 8 12 438
1 10 8 3 186
1 10 8 10 784
1 10 8 12 922
1 12 8 3 20
1 12 8 10 404
1 12 8 12 398
1 15 8 3 810
1 15 8 10 232
1 15 8 12 614
1 3 9 2 250
1 3 9 11 316
1 3 9 13 1012
1 5 9 2 510
1 5 9 11 166
1 5 9 13 122
1 9 9 2 0
1 9 9 11 634
1 9 9 13 216
1 10 9 2 906
1 10 9 11 1050
1 10 9 13 74
1 12 9 2 190
1 12 9 11 514
1 12 9 13 524
1 15 9 2 580
1 15 9 11 350
1 15 9 13 430
1 3 10 1 740
1 3 10 8 280
1 3 10 14 50
1 5 10 1 212
1 5 10 8 596
1 5 10 14 724
1 9 10 1 524
1 9 10 8 144
1 9 10 14 650
1 10 10 1 268
1 10 10 8 574
1 10 10 14 778
1 12 10 1 638
1 12 10 8 176
1 12 10 14 186
1 15 10 1 184
1 15 10 8 484
1 15 10 14 334
1 3 11 0 232
1 3 11 9 154
1 3 11 15 500
1 5 11 0 232
1 5 11 9 388
1 5 11 15 914
1 9 11 0 102
1 9 11 9 900
1 9 11 15 78
1 10 11 0 236
1 10 11 9 974
1 10 11 15 440
1 12 11 0 1046
1 12 11 9 358
1 12 11 15 106
1 15 11 0 506
1 15 11 9 140
1 15 11 15 134
1 3 12 7 186
1 3 12 8 544
1 3 12 14 40
1 5 12 7 94
1 5 12 8 196
1 5 12 14 502
1 9 12 7 786
1 9 12 8 148
1 9 12 14 262
1 10 12 7 388
1 10 12 8 356
1 10 12 14 134
1 12 12 7 358
1 12 12 8 1022
1 12 12 14 342
1 15 12 7 116
1 15 12 8 1058
1 15 12 14 162
1 3 13 6 180
1 3 13 9 322
1 3 13 15 904
1 5 13 6 748
1 5 13 9 196
1 5 13 15 1220
1 9 13 6 104
1 9 13 9 258
1 9 13 15 758
1 10 13 6 78
1 10 13 9 880
1 10 13 15 116
1 12 13 6 854
1 12 13 9 634
1 12 13 15 1362
1 15 13 6 712
1 15 13 9 464
1 15 13 15 10
1 3 14 5 562
1 3 14 10 596
1 3 14 12 134
1 5 14 5 204
1 5 14 10 988
1 5 14 12 66
1 9 14 5 892
1 9 14 10 490
1 9 14 12 148
1 10 14 5 442
1 10 14 10 158
1 10 14 12 160
1 12 14 5 32
1 12 14 10 514
1 12 14 12 432
1 15 14 5 502
1 15 14 10 170
1 15 14 12 214
1 3 15 4 614
1 3 15 11 190
1 3 15 13 418
1 5 15 4 686
1 5 15 11 836
1 5 15 13 498
1 9 15 4 100
1 9 15 11 340
1 9 15 13 408
1 10 15 4 118
1 10 15 11 1424
1 10 15 13 56
1 12 15 4 278
1 12 15 11 542
1 12 15 13 434
1 15 15 4 356
1 15 15 11 260
1 15 15 13 244
2 6 0 2 586
2 6 0 4 486
2 6 0 11 328
2 9 0 2 96
2 9 0 4 6
2 9 0 11 350
2 10 0 2 158
2 10 0 4 870
2 10 0 11 538
2 12 0 2 82
2 12 0 4 498
2 12 0 11 236
2 15 0 2 154
2 15 0 4 102
2 15 0 11 218
2 6 1 3 70
2 6 1 5 60
2 6 1 10 376
2 9 1 3 520
2 9 1 5 242
2 9 1 10 1122
2 10 1 3 472
2 10 1 5 22
2 10 1 10 372
2 12 1 3 966
2 12 1 5 78
2 12 1 10 258
2 15 1 3 634
2 15 1 5 310
2 15 1 10 446
2 6 2 0 160
2 6 2 6 272
2 6 2 9 250
2 9 2 0 114
2 9 2 6 642
2 9 2 9 48
2 10 2 0 334
2 10 2 6 114
2 10 2 9 480
2 12 2 0 234
2 12 2 6 332
2 12 2 9 538
2 15 2 0 596
2 15 2 6 120
2 15 2 9 96
2 6 3 1 70
2 6 3 7 376
2 6 3 8 594
2 9 3 1 1242
2 9 3 7 648
2 9 3 8 284
2 10 3 1 796
2 10 3 7 166
2 10 3 8 350
2 12 3 1 4
2 12 3 7 550
2 12 3 8 530
2 15 3 1 432
2 15 3 7 1304
2 15 3 8 738
2 6 4 0 176
2 6 4 6 238
2 6 4 15 540
2 9 4 0 576
2 9 4 6 50
2 9 4 15 200
2 10 4 0 658
2 10 4 6 56
2 10 4 15 260
2 12 4 0 250
2 12 4 6 564
2 12 4 15 12
2 15 4 0 756
2 15 4 6 502
2 15 4 15 488
2 6 5 1 468
2 6 5 7 1078
2 6 5 14 140
2 9 5 1 272
2 9 5 7 856
2 9 5 14 516
2 10 5 1 498
2 10 5 7 300
2 10 5 14 350
2 12 5 1 572
2 12 5 7 528
2 12 5 14 156
2 15 5 1 440
2 15 5 7 544
2 15 5 14 330
2 6 6 2 734
2 6 6 4 100
2 6 6 13 320
2 9 6 2 30
2 9 6 4 412
2 9 6 13 420
2 10 6 2 22
2 10 6 4 832
2 10 6 13 98
2 12 6 2 178
2 12 6 4 308
2 12 6 13 290
2 15 6 2 372
2 15 6 4 510
2 15 6 13 1346
2 6 7 3 1052
2 6 7 5 424
2 6 7 12 670
2 9 7 3 480
2 9 7 5 188
2 9 7 12 340
2 10 7 3 180
2 10 7 5 388
2 10 7 12 44
2 12 7 3 466
2 12 7 5 264
2 12 7 12 290
2 15 7 3 456
2 15 7 5 198
2 15 7 12 944
2 6 8 3 152
2 6 8 10 90
2 6 8 12 806
2 9 8 3 52
2 9 8 10 906
2 9 8 12 86
2 10 8 3 416
2 10 8 10 190
2 10 8 12 174
2 12 8 3 260
2 12 8 10 226
2 12 8 12 244
2 15 8 3 404
2 15 8 10 252
2 15 8 12 512
2 6 9 2 352
2 6 9 11 116
2 6 9 13 16
2 9 9 2 586
2 9 9 11 8
2 9 9 13 904
2 10 9 2 636
2 10 9 11 290
2 10 9 13 176
2 12 9 2 254
2 12 9 11 1034
2 12 9 13 946
2 15 9 2 254
2 15 9 11 464
2 15 9 13 108
2 6 10 1 426
2 6 10 8 174
2 6 10 14 1100
2 9 10 1 660
2 9 10 8 556
2 9 10 14 120
2 10 10 1 472
2 10 10 8 54
2 10 10 14 36
2 12 10 1 574
2 12 10 8 234
2 12 10 14 1448
2 15 10 1 886
2 15 10 8 784
2 15 10 14 632
2 6 11 0 326
2 6 11 9 248
2 6 11 15 570
2 9 11 0 38
2 9 11 9 752
2 9 11 15 116
2 10 11 0 24
2 10 11 9 742
2 10 11 15 406
2 12 11 0 350
2 12 11 9 262
2 12 11 15 138
2 15 11 0 218
2 15 11 9 18
2 15 11 15 490
2 6 12 7 572
2 6 12 8 274
2 6 12 14 784
2 9 12 7 216
2 9 12 8 620
2 9 12 14 210
2 10 12 7 650
2 10 12 8 156
2 10 12 14 740
2 12 12 7 420
2 12 12 8 148
2 12 12 14 1410
2 15 12 7 340
2 15 12 8 352
2 15 12 14 148
2 6 13 6 288
2 6 13 9 240
2 6 13 15 242
2 9 13 6 192
2 9 13 9 326
2 9 13 15 10
2 10 13 6 304
2 10 13 9 150
2 10 13 15 64
2 12 13 6 772
2 12 13 9 192
2 12 13 15 510
2 15 13 6 408
2 15 13 9 78
2 15 13 15 436
2 6 14 5 354
2 6 14 10 48
2 6 14 12 140
2 9 14 5 74
2 9 14 10 614
2 9 14 12 694
2 10 14 5 144
2 10 14 10 498
2 10 14 12 112
2 12 14 5 398
2 12 14 10 756
2 12 14 12 492
2 15 14 5 686
2 15 14 10 432
2 15 14 12 730
2 6 15 4 798
2 6 15 11 384
2 6 15 13 380
2 9 15 4 488
2 9 15 11 544
2 9 15 13 378
2 10 15 4 236
2 10 15 11 234
2 10 15 13 280
2 12 15 4 176
2 12 15 11 426
2 12 15 13 774
2 15 15 4 152
2 15 15 11 762
2 15 15 13 226
3 7 0 2 710
3 7 0 4 722
3 7 0 11 812
3 8 0 2 334
3 8 0 4 226
3 8 0 11 758
3 11 0 2 82
3 11 0 4 544
3 11 0 11 444
3 13 0 2 364
3 13 0 4 510
3 13 0 11 360
3 14 0 2 76
3 14 0 4 652
3 14 0 11 440
3 7 1 3 316
3 7 1 5 734
3 7 1 10 126
3 8 1 3 146
3 8 1 5 380
3 8 1 10 284
3 11 1 3 218
3 11 1 5 866
3 11 1 10 362
3 13 1 3 1020
3 13 1 5 540
3 13 1 10 66
3 14 1 3 626
3 14 1 5 190
3 14 1 10 412
3 7 2 0 160
3 7 2 6 56
3 7 2 9 418
3 8 2 0 334
3 8 2 6 1136
3 8 2 9 298
3 11 2 0 108
3 11 2 6 94
3 11 2 9 554
3 13 2 0 350
3 13 2 6 58
3 13 2 9 334
3 14 2 0 222
3 14 2 6 206
3 14 2 9 574
3 7 3 1 78
3 7 3 7 78
3 7 3 8 952
3 8 3 1 592
3 8 3 7 86
3 8 3 8 634
3 11 3 1 512
3 11 3 7 534
3 11 3 8 230
3 13 3 1 566
3 13 3 7 76
3 13 3 8 68
3 14 3 1 1098
3 14 3 7 244
3 14 3 8 18
3 7 4 0 170
3 7 4 6 122
3 7 4 15 480
3 8 4 0 222
3 8 4 6 552
3 8 4 15 122
3 11 4 0 188
3 11 4 6 1028
3 11 4 15 300
3 13 4 0 4
3 13 4 6 72
3 13 4 15 28
3 14 4 0 48
3 14 4 6 336
3 14 4 15 474
3 7 5 1 200
3 7 5 7 56
3 7 5 14 384
3 8 5 1 160
3 8 5 7 386
3 8 5 14 198
3 11 5 1 64
3 11 5 7 532
3 11 5 14 928
3 13 5 1 6
3 13 5 7 240
3 13 5 14 330
3 14 5 1 252
3 14 5 7 20
3 14 5 14 158
3 7 6 2 390
3 7 6 4 38
3 7 6 13 140
3 8 6 2 178
3 8 6 4 350
3 8 6 13 134
3 11 6 2 390
3 11 6 4 244
3 11 6 13 250
3 13 6 2 732
3 13 6 4 892
3 13 6 13 668
3 14 6 2 30
3 14 6 4 276
3 14 6 13 890
3 7 7 3 478
3 7 7 5 262
3 7 7 12 54
3 8 7 3 64
3 8 7 5 256
3 8 7 12 816
3 11 7 3 766
3 11 7 5 284
3 11 7 12 188
3 13 7 3 220
3 13 7 5 42
3 13 7 12 242
3 14 7 3 384
3 14 7 5 240
3 14 7 12 426
3 7 8 3 80
3 7 8 10 88
3 7 8 12 1188
3 8 8 3 212
3 8 8 10 472
3 8 8 12 290
3 11 8 3 314
3 11 8 10 322
3 11 8 12 366
3 13 8 3 568
3 13 8 10 702
3 13 8 12 1002
3 14 8 3 56
3 14 8 10 1088
3 14 8 12 410
3 7 9 2 52
3 7 9 11 612
3 7 9 13 234
3 8 9 2 116
3 8 9 11 246
3 8 9 13 20
3 11 9 2 804
3 11 9 11 112
3 11 9 13 1432
3 13 9 2 344
3 13 9 11 694
3 13 9 13 484
3 14 9 2 252
3 14 9 11 232
3 14 9 13 416
3 7 10 1 538
3 7 10 8 46
3 7 10 14 282
3 8 10 1 84
3 8 10 8 32
3 8 10 14 294
3 11 10 1 262
3 11 10 8 650
3 11 10 14 114
3 13 10 1 616
3 13 10 8 38
3 13 10 14 478
3 14 10 1 744
3 14 10 8 470
3 14 10 14 168
3 7 11 0 124
3 7 11 9 134
3 7 11 15 238
3 8 11 0 188
3 8 11 9 60
3 8 11 15 1264
3 11 11 0 912
3 11 11 9 62
3 11 11 15 1202
3 13 11 0 604
3 13 11 9 616
3 13 11 15 186
3 14 11 0 98
3 14 11 9 650
3 14 11 15 40
3 7 12 7 264
3 7 12 8 202
3 7 12 14 532
3 8 12 7 74
3 8 12 8 414
3 8 12 14 660
3 11 12 7 434
3 11 12 8 350
3 11 12 14 462
3 13 12 7 642
3 13 12 8 22
3 13 12 14 626
3 14 12 7 456
3 14 12 8 194
3 14 12 14 32
3 7 13 6 146
3 7 13 9 750
3 7 13 15 1104
3 8 13 6 214
3 8 13 9 150
3 8 13 15 538
3 11 13 6 346
3 11 13 9 380
3 11 13 15 774
3 13 13 6 362
3 13 13 9 242
3 13 13 15 1144
3 14 13 6 54
3 14 13 9 800
3 14 13 15 206
3 7 14 5 304
3 7 14 10 382
3 7 14 12 312
3 8 14 5 192
3 8 14 10 352
3 8 14 12 264
3 11 14 5 102
3 11 14 10 604
3 11 14 12 134
3 13 14 5 468
3 13 14 10 106
3 13 14 12 276
3 14 14 5 234
3 14 14 10 74
3 14 14 12 4
3 7 15 4 158
3 7 15 11 346
3 7 15 13 226
3 8 15 4 62
3 8 15 11 488
3 8 15 13 66
3 11 15 4 112
3 11 15 11 798
3 11 15 13 346
3 13 15 4 658
3 13 15 11 400
3 13 15 13 1100
3 14 15 4 284
3 14 15 11 250
3 14 15 13 610
4 6 0 2 658
4 6 0 4 304
4 6 0 11 1626
4 9 0 2 710
4 9 0 4 798
4 9 0 11 518
4 10 0 2 296
4 10 0 4 188
4 10 0 11 264
4 12 0 2 332
4 12 0 4 104
4 12 0 11 88
4 15 0 2 276
4 15 0 4 192
4 15 0 11 370
4 6 1 3 950
4 6 1 5 58
4 6 1 10 600
4 9 1 3 316
4 9 1 5 398
4 9 1 10 846
4 10 1 3 242
4 10 1 5 334
4 10 1 10 722
4 12 1 3 794
4 12 1 5 570
4 12 1 10 290
4 15 1 3 18
4 15 1 5 636
4 15 1 10 516
4 6 2 0 1500
4 6 2 6 280
4 6 2 9 550
4 9 2 0 62
4 9 2 6 598
4 9 2 9 26
4 10 2 0 1064
4 10 2 6 50
4 10 2 9 876
4 12 2 0 652
4 12 2 6 336
4 12 2 9 320
4 15 2 0 482
4 15 2 6 726
4 15 2 9 216
4 6 3 1 220
4 6 3 7 372
4 6 3 8 380
4 9 3 1 456
4 9 3 7 362
4 9 3 8 156
4 10 3 1 140
4 10 3 7 640
4 10 3 8 38
4 12 3 1 170
4 12 3 7 246
4 12 3 8 194
4 15 3 1 628
4 15 3 7 308
4 15 3 8 958
4 6 4 0 1354
4 6 4 6 68
4 6 4 15 212
4 9 4 0 260
4 9 4 6 810
4 9 4 15 418
4 10 4 0 592
4 10 4 6 538
4 10 4 15 176
4 12 4 0 1058
4 12 4 6 212
4 12 4 15 526
4 15 4 0 1152
4 15 4 6 526
4 15 4 15 434
4 6 5 1 680
4 6 5 7 564
4 6 5 14 1516
4 9 5 1 414
4 9 5 7 422
4 9 5 14 322
4 10 5 1 548
4 10 5 7 1086
4 10 5 14 218
4 12 5 1 636
4 12 5 7 354
4 12 5 14 426
4 15 5 1 392
4 15 5 7 672
4 15 5 14 456
4 6 6 2 154
4 6 6 4 362
4 6 6 13 52
4 9 6 2 684
4 9 6 4 440
4 9 6 13 676
4 10 6 2 108
4 10 6 4 90
4 10 6 13 288
4 12 6 2 566
4 12 6 4 700
4 12 6 13 694
4 15 6 2 694
4 15 6 4 56
4 15 6 13 190
4 6 7 3 472
4 6 7 5 212
4 6 7 12 748
4 9 7 3 878
4 9 7 5 210
4 9 7 12 54
4 10 7 3 578
4 10 7 5 802
4 10 7 12 90
4 12 7 3 36
4 12 7 5 300
4 12 7 12 1006
4 15 7 3 424
4 15 7 5 444
4 15 7 12 1028
4 6 8 3 148
4 6 8 10 222
4 6 8 12 26
4 9 8 3 52
4 9 8 10 446
4 9 8 12 38
4 10 8 3 424
4 10 8 10 588
4 10 8 12 124
4 12 8 3 160
4 12 8 10 260
4 12 8 12 632
4 15 8 3 92
4 15 8 10 10
4 15 8 12 142
4 6 9 2 110
4 6 9 11 296
4 6 9 13 442
4 9 9 2 970
4 9 9 11 112
4 9 9 13 420
4 10 9 2 356
4 10 9 11 354
4 10 9 13 692
4 12 9 2 344
4 12 9 11 534
4 12 9 13 840
4 15 9 2 690
4 15 9 11 24
4 15 9 13 614
4 6 10 1 138
4 6 10 8 566
4 6 10 14 198
4 9 10 1 126
4 9 10 8 426
4 9 10 14 1754
4 10 10 1 600
4 10 10 8 602
4 10 10 14 614
4 12 10 1 92
4 12 10 8 292
4 12 10 14 132
4 15 10 1 914
4 15 10 8 342
4 15 10 14 170
4 6 11 0 50
4 6 11 9 118
4 6 11 15 196
4 9 11 0 192
4 9 11 9 126
4 9 11 15 132
4 10 11 0 422
4 10 11 9 42
4 10 11 15 128
4 12 11 0 92
4 12 11 9 50
4 12 11 15 384
4 15 11 0 558
4 15 11 9 12
4 15 11 15 44
4 6 12 7 152
4 6 12 8 320
4 6 12 14 738
4 9 12 7 672
4 9 12 8 374
4 9 12 14 364
4 10 12 7 408
4 10 12 8 210
4 10 12 14 112
4 12 12 7 576
4 12 12 8 566
4 12 12 14 16
4 15 12 7 1082
4 15 12 8 28
4 15 12 14 642
4 6 13 6 462
4 6 13 9 818
4 6 13 15 296
4 9 13 6 416
4 9 13 9 288
4 9 13 15 576
4 10 13 6 328
4 10 13 9 230
4 10 13 15 186
4 12 13 6 178
4 12 13 9 148
4 12 13 15 110
4 15 13 6 922
4 15 13 9 52
4 15 13 15 590
4 6 14 5 202
4 6 14 10 70
4 6 14 12 174
4 9 14 5 116
4 9 14 10 4
4 9 14 12 70
4 10 14 5 340
4 10 14 10 648
4 10 14 12 228
4 12 14 5 436
4 12 14 10 286
4 12 14 12 670
4 15 14 5 258
4 15 14 10 40
4 15 14 12 290
4 6 15 4 42
4 6 15 11 618
4 6 15 13 284
4 9 15 4 1220
4 9 15 11 102
4 9 15 13 618
4 10 15 4 56
4 10 15 11 308
4 10 15 13 412
4 12 15 4 116
4 12 15 11 252
4 12 15 13 294
4 15 15 4 976
4 15 15 11 208
4 15 15 13 36
5 7 0 2 110
5 7 0 4 248
5 7 0 11 398
5 8 0 2 806
5 8 0 4 222
5 8 0 11 726
5 11 0 2 530
5 11 0 4 918
5 11 0 11 448
5 13 0 2 592
5 13 0 4 174
5 13 0 11 950
5 14 0 2 82
5 14 0 4 82
5 14 0 11 746
5 7 1 3 744
5 7 1 5 112
5 7 1 10 636
5 8 1 3 1194
5 8 1 5 10
5 8 1 10 448
5 11 1 3 230
5 11 1 5 348
5 11 1 10 280
5 13 1 3 316
5 13 1 5 242
5 13 1 10 120
5 14 1 3 426
5 14 1 5 1046
5 14 1 10 42
5 7 2 0 22
5 7 2 6 858
5 7 2 9 528
5 8 2 0 160
5 8 2 6 770
5 8 2 9 458
5 11 2 0 1084
5 11 2 6 38
5 11 2 9 128
5 13 2 0 192
5 13 2 6 360
5 13 2 9 50
5 14 2 0 258
5 14 2 6 120
5 14 2 9 628
5 7 3 1 520
5 7 3 7 114
5 7 3 8 570
5 8 3 1 744
5 8 3 7 218
5 8 3 8 794
5 11 3 1 238
5 11 3 7 540
5 11 3 8 442
5 13 3 1 194
5 13 3 7 98
5 13 3 8 1354
5 14 3 1 60
5 14 3 7 782
5 14 3 8 48
5 7 4 0 268
5 7 4 6 550
5 7 4 15 110
5 8 4 0 1412
5 8 4 6 818
5 8 4 15 1684
5 11 4 0 100
5 11 4 6 858
5 11 4 15 522
5 13 4 0 466
5 13 4 6 280
5 13 4 15 706
5 14 4 0 96
5 14 4 6 678
5 14 4 15 54
5 7 5 1 162
5 7 5 7 430
5 7 5 14 150
5 8 5 1 170
5 8 5 7 256
5 8 5 14 352
5 11 5 1 172
5 11 5 7 404
5 11 5 14 316
5 13 5 1 608
5 13 5 7 54
5 13 5 14 20
5 14 5 1 502
5 14 5 7 1068
5 14 5 14 808
5 7 6 2 692
5 7 6 4 696
5 7 6 13 646
5 8 6 2 94
5 8 6 4 424
5 8 6 13 512
5 11 6 2 834
5 11 6 4 1156
5 11 6 13 440
5 13 6 2 726
5 13 6 4 422
5 13 6 13 512
5 14 6 2 94
5 14 6 4 246
5 14 6 13 686
5 7 7 3 366
5 7 7 5 92
5 7 7 12 706
5 8 7 3 80
5 8 7 5 330
5 8 7 12 44
5 11 7 3 2
5 11 7 5 20
5 11 7 12 512
5 13 7 3 774
5 13 7 5 554
5 13 7 12 46
5 14 7 3 382
5 14 7 5 186
5 14 7 12 84
5 7 8 3 660
5 7 8 10 134
5 7 8 12 424
5 8 8 3 38
5 8 8 10 2
5 8 8 12 224
5 11 8 3 1494
5 11 8 10 206
5 11 8 12 874
5 13 8 3 500
5 13 8 10 498
5 13 8 12 894
5 14 8 3 190
5 14 8 10 22
5 14 8 12 412
5 7 9 2 252
5 7 9 11 198
5 7 9 13 128
5 8 9 2 230
5 8 9 11 220
5 8 9 13 316
5 11 9 2 22
5 11 9 11 168
5 11 9 13 636
5 13 9 2 926
5 13 9 11 306
5 13 9 13 86
5 14 9 2 360
5 14 9 11 246
5 14 9 13 334
5 7 10 1 90
5 7 10 8 604
5 7 10 14 452
5 8 10 1 674
5 8 10 8 40
5 8 10 14 256
5 11 10 1 810
5 11 10 8 72
5 11 10 14 58
5 13 10 1 244
5 13 10 8 90
5 13 10 14 8
5 14 10 1 154
5 14 10 8 170
5 14 10 14 280
5 7 11 0 558
5 7 11 9 614
5 7 11 15 250
5 8 11 0 220
5 8 11 9 18
5 8 11 15 360
5 11 11 0 814
5 11 11 9 92
5 11 11 15 158
5 13 11 0 856
5 13 11 9 128
5 13 11 15 738
5 14 11 0 232
5 14 11 9 360
5 14 11 15 542
5 7 12 7 716
5 7 12 8 558
5 7 12 14 1080
5 8 12 7 484
5 8 12 8 1386
5 8 12 14 696
5 11 12 7 434
5 11 12 8 136
5 11 12 14 18
5 13 12 7 312
5 13 12 8 370
5 13 12 14 384
5 14 12 7 146
5 14 12 8 628
5 14 12 14 152
5 7 13 6 278
5 7 13 9 234
5 7 13 15 160
5 8 13 6 604
5 8 13 9 414
5 8 13 15 660
5 11 13 6 360
5 11 13 9 434
5 11 13 15 300
5 13 13 6 48
5 13 13 9 94
5 13 13 15 20
5 14 13 6 386
5 14 13 9 388
5 14 13 15 56
5 7 14 5 150
5 7 14 10 34
5 7 14 12 732
5 8 14 5 110
5 8 14 10 34
5 8 14 12 260
5 11 14 5 440
5 11 14 10 338
5 11 14 12 592
5 13 14 5 156
5 13 14 10 8
5 13 14 12 184
5 14 14 5 10
5 14 14 10 50
5 14 14 12 48
5 7 15 4 34
5 7 15 11 138
5 7 15 13 52
5 8 15 4 534
5 8 15 11 136
5 8 15 13 1194
5 11 15 4 220
5 11 15 11 6
5 11 15 13 666
5 13 15 4 240
5 13 15 11 660
5 13 15 13 584
5 14 15 4 778
5 14 15 11 232
5 14 15 13 78
6 8 0 2 542
6 8 0 4 828
6 8 0 11 198
6 11 0 2 604
6 11 0 4 196
6 11 0 11 128
6 13 0 2 1084
6 13 0 4 1326
6 13 0 11 210
6 14 0 2 400
6 14 0 4 18
6 14 0 11 318
6 8 1 3 126
6 8 1 5 458
6 8 1 10 1114
6 11 1 3 546
6 11 1 5 118
6 11 1 10 356
6 13 1 3 856
6 13 1 5 326
6 13 1 10 990
6 14 1 3 270
6 14 1 5 70
6 14 1 10 1006
6 8 2 0 92
6 8 2 6 8
6 8 2 9 1156
6 11 2 0 272
6 11 2 6 400
6 11 2 9 74
6 13 2 0 668
6 13 2 6 162
6 13 2 9 928
6 14 2 0 1094
6 14 2 6 216
6 14 2 9 96
6 8 3 1 224
6 8 3 7 1022
6 8 3 8 132
6 11 3 1 290
6 11 3 7 284
6 11 3 8 138
6 13 3 1 204
6 13 3 7 1386
6 13 3 8 228
6 14 3 1 708
6 14 3 7 162
6 14 3 8 80
6 8 4 0 766
6 8 4 6 766
6 8 4 15 412
6 11 4 0 544
6 11 4 6 332
6 11 4 15 360
6 13 4 0 320
6 13 4 6 728
6 13 4 15 608
6 14 4 0 1476
6 14 4 6 684
6 14 4 15 778
6 8 5 1 340
6 8 5 7 414
6 8 5 14 738
6 11 5 1 104
6 11 5 7 574
6 11 5 14 78
6 13 5 1 638
6 13 5 7 364
6 13 5 14 626
6 14 5 1 172
6 14 5 7 72
6 14 5 14 478
6 8 6 2 224
6 8 6 4 518
6 8 6 13 122
6 11 6 2 736
6 11 6 4 350
6 11 6 13 82
6 13 6 2 506
6 13 6 4 628
6 13 6 13 360
6 14 6 2 514
6 14 6 4 724
6 14 6 13 600
6 8 7 3 104
6 8 7 5 150
6 8 7 12 718
6 11 7 3 22
6 11 7 5 966
6 11 7 12 786
6 13 7 3 144
6 13 7 5 344
6 13 7 12 236
6 14 7 3 648
6 14 7 5 178
6 14 7 12 28
6 8 8 3 224
6 8 8 10 712
6 8 8 12 802
6 11 8 3 68
6 11 8 10 160
6 11 8 12 674
6 13 8 3 420
6 13 8 10 196
6 13 8 12 90
6 14 8 3 434
6 14 8 10 700
6 14 8 12 170
6 8 9 2 1020
6 8 9 11 96
6 8 9 13 88
6 11 9 2 242
6 11 9 11 1292
6 11 9 13 38
6 13 9 2 320
6 13 9 11 60
6 13 9 13 654
6 14 9 2 112
6 14 9 11 366
6 14 9 13 302
6 8 10 1 280
6 8 10 8 442
6 8 10 14 16
6 11 10 1 84
6 11 10 8 790
6 11 10 14 186
6 13 10 1 196
6 13 10 8 374
6 13 10 14 388
6 14 10 1 1094
6 14 10 8 214
6 14 10 14 140
6 8 11 0 326
6 8 11 9 266
6 8 11 15 374
6 11 11 0 400
6 11 11 9 84
6 11 11 15 398
6 13 11 0 664
6 13 11 9 280
6 13 11 15 716
6 14 11 0 936
6 14 11 9 256
6 14 11 15 62
6 8 12 7 1078
6 8 12 8 234
6 8 12 14 236
6 11 12 7 536
6 11 12 8 776
6 11 12 14 88
6 13 12 7 788
6 13 12 8 1188
6 13 12 14 968
6 14 12 7 228
6 14 12 8 1202
6 14 12 14 170
6 8 13 6 558
6 8 13 9 170
6 8 13 15 300
6 11 13 6 268
6 11 13 9 184
6 11 13 15 1342
6 13 13 6 1050
6 13 13 9 284
6 13 13 15 828
6 14 13 6 818
6 14 13 9 56
6 14 13 15 136
6 8 14 5 218
6 8 14 10 172
6 8 14 12 324
6 11 14 5 824
6 11 14 10 180
6 11 14 12 344
6 13 14 5 486
6 13 14 10 626
6 13 14 12 602
6 14 14 5 138
6 14 14 10 44
6 14 14 12 1188
6 8 15 4 40
6 8 15 11 194
6 8 15 13 66
6 11 15 4 94
6 11 15 11 34
6 11 15 13 294
6 13 15 4 594
6 13 15 11 1298
6 13 15 13 794
6 14 15 4 522
6 14 15 11 614
6 14 15 13 16
7 9 0 2 1004
7 9 0 4 146
7 9 0 11 596
7 10 0 2 316
7 10 0 4 880
7 10 0 11 108
7 12 0 2 1010
7 12 0 4 66
7 12 0 11 686
7 15 0 2 354
7 15 0 4 584
7 15 0 11 668
7 9 1 3 588
7 9 1 5 74
7 9 1 10 652
7 10 1 3 522
7 10 1 5 130
7 10 1 10 82
7 12 1 3 610
7 12 1 5 60
7 12 1 10 852
7 15 1 3 816
7 15 1 5 858
7 15 1 10 210
7 9 2 0 960
7 9 2 6 80
7 9 2 9 694
7 10 2 0 468
7 10 2 6 846
7 10 2 9 702
7 12 2 0 562
7 12 2 6 916
7 12 2 9 256
7 15 2 0 994
7 15 2 6 304
7 15 2 9 482
7 9 3 1 382
7 9 3 7 678
7 9 3 8 304
7 10 3 1 162
7 10 3 7 236
7 10 3 8 240
7 12 3 1 422
7 12 3 7 586
7 12 3 8 32
7 15 3 1 314
7 15 3 7 180
7 15 3 8 852
7 9 4 0 272
7 9 4 6 460
7 9 4 15 654
7 10 4 0 84
7 10 4 6 1264
7 10 4 15 384
7 12 4 0 982
7 12 4 6 362
7 12 4 15 1254
7 15 4 0 138
7 15 4 6 562
7 15 4 15 968
7 9 5 1 774
7 9 5 7 606
7 9 5 14 128
7 10 5 1 542
7 10 5 7 1598
7 10 5 14 858
7 12 5 1 538
7 12 5 7 78
7 12 5 14 418
7 15 5 1 86
7 15 5 7 648
7 15 5 14 516
7 9 6 2 258
7 9 6 4 720
7 9 6 13 1302
7 10 6 2 104
7 10 6 4 150
7 10 6 13 198
7 12 6 2 848
7 12 6 4 488
7 12 6 13 94
7 15 6 2 584
7 15 6 4 908
7 15 6 13 170
7 9 7 3 1016
7 9 7 5 112
7 9 7 12 882
7 10 7 3 176
7 10 7 5 610
7 10 7 12 816
7 12 7 3 330
7 12 7 5 50
7 12 7 12 42
7 15 7 3 610
7 15 7 5 144
7 15 7 12 536
7 9 8 3 328
7 9 8 10 538
7 9 8 12 378
7 10 8 3 182
7 10 8 10 478
7 10 8 12 66
7 12 8 3 960
7 12 8 10 284
7 12 8 12 40
7 15 8 3 558
7 15 8 10 674
7 15 8 12 132
7 9 9 2 604
7 9 9 11 444
7 9 9 13 788
7 10 9 2 294
7 10 9 11 16
7 10 9 13 310
7 12 9 2 790
7 12 9 11 44
7 12 9 13 228
7 15 9 2 592
7 15 9 11 528
7 15 9 13 400
7 9 10 1 770
7 9 10 8 130
7 9 10 14 198
7 10 10 1 88
7 10 10 8 886
7 10 10 14 390
7 12 10 1 580
7 12 10 8 806
7 12 10 14 328
7 15 10 1 104
7 15 10 8 968
7 15 10 14 240
7 9 11 0 1058
7 9 11 9 36
7 9 11 15 986
7 10 11 0 188
7 10 11 9 216
7 10 11 15 666
7 12 11 0 496
7 12 11 9 156
7 12 11 15 648
7 15 11 0 338
7 15 11 9 462
7 15 11 15 130
7 9 12 7 708
7 9 12 8 280
7 9 12 14 258
7 10 12 7 324
7 10 12 8 28
7 10 12 14 706
7 12 12 7 774
7 12 12 8 278
7 12 12 14 320
7 15 12 7 68
7 15 12 8 914
7 15 12 14 312
7 9 13 6 566
7 9 13 9 414
7 9 13 15 236
7 10 13 6 250
7 10 13 9 348
7 10 13 15 392
7 12 13 6 450
7 12 13 9 404
7 12 13 15 328
7 15 13 6 256
7 15 13 9 350
7 15 13 15 526
7 9 14 5 526
7 9 14 10 572
7 9 14 12 702
7 10 14 5 56
7 10 14 10 270
7 10 14 12 26
7 12 14 5 568
7 12 14 10 900
7 12 14 12 134
7 15 14 5 212
7 15 14 10 196
7 15 14 12 482
7 9 15 4 332
7 9 15 11 208
7 9 15 13 186
7 10 15 4 506
7 10 15 11 414
7 10 15 13 536
7 12 15 4 230
7 12 15 11 142
7 12 15 13 944
7 15 15 4 760
7 15 15 11 1098
7 15 15 13 142
8 10 0 2 736
8 10 0 4 376
8 10 0 11 646
8 12 0 2 762
8 12 0 4 68
8 12 0 11 280
8 10 1 3 416
8 10 1 5 726
8 10 1 10 266
8 12 1 3 256
8 12 1 5 506
8 12 1 10 462
8 10 2 0 120
8 10 2 6 130
8 10 2 9 466
8 12 2 0 474
8 12 2 6 346
8 12 2 9 640
8 10 3 1 634
8 10 3 7 26
8 10 3 8 148
8 12 3 1 364
8 12 3 7 60
8 12 3 8 316
8 10 4 0 182
8 10 4 6 316
8 10 4 15 1050
8 12 4 0 62
8 12 4 6 58
8 12 4 15 4
8 10 5 1 866
8 10 5 7 516
8 10 5 14 130
8 12 5 1 468
8 12 5 7 540
8 12 5 14 534
8 10 6 2 120
8 10 6 4 912
8 10 6 13 330
8 12 6 2 496
8 12 6 4 132
8 12 6 13 530
8 10 7 3 640
8 10 7 5 134
8 10 7 12 844
8 12 7 3 580
8 12 7 5 578
8 12 7 12 196
8 10 8 3 452
8 10 8 10 1474
8 10 8 12 726
8 12 8 3 56
8 12 8 10 330
8 12 8 12 408
8 10 9 2 436
8 10 9 11 144
8 10 9 13 496
8 12 9 2 400
8 12 9 11 1454
8 12 9 13 436
8 10 10 1 42
8 10 10 8 112
8 10 10 14 236
8 12 10 1 980
8 12 10 8 570
8 12 10 14 96
8 10 11 0 902
8 10 11 9 1112
8 10 11 15 78
8 12 11 0 474
8 12 11 9 806
8 12 11 15 150
8 10 12 7 386
8 10 12 8 440
8 10 12 14 90
8 12 12 7 900
8 12 12 8 1922
8 12 12 14 34
8 10 13 6 538
8 10 13 9 150
8 10 13 15 218
8 12 13 6 620
8 12 13 9 318
8 12 13 15 1636
8 10 14 5 174
8 10 14 10 378
8 10 14 12 94
8 12 14 5 986
8 12 14 10 34
8 12 14 12 338
8 10 15 4 216
8 10 15 11 48
8 10 15 13 518
8 12 15 4 270
8 12 15 11 122
8 12 15 13 390
9 11 0 2 100
9 11 0 4 558
9 11 0 11 124
9 13 0 2 852
9 13 0 4 274
9 13 0 11 1016
9 11 1 3 750
9 11 1 5 444
9 11 1 10 26
9 13 1 3 482
9 13 1 5 132
9 13 1 10 562
9 11 2 0 298
9 11 2 6 46
9 11 2 9 384
9 13 2 0 210
9 13 2 6 76
9 13 2 9 648
9 11 3 1 1146
9 11 3 7 150
9 11 3 8 324
9 13 3 1 688
9 13 3 7 144
9 13 3 8 192
9 11 4 0 186
9 11 4 6 370
9 11 4 15 42
9 13 4 0 776
9 13 4 6 270
9 13 4 15 298
9 11 5 1 302
9 11 5 7 178
9 11 5 14 10
9 13 5 1 188
9 13 5 7 316
9 13 5 14 846
9 11 6 2 710
9 11 6 4 302
9 11 6 13 356
9 13 6 2 840
9 13 6 4 246
9 13 6 13 146
9 11 7 3 640
9 11 7 5 168
9 11 7 12 198
9 13 7 3 124
9 13 7 5 90
9 13 7 12 250
9 11 8 3 118
9 11 8 10 310
9 11 8 12 1140
9 13 8 3 420
9 13 8 10 718
9 13 8 12 900
9 11 9 2 276
9 11 9 11 502
9 11 9 13 338
9 13 9 2 38
9 13 9 11 100
9 13 9 13 202
9 11 10 1 34
9 11 10 8 976
9 11 10 14 320
9 13 10 1 504
9 13 10 8 72
9 13 10 14 340
9 11 11 0 158
9 11 11 9 134
9 11 11 15 750
9 13 11 0 606
9 13 11 9 888
9 13 11 15 482
9 11 12 7 186
9 11 12 8 238
9 11 12 14 570
9 13 12 7 678
9 13 12 8 82
9 13 12 14 138
9 11 13 6 1052
9 11 13 9 98
9 11 13 15 1212
9 13 13 6 104
9 13 13 9 836
9 13 13 15 582
9 11 14 5 528
9 11 14 10 630
9 11 14 12 42
9 13 14 5 216
9 13 14 10 258
9 13 14 12 670
9 11 15 4 276
9 11 15 11 356
9 11 15 13 504
9 13 15 4 958
9 13 15 11 202
9 13 15 13 98
10 14 0 2 300
10 14 0 4 50
10 14 0 11 38
10 14 1 3 28
10 14 1 5 782
10 14 1 10 582
10 14 2 0 264
10 14 2 6 166
10 14 2 9 730
10 14 3 1 988
10 14 3 7 350
10 14 3 8 250
10 14 4 0 178
10 14 4 6 286
10 14 4 15 456
10 14 5 1 6
10 14 5 7 564
10 14 5 14 248
10 14 6 2 226
10 14 6 4 80
10 14 6 13 344
10 14 7 3 376
10 14 7 5 514
10 14 7 12 734
10 14 8 3 192
10 14 8 10 732
10 14 8 12 536
10 14 9 2 486
10 14 9 11 348
10 14 9 13 64
10 14 10 1 62
10 14 10 8 518
10 14 10 14 296
10 14 11 0 1044
10 14 11 9 494
10 14 11 15 118
10 14 12 7 376
10 14 12 8 104
10 14 12 14 164
10 14 13 6 498
10 14 13 9 494
10 14 13 15 138
10 14 14 5 936
10 14 14 10 258
10 14 14 12 42
10 14 15 4 408
10 14 15 11 716
10 14 15 13 1334
11 15 0 2 548
11 15 0 4 698
11 15 0 11 612
11 15 1 3 876
11 15 1 5 138
11 15 1 10 362
11 15 2 0 768
11 15 2 6 112
11 15 2 9 54
11 15 3 1 434
11 15 3 7 198
11 15 3 8 154
11 15 4 0 526
11 15 4 6 324
11 15 4 15 894
11 15 5 1 46
11 15 5 7 164
11 15 5 14 92
11 15 6 2 832
11 15 6 4 102
11 15 6 13 894
11 15 7 3 214
11 15 7 5 312
11 15 7 12 214
11 15 8 3 610
11 15 8 10 462
11 15 8 12 72
11 15 9 2 820
11 15 9 11 140
11 15 9 13 98
11 15 10 1 70
11 15 10 8 76
11 15 10 14 1130
11 15 11 0 272
11 15 11 9 212
11 15 11 15 474
11 15 12 7 90
11 15 12 8 324
11 15 12 14 610
11 15 13 6 420
11 15 13 9 426
11 15 13 15 514
11 15 14 5 114
11 15 14 10 926
11 15 14 12 524
11 15 15 4 206
11 15 15 11 576
11 15 15 13 194
12 14 0 2 302
12 14 0 4 250
12 14 0 11 212
12 14 1 3 544
12 14 1 5 1086
12 14 1 10 306
12 14 2 0 626
12 14 2 6 856
12 14 2 9 1424
12 14 3 1 28
12 14 3 7 282
12 14 3 8 262
12 14 4 0 258
12 14 4 6 958
12 14 4 15 474
12 14 5 1 24
12 14 5 7 218
12 14 5 14 102
12 14 6 2 772
12 14 6 4 498
12 14 6 13 150
12 14 7 3 536
12 14 7 5 182
12 14 7 12 772
12 14 8 3 580
12 14 8 10 306
12 14 8 12 544
12 14 9 2 98
12 14 9 11 164
12 14 9 13 1230
12 14 10 1 442
12 14 10 8 984
12 14 10 14 566
12 14 11 0 552
12 14 11 9 108
12 14 11 15 532
12 14 12 7 56
12 14 12 8 262
12 14 12 14 416
12 14 13 6 12
12 14 13 9 90
12 14 13 15 818
12 14 14 5 182
12 14 14 10 720
12 14 14 12 504
12 14 15 4 922
12 14 15 11 330
12 14 15 13 132
13 15 0 2 76
13 15 0 4 212
13 15 0 11 1180
13 15 1 3 272
13 15 1 5 760
13 15 1 10 56
13 15 2 0 432
13 15 2 6 264
13 15 2 9 98
13 15 3 1 368
13 15 3 7 678
13 15 3 8 76
13 15 4 0 312
13 15 4 6 190
13 15 4 15 170
13 15 5 1 128
13 15 5 7 844
13 15 5 14 768
13 15 6 2 648
13 15 6 4 60
13 15 6 13 906
13 15 7 3 330
13 15 7 5 100
13 15 7 12 210
13 15 8 3 676
13 15 8 10 88
13 15 8 12 82
13 15 9 2 508
13 15 9 11 646
13 15 9 13 282
13 15 10 1 338
13 15 10 8 786
13 15 10 14 330
13 15 11 0 126
13 15 11 9 692
13 15 11 15 184
13 15 12 7 444
13 15 12 8 130
13 15 12 14 792
13 15 13 6 126
13 15 13 9 74
13 15 13 15 498
13 15 14 5 694
13 15 14 10 832
13 15 14 12 582
13 15 15 4 562
13 15 15 11 740
13 15 15 13 252
