0 2 0 2 416
0 2 0 4 902
0 2 0 11 422
0 4 0 2 116
0 4 0 4 314
0 4 0 11 576
0 8 0 2 234
0 8 0 4 680
0 8 0 11 636
0 11 0 2 84
0 11 0 4 284
0 11 0 11 260
0 13 0 2 1044
0 13 0 4 300
0 13 0 11 72
0 14 0 2 502
0 14 0 4 66
0 14 0 11 344
0 2 1 3 114
0 2 1 5 556
0 2 1 10 310
0 4 1 3 120
0 4 1 5 36
0 4 1 10 1100
0 8 1 3 100
0 8 1 5 384
0 8 1 10 658
0 11 1 3 658
0 11 1 5 14
0 11 1 10 10
0 13 1 3 844
0 13 1 5 466
0 13 1 10 732
0 14 1 3 278
0 14 1 5 76
0 14 1 10 216
0 2 2 0 8
0 2 2 6 124
0 2 2 9 938
0 4 2 0 98
0 4 2 6 122
0 4 2 9 938
0 8 2 0 320
0 8 2 6 560
0 8 2 9 790
0 11 2 0 648
0 11 2 6 560
0 11 2 9 72
0 13 2 0 212
0 13 2 6 276
0 13 2 9 356
0 14 2 0 412
0 14 2 6 114
0 14 2 9 940
0 2 3 1 50
0 2 3 7 1508
0 2 3 8 160
0 4 3 1 486
0 4 3 7 576
0 4 3 8 4
0 8 3 1 66
0 8 3 7 296
0 8 3 8 106
0 11 3 1 690
0 11 3 7 616
0 11 3 8 370
0 13 3 1 546
0 13 3 7 488
0 13 3 8 448
0 14 3 1 284
0 14 3 7 114
0 14 3 8 150
0 2 4 0 184
0 2 4 6 564
0 2 4 15 172
0 4 4 0 1156
0 4 4 6 588
0 4 4 15 1276
0 8 4 0 404
0 8 4 6 500
0 8 4 15 388
0 11 4 0 256
0 11 4 6 398
0 11 4 15 818
0 13 4 0 760
0 13 4 6 264
0 13 4 15 324
0 14 4 0 534
0 14 4 6 190
0 14 4 15 1126
0 2 5 1 592
0 2 5 7 116
0 2 5 14 422
0 4 5 1 286
0 4 5 7 132
0 4 5 14 6
0 8 5 1 400
0 8 5 7 126
0 8 5 14 900
0 11 5 1 500
0 11 5 7 64
0 11 5 14 364
0 13 5 1 76
0 13 5 7 1054
0 13 5 14 524
0 14 5 1 420
0 14 5 7 204
0 14 5 14 178
0 2 6 2 370
0 2 6 4 620
0 2 6 13 570
0 4 6 2 334
0 4 6 4 96
0 4 6 13 1010
0 8 6 2 64
0 8 6 4 1070
0 8 6 13 602
0 11 6 2 878
0 11 6 4 816
0 11 6 13 466
0 13 6 2 194
0 13 6 4 850
0 13 6 13 334
0 14 6 2 254
0 14 6 4 570
0 14 6 13 114
0 2 7 3 120
0 2 7 5 272
0 2 7 12 448
0 4 7 3 194
0 4 7 5 758
0 4 7 12 442
0 8 7 3 202
0 8 7 5 492
0 8 7 12 166
0 11 7 3 220
0 11 7 5 232
0 11 7 12 596
0 13 7 3 334
0 13 7 5 346
0 13 7 12 338
0 14 7 3 156
0 14 7 5 38
0 14 7 12 718
0 2 8 3 164
0 2 8 10 230
0 2 8 12 256
0 4 8 3 316
0 4 8 10 586
0 4 8 12 110
0 8 8 3 108
0 8 8 10 1232
0 8 8 12 914
0 11 8 3 392
0 11 8 10 498
0 11 8 12 76
0 13 8 3 1128
0 13 8 10 170
0 13 8 12 72
0 14 8 3 252
0 14 8 10 726
0 14 8 12 426
0 2 9 2 164
0 2 9 11 332
0 2 9 13 292
0 4 9 2 412
0 4 9 11 202
0 4 9 13 488
0 8 9 2 260
0 8 9 11 244
0 8 9 13 602
0 11 9 2 440
0 11 9 11 214
0 11 9 13 732
0 13 9 2 688
0 13 9 11 212
0 13 9 13 202
0 14 9 2 208
0 14 9 11 940
0 14 9 13 116
0 2 10 1 704
0 2 10 8 230
0 2 10 14 216
0 4 10 1 814
0 4 10 8 174
0 4 10 14 72
0 8 10 1 830
0 8 10 8 372
0 8 10 14 662
0 11 10 1 374
0 11 10 8 702
0 11 10 14 610
0 13 10 1 326
0 13 10 8 716
0 13 10 14 190
0 14 10 1 708
0 14 10 8 1288
0 14 10 14 422
0 2 11 0 196
0 2 11 9 354
0 2 11 15 920
0 4 11 0 696
0 4 11 9 512
0 4 11 15 346
0 8 11 0 198
0 8 11 9 438
0 8 11 15 456
0 11 11 0 922
0 11 11 9 132
0 11 11 15 594
0 13 11 0 44
0 13 11 9 184
0 13 11 15 4
0 14 11 0 402
0 14 11 9 392
0 14 11 15 574
0 2 12 7 786
0 2 12 8 214
0 2 12 14 134
0 4 12 7 210
0 4 12 8 644
0 4 12 14 252
0 8 12 7 502
0 8 12 8 452
0 8 12 14 290
0 11 12 7 726
0 11 12 8 120
0 11 12 14 370
0 13 12 7 482
0 13 12 8 422
0 13 12 14 1044
0 14 12 7 184
0 14 12 8 510
0 14 12 14 144
0 2 13 6 24
0 2 13 9 236
0 2 13 15 160
0 4 13 6 286
0 4 13 9 238
0 4 13 15 780
0 8 13 6 738
0 8 13 9 60
0 8 13 15 92
0 11 13 6 350
0 11 13 9 480
0 11 13 15 42
0 13 13 6 274
0 13 13 9 656
0 13 13 15 16
0 14 13 6 184
0 14 13 9 828
0 14 13 15 670
0 2 14 5 272
0 2 14 10 538
0 2 14 12 628
0 4 14 5 54
0 4 14 10 272
0 4 14 12 464
0 8 14 5 320
0 8 14 10 52
0 8 14 12 48
0 11 14 5 250
0 11 14 10 222
0 11 14 12 1218
0 13 14 5 140
0 13 14 10 538
0 13 14 12 138
0 14 14 5 346
0 14 14 10 932
0 14 14 12 480
0 2 15 4 900
0 2 15 11 500
0 2 15 13 994
0 4 15 4 80
0 4 15 11 300
0 4 15 13 360
0 8 15 4 388
0 8 15 11 48
0 8 15 13 718
0 11 15 4 232
0 11 15 11 372
0 11 15 13 836
0 13 15 4 576
0 13 15 11 1114
0 13 15 13 920
0 14 15 4 400
0 14 15 11 72
0 14 15 13 170
1 3 0 2 1098
1 3 0 4 558
1 3 0 11 580
1 5 0 2 364
1 5 0 4 230
1 5 0 11 206
1 9 0 2 392
1 9 0 4 488
1 9 0 11 790
1 10 0 2 102
1 10 0 4 712
1 10 0 11 308
1 12 0 2 704
1 12 0 4 1002
1 12 0 11 448
1 15 0 2 1164
1 15 0 4 76
1 15 0 11 86
1 3 1 3 116
1 3 1 5 804
1 3 1 10 716
1 5 1 3 158
1 5 1 5 166
1 5 1 10 206
1 9 1 3 840
1 9 1 5 300
1 9 1 10 436
1 10 1 3 856
1 10 1 5 498
1 10 1 10 1014
1 12 1 3 764
1 12 1 5 1122
1 12 1 10 94
1 15 1 3 554
1 15 1 5 1220
1 15 1 10 390
1 3 2 0 516
1 3 2 6 394
1 3 2 9 30
1 5 2 0 68
1 5 2 6 112
1 5 2 9 374
1 9 2 0 330
1 9 2 6 1004
1 9 2 9 230
1 10 2 0 658
1 10 2 6 652
1 10 2 9 438
1 12 2 0 732
1 12 2 6 802
1 12 2 9 506
1 15 2 0 322
1 15 2 6 168
1 15 2 9 548
1 3 3 1 114
1 3 3 7 470
1 3 3 8 198
1 5 3 1 154
1 5 3 7 144
1 5 3 8 444
1 9 3 1 454
1 9 3 7 504
1 9 3 8 216
1 10 3 1 1368
1 10 3 7 538
1 10 3 8 1008
1 12 3 1 124
1 12 3 7 218
1 12 3 8 460
1 15 3 1 772
1 15 3 7 212
1 15 3 8 618
1 3 4 0 96
1 3 4 6 108
1 3 4 15 232
1 5 4 0 554
1 5 4 6 324
1 5 4 15 478
1 9 4 0 1124
1 9 4 6 760
1 9 4 15 528
1 10 4 0 172
1 10 4 6 136
1 10 4 15 434
1 12 4 0 294
1 12 4 6 52
1 12 4 15 710
1 15 4 0 218
1 15 4 6 96
1 15 4 15 186
1 3 5 1 292
1 3 5 7 590
1 3 5 14 582
1 5 5 1 892
1 5 5 7 560
1 5 5 14 242
1 9 5 1 246
1 9 5 7 786
1 9 5 14 372
1 10 5 1 54
1 10 5 7 442
1 10 5 14 48
1 12 5 1 210
1 12 5 7 100
1 12 5 14 92
1 15 5 1 192
1 15 5 7 240
1 15 5 14 154
1 3 6 2 112
1 3 6 4 26
1 3 6 13 184
1 5 6 2 32
1 5 6 4 360
1 5 6 13 564
1 9 6 2 216
1 9 6 4 750
1 9 6 13 78
1 10 6 2 448
1 10 6 4 614
1 10 6 13 240
1 12 6 2 384
1 12 6 4 72
1 12 6 13 410
1 15 6 2 548
1 15 6 4 304
1 15 6 13 750
1 3 7 3 306
1 3 7 5 196
1 3 7 12 176
1 5 7 3 14
1 5 7 5 778
1 5 7 12 364
1 9 7 3 274
1 9 7 5 730
1 9 7 12 362
1 10 7 3 310
1 10 7 5 772
1 10 7 12 918
1 12 7 3 366
1 12 7 5 332
1 12 7 12 250
1 15 7 3 998
1 15 7 5 144
1 15 7 12 606
1 3 8 3 438
1 3 8 10 1186
1 3 8 12 572
1 5 8 3 108
1 5 8 10 54
1 5 8 12 192
1 9 8 3 284
1 9 8 10 174
1 9 8 12 1022
1 10 8 3 36
1 10 8 10 88
1 10 8 12 308
1 12 8 3 830
1 12 8 10 328
1 12 8 12 210
1 15 8 3 410
1 15 8 10 186
1 15 8 12 70
1 3 9 2 270
1 3 9 11 314
1 3 9 13 278
1 5 9 2 812
1 5 9 11 402
1 5 9 13 50
1 9 9 2 234
1 9 9 11 344
1 9 9 13 400
1 10 9 2 348
1 10 9 11 396
1 10 9 13 44
1 12 9 2 348
1 12 9 11 408
1 12 9 13 572
1 15 9 2 506
1 15 9 11 72
1 15 9 13 206
1 3 10 1 1470
1 3 10 8 464
1 3 10 14 282
1 5 10 1 310
1 5 10 8 532
1 5 10 14 218
1 9 10 1 292
1 9 10 8 316
1 9 10 14 88
1 10 10 1 28
1 10 10 8 316
1 10 10 14 142
1 12 10 1 646
1 12 10 8 638
1 12 10 14 10
1 15 10 1 378
1 15 10 8 674
1 15 10 14 28
1 3 11 0 416
1 3 11 9 64
1 3 11 15 92
1 5 11 0 256
1 5 11 9 436
1 5 11 15 6
1 9 11 0 390
1 9 11 9 100
1 9 11 15 960
1 10 11 0 578
1 10 11 9 324
1 10 11 15 34
1 12 11 0 28
1 12 11 9 220
1 12 11 15 1238
1 15 11 0 82
1 15 11 9 136
1 15 11 15 408
1 3 12 7 106
1 3 12 8 292
1 3 12 14 456
1 5 12 7 56
1 5 12 8 410
1 5 12 14 118
1 9 12 7 304
1 9 12 8 570
1 9 12 14 434
1 10 12 7 662
1 10 12 8 264
1 10 12 14 42
1 12 12 7 70
1 12 12 8 106
1 12 12 14 932
1 15 12 7 170
1 15 12 8 302
1 15 12 14 724
1 3 13 6 436
1 3 13 9 244
1 3 13 15 198
1 5 13 6 632
1 5 13 9 452
1 5 13 15 602
1 9 13 6 280
1 9 13 9 688
1 9 13 15 144
1 10 13 6 254
1 10 13 9 350
1 10 13 15 274
1 12 13 6 58
1 12 13 9 694
1 12 13 15 350
1 15 13 6 1396
1 15 13 9 302
1 15 13 15 294
1 3 14 5 34
1 3 14 10 466
1 3 14 12 68
1 5 14 5 702
1 5 14 10 264
1 5 14 12 162
1 9 14 5 524
1 9 14 10 706
1 9 14 12 146
1 10 14 5 190
1 10 14 10 1182
1 10 14 12 448
1 12 14 5 272
1 12 14 10 14
1 12 14 12 108
1 15 14 5 170
1 15 14 10 380
1 15 14 12 82
1 3 15 4 336
1 3 15 11 896
1 3 15 13 718
1 5 15 4 554
1 5 15 11 888
1 5 15 13 168
1 9 15 4 276
1 9 15 11 292
1 9 15 13 354
1 10 15 4 708
1 10 15 11 570
1 10 15 13 480
1 12 15 4 90
1 12 15 11 1396
1 12 15 13 34
1 15 15 4 344
1 15 15 11 1290
1 15 15 13 702
2 6 0 2 1440
2 6 0 4 388
2 6 0 11 794
2 9 0 2 118
2 9 0 4 530
2 9 0 11 136
2 10 0 2 136
2 10 0 4 250
2 10 0 11 338
2 12 0 2 454
2 12 0 4 240
2 12 0 11 236
2 15 0 2 488
2 15 0 4 448
2 15 0 11 214
2 6 1 3 124
2 6 1 5 528
2 6 1 10 1342
2 9 1 3 904
2 9 1 5 818
2 9 1 10 296
2 10 1 3 402
2 10 1 5 248
2 10 1 10 394
2 12 1 3 714
2 12 1 5 188
2 12 1 10 734
2 15 1 3 532
2 15 1 5 826
2 15 1 10 54
2 6 2 0 18
2 6 2 6 70
2 6 2 9 36
2 9 2 0 554
2 9 2 6 84
2 9 2 9 974
2 10 2 0 252
2 10 2 6 790
2 10 2 9 718
2 12 2 0 854
2 12 2 6 918
2 12 2 9 320
2 15 2 0 452
2 15 2 6 322
2 15 2 9 506
2 6 3 1 230
2 6 3 7 498
2 6 3 8 256
2 9 3 1 492
2 9 3 7 66
2 9 3 8 152
2 10 3 1 274
2 10 3 7 688
2 10 3 8 778
2 12 3 1 292
2 12 3 7 542
2 12 3 8 4
2 15 3 1 196
2 15 3 7 102
2 15 3 8 712
2 6 4 0 408
2 6 4 6 326
2 6 4 15 198
2 9 4 0 286
2 9 4 6 554
2 9 4 15 258
2 10 4 0 422
2 10 4 6 52
2 10 4 15 1002
2 12 4 0 564
2 12 4 6 326
2 12 4 15 466
2 15 4 0 718
2 15 4 6 306
2 15 4 15 466
2 6 5 1 886
2 6 5 7 182
2 6 5 14 396
2 9 5 1 436
2 9 5 7 588
2 9 5 14 38
2 10 5 1 682
2 10 5 7 330
2 10 5 14 154
2 12 5 1 204
2 12 5 7 236
2 12 5 14 1024
2 15 5 1 42
2 15 5 7 50
2 15 5 14 228
2 6 6 2 884
2 6 6 4 104
2 6 6 13 770
2 9 6 2 138
2 9 6 4 190
2 9 6 13 516
2 10 6 2 74
2 10 6 4 334
2 10 6 13 24
2 12 6 2 64
2 12 6 4 222
2 12 6 13 200
2 15 6 2 562
2 15 6 4 356
2 15 6 13 288
2 6 7 3 236
2 6 7 5 832
2 6 7 12 266
2 9 7 3 242
2 9 7 5 410
2 9 7 12 52
2 10 7 3 24
2 10 7 5 328
2 10 7 12 454
2 12 7 3 586
2 12 7 5 300
2 12 7 12 78
2 15 7 3 450
2 15 7 5 750
2 15 7 12 768
2 6 8 3 240
2 6 8 10 32
2 6 8 12 460
2 9 8 3 258
2 9 8 10 410
2 9 8 12 140
2 10 8 3 642
2 10 8 10 70
2 10 8 12 444
2 12 8 3 530
2 12 8 10 396
2 12 8 12 144
2 15 8 3 256
2 15 8 10 44
2 15 8 12 822
2 6 9 2 364
2 6 9 11 418
2 6 9 13 590
2 9 9 2 428
2 9 9 11 36
2 9 9 13 580
2 10 9 2 272
2 10 9 11 744
2 10 9 13 876
2 12 9 2 262
2 12 9 11 400
2 12 9 13 546
2 15 9 2 248
2 15 9 11 28
2 15 9 13 68
2 6 10 1 96
2 6 10 8 910
2 6 10 14 910
2 9 10 1 396
2 9 10 8 486
2 9 10 14 356
2 10 10 1 370
2 10 10 8 310
2 10 10 14 26
2 12 10 1 0
2 12 10 8 630
2 12 10 14 1296
2 15 10 1 332
2 15 10 8 342
2 15 10 14 232
2 6 11 0 280
2 6 11 9 936
2 6 11 15 346
2 9 11 0 480
2 9 11 9 498
2 9 11 15 118
2 10 11 0 378
2 10 11 9 300
2 10 11 15 322
2 12 11 0 142
2 12 11 9 744
2 12 11 15 224
2 15 11 0 516
2 15 11 9 544
2 15 11 15 6
2 6 12 7 418
2 6 12 8 270
2 6 12 14 146
2 9 12 7 492
2 9 12 8 186
2 9 12 14 622
2 10 12 7 146
2 10 12 8 98
2 10 12 14 1194
2 12 12 7 392
2 12 12 8 668
2 12 12 14 308
2 15 12 7 192
2 15 12 8 328
2 15 12 14 630
2 6 13 6 530
2 6 13 9 396
2 6 13 15 300
2 9 13 6 100
2 9 13 9 170
2 9 13 15 104
2 10 13 6 228
2 10 13 9 306
2 10 13 15 318
2 12 13 6 578
2 12 13 9 318
2 12 13 15 24
2 15 13 6 782
2 15 13 9 198
2 15 13 15 292
2 6 14 5 266
2 6 14 10 638
2 6 14 12 226
2 9 14 5 78
2 9 14 10 32
2 9 14 12 324
2 10 14 5 306
2 10 14 10 42
2 10 14 12 326
2 12 14 5 50
2 12 14 10 142
2 12 14 12 620
2 15 14 5 236
2 15 14 10 228
2 15 14 12 318
2 6 15 4 338
2 6 15 11 360
2 6 15 13 424
2 9 15 4 34
2 9 15 11 356
2 9 15 13 1428
2 10 15 4 496
2 10 15 11 408
2 10 15 13 870
2 12 15 4 54
2 12 15 11 302
2 12 15 13 426
2 15 15 4 244
2 15 15 11 268
2 15 15 13 590
3 7 0 2 408
3 7 0 4 94
3 7 0 11 78
3 8 0 2 678
3 8 0 4 590
3 8 0 11 36
3 11 0 2 576
3 11 0 4 962
3 11 0 11 102
3 13 0 2 480
3 13 0 4 90
3 13 0 11 434
3 14 0 2 126
3 14 0 4 436
3 14 0 11 1086
3 7 1 3 50
3 7 1 5 482
3 7 1 10 304
3 8 1 3 2
3 8 1 5 100
3 8 1 10 186
3 11 1 3 1026
3 11 1 5 94
3 11 1 10 150
3 13 1 3 1206
3 13 1 5 550
3 13 1 10 238
3 14 1 3 54
3 14 1 5 268
3 14 1 10 208
3 7 2 0 30
3 7 2 6 96
3 7 2 9 578
3 8 2 0 322
3 8 2 6 562
3 8 2 9 666
3 11 2 0 234
3 11 2 6 84
3 11 2 9 302
3 13 2 0 224
3 13 2 6 896
3 13 2 9 342
3 14 2 0 796
3 14 2 6 734
3 14 2 9 184
3 7 3 1 22
3 7 3 7 176
3 7 3 8 312
3 8 3 1 32
3 8 3 7 28
3 8 3 8 348
3 11 3 1 326
3 11 3 7 882
3 11 3 8 372
3 13 3 1 368
3 13 3 7 496
3 13 3 8 10
3 14 3 1 666
3 14 3 7 148
3 14 3 8 190
3 7 4 0 612
3 7 4 6 104
3 7 4 15 924
3 8 4 0 506
3 8 4 6 252
3 8 4 15 376
3 11 4 0 152
3 11 4 6 548
3 11 4 15 172
3 13 4 0 540
3 13 4 6 1338
3 13 4 15 922
3 14 4 0 316
3 14 4 6 626
3 14 4 15 194
3 7 5 1 660
3 7 5 7 366
3 7 5 14 1128
3 8 5 1 264
3 8 5 7 72
3 8 5 14 318
3 11 5 1 332
3 11 5 7 150
3 11 5 14 114
3 13 5 1 138
3 13 5 7 1642
3 13 5 14 400
3 14 5 1 398
3 14 5 7 282
3 14 5 14 432
3 7 6 2 16
3 7 6 4 82
3 7 6 13 192
3 8 6 2 308
3 8 6 4 176
3 8 6 13 100
3 11 6 2 348
3 11 6 4 346
3 11 6 13 284
3 13 6 2 752
3 13 6 4 288
3 13 6 13 74
3 14 6 2 1102
3 14 6 4 704
3 14 6 13 556
3 7 7 3 386
3 7 7 5 298
3 7 7 12 92
3 8 7 3 202
3 8 7 5 946
3 8 7 12 312
3 11 7 3 262
3 11 7 5 410
3 11 7 12 442
3 13 7 3 396
3 13 7 5 1016
3 13 7 12 30
3 14 7 3 298
3 14 7 5 1000
3 14 7 12 388
3 7 8 3 372
3 7 8 10 354
3 7 8 12 492
3 8 8 3 134
3 8 8 10 412
3 8 8 12 148
3 11 8 3 38
3 11 8 10 816
3 11 8 12 628
3 13 8 3 816
3 13 8 10 286
3 13 8 12 762
3 14 8 3 32
3 14 8 10 920
3 14 8 12 492
3 7 9 2 178
3 7 9 11 102
3 7 9 13 1094
3 8 9 2 532
3 8 9 11 538
3 8 9 13 346
3 11 9 2 442
3 11 9 11 512
3 11 9 13 114
3 13 9 2 166
3 13 9 11 366
3 13 9 13 488
3 14 9 2 182
3 14 9 11 72
3 14 9 13 506
3 7 10 1 510
3 7 10 8 58
3 7 10 14 20
3 8 10 1 224
3 8 10 8 910
3 8 10 14 1298
3 11 10 1 384
3 11 10 8 482
3 11 10 14 830
3 13 10 1 468
3 13 10 8 84
3 13 10 14 378
3 14 10 1 850
3 14 10 8 478
3 14 10 14 52
3 7 11 0 178
3 7 11 9 262
3 7 11 15 206
3 8 11 0 150
3 8 11 9 376
3 8 11 15 920
3 11 11 0 106
3 11 11 9 922
3 11 11 15 502
3 13 11 0 590
3 13 11 9 970
3 13 11 15 494
3 14 11 0 184
3 14 11 9 284
3 14 11 15 626
3 7 12 7 182
3 7 12 8 702
3 7 12 14 692
3 8 12 7 80
3 8 12 8 44
3 8 12 14 824
3 11 12 7 820
3 11 12 8 864
3 11 12 14 722
3 13 12 7 72
3 13 12 8 570
3 13 12 14 408
3 14 12 7 200
3 14 12 8 238
3 14 12 14 1234
3 7 13 6 886
3 7 13 9 128
3 7 13 15 286
3 8 13 6 576
3 8 13 9 244
3 8 13 15 774
3 11 13 6 108
3 11 13 9 236
3 11 13 15 600
3 13 13 6 228
3 13 13 9 856
3 13 13 15 294
3 14 13 6 674
3 14 13 9 370
3 14 13 15 536
3 7 14 5 140
3 7 14 10 130
3 7 14 12 124
3 8 14 5 170
3 8 14 10 374
3 8 14 12 396
3 11 14 5 796
3 11 14 10 64
3 11 14 12 142
3 13 14 5 228
3 13 14 10 60
3 13 14 12 144
3 14 14 5 412
3 14 14 10 124
3 14 14 12 282
3 7 15 4 240
3 7 15 11 116
3 7 15 13 218
3 8 15 4 84
3 8 15 11 790
3 8 15 13 768
3 11 15 4 472
3 11 15 11 640
3 11 15 13 130
3 13 15 4 16
3 13 15 11 10
3 13 15 13 188
3 14 15 4 96
3 14 15 11 64
3 14 15 13 982
4 6 0 2 8
4 6 0 4 238
4 6 0 11 118
4 9 0 2 704
4 9 0 4 592
4 9 0 11 112
4 10 0 2 766
4 10 0 4 122
4 10 0 11 230
4 12 0 2 238
4 12 0 4 428
4 12 0 11 114
4 15 0 2 118
4 15 0 4 686
4 15 0 11 60
4 6 1 3 60
4 6 1 5 646
4 6 1 10 124
4 9 1 3 812
4 9 1 5 1444
4 9 1 10 172
4 10 1 3 74
4 10 1 5 242
4 10 1 10 40
4 12 1 3 48
4 12 1 5 34
4 12 1 10 30
4 15 1 3 312
4 15 1 5 246
4 15 1 10 212
4 6 2 0 84
4 6 2 6 6
4 6 2 9 250
4 9 2 0 194
4 9 2 6 342
4 9 2 9 376
4 10 2 0 564
4 10 2 6 912
4 10 2 9 334
4 12 2 0 1018
4 12 2 6 194
4 12 2 9 910
4 15 2 0 76
4 15 2 6 696
4 15 2 9 970
4 6 3 1 430
4 6 3 7 160
4 6 3 8 362
4 9 3 1 508
4 9 3 7 140
4 9 3 8 42
4 10 3 1 234
4 10 3 7 1054
4 10 3 8 480
4 12 3 1 1112
4 12 3 7 290
4 12 3 8 480
4 15 3 1 1480
4 15 3 7 954
4 15 3 8 58
4 6 4 0 370
4 6 4 6 104
4 6 4 15 296
4 9 4 0 192
4 9 4 6 374
4 9 4 15 424
4 10 4 0 1084
4 10 4 6 34
4 10 4 15 520
4 12 4 0 878
4 12 4 6 370
4 12 4 15 88
4 15 4 0 324
4 15 4 6 488
4 15 4 15 104
4 6 5 1 190
4 6 5 7 914
4 6 5 14 476
4 9 5 1 412
4 9 5 7 744
4 9 5 14 830
4 10 5 1 342
4 10 5 7 534
4 10 5 14 438
4 12 5 1 358
4 12 5 7 60
4 12 5 14 234
4 15 5 1 670
4 15 5 7 114
4 15 5 14 492
4 6 6 2 554
4 6 6 4 418
4 6 6 13 222
4 9 6 2 502
4 9 6 4 64
4 9 6 13 76
4 10 6 2 296
4 10 6 4 568
4 10 6 13 424
4 12 6 2 478
4 12 6 4 224
4 12 6 13 494
4 15 6 2 808
4 15 6 4 1070
4 15 6 13 1036
4 6 7 3 322
4 6 7 5 36
4 6 7 12 1130
4 9 7 3 178
4 9 7 5 178
4 9 7 12 324
4 10 7 3 64
4 10 7 5 276
4 10 7 12 940
4 12 7 3 420
4 12 7 5 392
4 12 7 12 66
4 15 7 3 98
4 15 7 5 402
4 15 7 12 270
4 6 8 3 970
4 6 8 10 792
4 6 8 12 696
4 9 8 3 954
4 9 8 10 806
4 9 8 12 764
4 10 8 3 446
4 10 8 10 252
4 10 8 12 172
4 12 8 3 170
4 12 8 10 144
4 12 8 12 394
4 15 8 3 716
4 15 8 10 378
4 15 8 12 1062
4 6 9 2 78
4 6 9 11 114
4 6 9 13 344
4 9 9 2 728
4 9 9 11 132
4 9 9 13 544
4 10 9 2 116
4 10 9 11 574
4 10 9 13 198
4 12 9 2 90
4 12 9 11 354
4 12 9 13 294
4 15 9 2 792
4 15 9 11 252
4 15 9 13 386
4 6 10 1 390
4 6 10 8 308
4 6 10 14 664
4 9 10 1 244
4 9 10 8 350
4 9 10 14 474
4 10 10 1 88
4 10 10 8 1136
4 10 10 14 114
4 12 10 1 642
4 12 10 8 590
4 12 10 14 488
4 15 10 1 284
4 15 10 8 292
4 15 10 14 1076
4 6 11 0 14
4 6 11 9 256
4 6 11 15 46
4 9 11 0 424
4 9 11 9 384
4 9 11 15 264
4 10 11 0 516
4 10 11 9 636
4 10 11 15 454
4 12 11 0 248
4 12 11 9 84
4 12 11 15 290
4 15 11 0 738
4 15 11 9 858
4 15 11 15 308
4 6 12 7 224
4 6 12 8 34
4 6 12 14 132
4 9 12 7 300
4 9 12 8 1314
4 9 12 14 14
4 10 12 7 226
4 10 12 8 140
4 10 12 14 194
4 12 12 7 324
4 12 12 8 820
4 12 12 14 172
4 15 12 7 336
4 15 12 8 462
4 15 12 14 198
4 6 13 6 428
4 6 13 9 242
4 6 13 15 280
4 9 13 6 256
4 9 13 9 454
4 9 13 15 304
4 10 13 6 736
4 10 13 9 136
4 10 13 15 100
4 12 13 6 142
4 12 13 9 504
4 12 13 15 206
4 15 13 6 24
4 15 13 9 190
4 15 13 15 446
4 6 14 5 4
4 6 14 10 726
4 6 14 12 166
4 9 14 5 130
4 9 14 10 864
4 9 14 12 114
4 10 14 5 798
4 10 14 10 466
4 10 14 12 424
4 12 14 5 164
4 12 14 10 694
4 12 14 12 858
4 15 14 5 396
4 15 14 10 128
4 15 14 12 376
4 6 15 4 608
4 6 15 11 168
4 6 15 13 518
4 9 15 4 552
4 9 15 11 628
4 9 15 13 136
4 10 15 4 570
4 10 15 11 510
4 10 15 13 150
4 12 15 4 332
4 12 15 11 494
4 12 15 13 804
4 15 15 4 374
4 15 15 11 554
4 15 15 13 630
5 7 0 2 1218
5 7 0 4 32
5 7 0 11 864
5 8 0 2 208
5 8 0 4 640
5 8 0 11 474
5 11 0 2 554
5 11 0 4 572
5 11 0 11 330
5 13 0 2 122
5 13 0 4 300
5 13 0 11 42
5 14 0 2 348
5 14 0 4 194
5 14 0 11 308
5 7 1 3 1286
5 7 1 5 52
5 7 1 10 692
5 8 1 3 364
5 8 1 5 714
5 8 1 10 140
5 11 1 3 724
5 11 1 5 52
5 11 1 10 166
5 13 1 3 116
5 13 1 5 160
5 13 1 10 968
5 14 1 3 8
5 14 1 5 636
5 14 1 10 528
5 7 2 0 118
5 7 2 6 698
5 7 2 9 542
5 8 2 0 616
5 8 2 6 226
5 8 2 9 248
5 11 2 0 376
5 11 2 6 708
5 11 2 9 952
5 13 2 0 124
5 13 2 6 226
5 13 2 9 346
5 14 2 0 42
5 14 2 6 1188
5 14 2 9 916
5 7 3 1 164
5 7 3 7 972
5 7 3 8 24
5 8 3 1 104
5 8 3 7 238
5 8 3 8 488
5 11 3 1 2
5 11 3 7 300
5 11 3 8 142
5 13 3 1 266
5 13 3 7 634
5 13 3 8 66
5 14 3 1 700
5 14 3 7 834
5 14 3 8 494
5 7 4 0 32
5 7 4 6 178
5 7 4 15 274
5 8 4 0 566
5 8 4 6 358
5 8 4 15 172
5 11 4 0 142
5 11 4 6 44
5 11 4 15 272
5 13 4 0 208
5 13 4 6 6
5 13 4 15 448
5 14 4 0 330
5 14 4 6 716
5 14 4 15 366
5 7 5 1 636
5 7 5 7 150
5 7 5 14 66
5 8 5 1 312
5 8 5 7 842
5 8 5 14 124
5 11 5 1 516
5 11 5 7 730
5 11 5 14 224
5 13 5 1 876
5 13 5 7 206
5 13 5 14 320
5 14 5 1 92
5 14 5 7 166
5 14 5 14 158
5 7 6 2 768
5 7 6 4 168
5 7 6 13 22
5 8 6 2 676
5 8 6 4 130
5 8 6 13 128
5 11 6 2 418
5 11 6 4 268
5 11 6 13 354
5 13 6 2 12
5 13 6 4 364
5 13 6 13 858
5 14 6 2 212
5 14 6 4 920
5 14 6 13 712
5 7 7 3 156
5 7 7 5 1014
5 7 7 12 1062
5 8 7 3 368
5 8 7 5 402
5 8 7 12 224
5 11 7 3 186
5 11 7 5 292
5 11 7 12 246
5 13 7 3 422
5 13 7 5 308
5 13 7 12 112
5 14 7 3 58
5 14 7 5 206
5 14 7 12 276
5 7 8 3 384
5 7 8 10 350
5 7 8 12 136
5 8 8 3 322
5 8 8 10 38
5 8 8 12 458
5 11 8 3 334
5 11 8 10 106
5 11 8 12 454
5 13 8 3 882
5 13 8 10 264
5 13 8 12 308
5 14 8 3 156
5 14 8 10 650
5 14 8 12 572
5 7 9 2 40
5 7 9 11 272
5 7 9 13 52
5 8 9 2 192
5 8 9 11 324
5 8 9 13 72
5 11 9 2 318
5 11 9 11 728
5 11 9 13 116
5 13 9 2 770
5 13 9 11 868
5 13 9 13 870
5 14 9 2 246
5 14 9 11 648
5 14 9 13 1162
5 7 10 1 330
5 7 10 8 382
5 7 10 14 422
5 8 10 1 296
5 8 10 8 10
5 8 10 14 438
5 11 10 1 352
5 11 10 8 180
5 11 10 14 280
5 13 10 1 114
5 13 10 8 400
5 13 10 14 272
5 14 10 1 798
5 14 10 8 506
5 14 10 14 128
5 7 11 0 162
5 7 11 9 264
5 7 11 15 294
5 8 11 0 142
5 8 11 9 268
5 8 11 15 210
5 11 11 0 18
5 11 11 9 700
5 11 11 15 280
5 13 11 0 804
5 13 11 9 1196
5 13 11 15 382
5 14 11 0 94
5 14 11 9 154
5 14 11 15 524
5 7 12 7 560
5 7 12 8 178
5 7 12 14 622
5 8 12 7 76
5 8 12 8 518
5 8 12 14 126
5 11 12 7 382
5 11 12 8 66
5 11 12 14 1078
5 13 12 7 286
5 13 12 8 208
5 13 12 14 138
5 14 12 7 218
5 14 12 8 60
5 14 12 14 342
5 7 13 6 502
5 7 13 9 54
5 7 13 15 428
5 8 13 6 212
5 8 13 9 70
5 8 13 15 130
5 11 13 6 326
5 11 13 9 106
5 11 13 15 36
5 13 13 6 696
5 13 13 9 826
5 13 13 15 346
5 14 13 6 620
5 14 13 9 20
5 14 13 15 2
5 7 14 5 338
5 7 14 10 102
5 7 14 12 194
5 8 14 5 176
5 8 14 10 188
5 8 14 12 190
5 11 14 5 354
5 11 14 10 74
5 11 14 12 186
5 13 14 5 238
5 13 14 10 624
5 13 14 12 14
5 14 14 5 572
5 14 14 10 952
5 14 14 12 264
5 7 15 4 336
5 7 15 11 420
5 7 15 13 1002
5 8 15 4 14
5 8 15 11 270
5 8 15 13 54
5 11 15 4 430
5 11 15 11 32
5 11 15 13 998
5 13 15 4 1082
5 13 15 11 378
5 13 15 13 474
5 14 15 4 110
5 14 15 11 278
5 14 15 13 1310
6 8 0 2 186
6 8 0 4 1116
6 8 0 11 504
6 11 0 2 274
6 11 0 4 238
6 11 0 11 328
6 13 0 2 374
6 13 0 4 232
6 13 0 11 220
6 14 0 2 526
6 14 0 4 154
6 14 0 11 294
6 8 1 3 668
6 8 1 5 504
6 8 1 10 1172
6 11 1 3 606
6 11 1 5 346
6 11 1 10 472
6 13 1 3 78
6 13 1 5 626
6 13 1 10 714
6 14 1 3 332
6 14 1 5 566
6 14 1 10 120
6 8 2 0 610
6 8 2 6 818
6 8 2 9 284
6 11 2 0 866
6 11 2 6 26
6 11 2 9 214
6 13 2 0 912
6 13 2 6 352
6 13 2 9 524
6 14 2 0 1286
6 14 2 6 142
6 14 2 9 472
6 8 3 1 140
6 8 3 7 418
6 8 3 8 236
6 11 3 1 236
6 11 3 7 62
6 11 3 8 338
6 13 3 1 486
6 13 3 7 222
6 13 3 8 364
6 14 3 1 208
6 14 3 7 20
6 14 3 8 604
6 8 4 0 706
6 8 4 6 334
6 8 4 15 42
6 11 4 0 452
6 11 4 6 304
6 11 4 15 996
6 13 4 0 202
6 13 4 6 630
6 13 4 15 656
6 14 4 0 956
6 14 4 6 334
6 14 4 15 28
6 8 5 1 20
6 8 5 7 780
6 8 5 14 130
6 11 5 1 440
6 11 5 7 242
6 11 5 14 306
6 13 5 1 934
6 13 5 7 416
6 13 5 14 74
6 14 5 1 220
6 14 5 7 148
6 14 5 14 242
6 8 6 2 368
6 8 6 4 452
6 8 6 13 382
6 11 6 2 576
6 11 6 4 458
6 11 6 13 4
6 13 6 2 202
6 13 6 4 460
6 13 6 13 574
6 14 6 2 712
6 14 6 4 300
6 14 6 13 298
6 8 7 3 492
6 8 7 5 552
6 8 7 12 846
6 11 7 3 34
6 11 7 5 156
6 11 7 12 142
6 13 7 3 286
6 13 7 5 72
6 13 7 12 132
6 14 7 3 538
6 14 7 5 200
6 14 7 12 534
6 8 8 3 128
6 8 8 10 242
6 8 8 12 516
6 11 8 3 326
6 11 8 10 456
6 11 8 12 32
6 13 8 3 162
6 13 8 10 1024
6 13 8 12 806
6 14 8 3 176
6 14 8 10 90
6 14 8 12 70
6 8 9 2 6
6 8 9 11 286
6 8 9 13 294
6 11 9 2 40
6 11 9 11 68
6 11 9 13 248
6 13 9 2 940
6 13 9 11 348
6 13 9 13 554
6 14 9 2 2
6 14 9 11 44
6 14 9 13 358
6 8 10 1 148
6 8 10 8 110
6 8 10 14 1370
6 11 10 1 924
6 11 10 8 2
6 11 10 14 318
6 13 10 1 178
6 13 10 8 1296
6 13 10 14 26
6 14 10 1 682
6 14 10 8 890
6 14 10 14 388
6 8 11 0 452
6 8 11 9 394
6 8 11 15 78
6 11 11 0 334
6 11 11 9 196
6 11 11 15 234
6 13 11 0 252
6 13 11 9 308
6 13 11 15 1492
6 14 11 0 218
6 14 11 9 86
6 14 11 15 430
6 8 12 7 540
6 8 12 8 462
6 8 12 14 248
6 11 12 7 216
6 11 12 8 778
6 11 12 14 924
6 13 12 7 518
6 13 12 8 668
6 13 12 14 150
6 14 12 7 298
6 14 12 8 62
6 14 12 14 362
6 8 13 6 8
6 8 13 9 672
6 8 13 15 378
6 11 13 6 584
6 11 13 9 768
6 11 13 15 306
6 13 13 6 574
6 13 13 9 178
6 13 13 15 346
6 14 13 6 140
6 14 13 9 152
6 14 13 15 796
6 8 14 5 44
6 8 14 10 18
6 8 14 12 242
6 11 14 5 216
6 11 14 10 462
6 11 14 12 242
6 13 14 5 1180
6 13 14 10 8
6 13 14 12 54
6 14 14 5 320
6 14 14 10 554
6 14 14 12 1198
6 8 15 4 1018
6 8 15 11 692
6 8 15 13 1430
6 11 15 4 132
6 11 15 11 450
6 11 15 13 408
6 13 15 4 622
6 13 15 11 490
6 13 15 13 36
6 14 15 4 642
6 14 15 11 504
6 14 15 13 296
7 9 0 2 64
7 9 0 4 278
7 9 0 11 420
7 10 0 2 258
7 10 0 4 56
7 10 0 11 1658
7 12 0 2 562
7 12 0 4 36
7 12 0 11 50
7 15 0 2 682
7 15 0 4 718
7 15 0 11 290
7 9 1 3 432
7 9 1 5 370
7 9 1 10 832
7 10 1 3 522
7 10 1 5 18
7 10 1 10 56
7 12 1 3 270
7 12 1 5 434
7 12 1 10 474
7 15 1 3 364
7 15 1 5 264
7 15 1 10 706
7 9 2 0 560
7 9 2 6 146
7 9 2 9 112
7 10 2 0 54
7 10 2 6 144
7 10 2 9 328
7 12 2 0 378
7 12 2 6 706
7 12 2 9 972
7 15 2 0 594
7 15 2 6 70
7 15 2 9 1046
7 9 3 1 4
7 9 3 7 142
7 9 3 8 220
7 10 3 1 20
7 10 3 7 310
7 10 3 8 1086
7 12 3 1 404
7 12 3 7 140
7 12 3 8 754
7 15 3 1 212
7 15 3 7 150
7 15 3 8 410
7 9 4 0 172
7 9 4 6 648
7 9 4 15 682
7 10 4 0 118
7 10 4 6 90
7 10 4 15 100
7 12 4 0 250
7 12 4 6 134
7 12 4 15 240
7 15 4 0 124
7 15 4 6 266
7 15 4 15 60
7 9 5 1 454
7 9 5 7 846
7 9 5 14 440
7 10 5 1 800
7 10 5 7 746
7 10 5 14 354
7 12 5 1 140
7 12 5 7 376
7 12 5 14 908
7 15 5 1 86
7 15 5 7 24
7 15 5 14 592
7 9 6 2 414
7 9 6 4 248
7 9 6 13 12
7 10 6 2 142
7 10 6 4 168
7 10 6 13 34
7 12 6 2 66
7 12 6 4 78
7 12 6 13 98
7 15 6 2 756
7 15 6 4 196
7 15 6 13 504
7 9 7 3 812
7 9 7 5 604
7 9 7 12 444
7 10 7 3 362
7 10 7 5 170
7 10 7 12 306
7 12 7 3 678
7 12 7 5 544
7 12 7 12 554
7 15 7 3 294
7 15 7 5 888
7 15 7 12 328
7 9 8 3 1312
7 9 8 10 204
7 9 8 12 326
7 10 8 3 1074
7 10 8 10 288
7 10 8 12 554
7 12 8 3 140
7 12 8 10 376
7 12 8 12 224
7 15 8 3 566
7 15 8 10 1096
7 15 8 12 50
7 9 9 2 112
7 9 9 11 1016
7 9 9 13 118
7 10 9 2 828
7 10 9 11 4
7 10 9 13 72
7 12 9 2 228
7 12 9 11 308
7 12 9 13 350
7 15 9 2 524
7 15 9 11 68
7 15 9 13 564
7 9 10 1 216
7 9 10 8 466
7 9 10 14 920
7 10 10 1 208
7 10 10 8 226
7 10 10 14 236
7 12 10 1 536
7 12 10 8 294
7 12 10 14 482
7 15 10 1 770
7 15 10 8 134
7 15 10 14 218
7 9 11 0 406
7 9 11 9 848
7 9 11 15 342
7 10 11 0 576
7 10 11 9 610
7 10 11 15 416
7 12 11 0 596
7 12 11 9 458
7 12 11 15 522
7 15 11 0 190
7 15 11 9 170
7 15 11 15 290
7 9 12 7 182
7 9 12 8 80
7 9 12 14 860
7 10 12 7 326
7 10 12 8 678
7 10 12 14 462
7 12 12 7 108
7 12 12 8 728
7 12 12 14 76
7 15 12 7 96
7 15 12 8 24
7 15 12 14 226
7 9 13 6 494
7 9 13 9 510
7 9 13 15 652
7 10 13 6 70
7 10 13 9 118
7 10 13 15 460
7 12 13 6 244
7 12 13 9 378
7 12 13 15 266
7 15 13 6 788
7 15 13 9 192
7 15 13 15 1054
7 9 14 5 266
7 9 14 10 162
7 9 14 12 460
7 10 14 5 76
7 10 14 10 250
7 10 14 12 184
7 12 14 5 328
7 12 14 10 316
7 12 14 12 240
7 15 14 5 88
7 15 14 10 246
7 15 14 12 604
7 9 15 4 224
7 9 15 11 750
7 9 15 13 112
7 10 15 4 446
7 10 15 11 1130
7 10 15 13 124
7 12 15 4 662
7 12 15 11 274
7 12 15 13 998
7 15 15 4 244
7 15 15 11 360
7 15 15 13 206
8 10 0 2 108
8 10 0 4 94
8 10 0 11 82
8 12 0 2 204
8 12 0 4 804
8 12 0 11 188
8 10 1 3 758
8 10 1 5 996
8 10 1 10 790
8 12 1 3 216
8 12 1 5 128
8 12 1 10 690
8 10 2 0 392
8 10 2 6 20
8 10 2 9 210
8 12 2 0 54
8 12 2 6 188
8 12 2 9 356
8 10 3 1 14
8 10 3 7 154
8 10 3 8 458
8 12 3 1 740
8 12 3 7 376
8 12 3 8 724
8 10 4 0 388
8 10 4 6 558
8 10 4 15 156
8 12 4 0 288
8 12 4 6 106
8 12 4 15 354
8 10 5 1 472
8 10 5 7 212
8 10 5 14 886
8 12 5 1 682
8 12 5 7 566
8 12 5 14 96
8 10 6 2 514
8 10 6 4 46
8 10 6 13 20
8 12 6 2 172
8 12 6 4 900
8 12 6 13 450
8 10 7 3 642
8 10 7 5 142
8 10 7 12 514
8 12 7 3 1216
8 12 7 5 232
8 12 7 12 220
8 10 8 3 430
8 10 8 10 296
8 10 8 12 386
8 12 8 3 398
8 12 8 10 362
8 12 8 12 116
8 10 9 2 190
8 10 9 11 816
8 10 9 13 332
8 12 9 2 808
8 12 9 11 138
8 12 9 13 86
8 10 10 1 632
8 10 10 8 46
8 10 10 14 446
8 12 10 1 50
8 12 10 8 222
8 12 10 14 44
8 10 11 0 110
8 10 11 9 188
8 10 11 15 28
8 12 11 0 342
8 12 11 9 646
8 12 11 15 786
8 10 12 7 310
8 10 12 8 200
8 10 12 14 328
8 12 12 7 516
8 12 12 8 858
8 12 12 14 608
8 10 13 6 14
8 10 13 9 318
8 10 13 15 228
8 12 13 6 110
8 12 13 9 148
8 12 13 15 466
8 10 14 5 24
8 10 14 10 18
8 10 14 12 60
8 12 14 5 942
8 12 14 10 138
8 12 14 12 442
8 10 15 4 98
8 10 15 11 404
8 10 15 13 298
8 12 15 4 816
8 12 15 11 568
8 12 15 13 318
9 11 0 2 52
9 11 0 4 782
9 11 0 11 178
9 13 0 2 1274
9 13 0 4 78
9 13 0 11 24
9 11 1 3 338
9 11 1 5 1086
9 11 1 10 592
9 13 1 3 68
9 13 1 5 62
9 13 1 10 924
9 11 2 0 454
9 11 2 6 340
9 11 2 9 830
9 13 2 0 522
9 13 2 6 232
9 13 2 9 1278
9 11 3 1 60
9 11 3 7 1312
9 11 3 8 320
9 13 3 1 262
9 13 3 7 468
9 13 3 8 726
9 11 4 0 254
9 11 4 6 294
9 11 4 15 144
9 13 4 0 502
9 13 4 6 214
9 13 4 15 790
9 11 5 1 770
9 11 5 7 72
9 11 5 14 614
9 13 5 1 182
9 13 5 7 234
9 13 5 14 278
9 11 6 2 300
9 11 6 4 260
9 11 6 13 10
9 13 6 2 0
9 13 6 4 276
9 13 6 13 244
9 11 7 3 576
9 11 7 5 184
9 11 7 12 572
9 13 7 3 910
9 13 7 5 394
9 13 7 12 54
9 11 8 3 426
9 11 8 10 720
9 11 8 12 48
9 13 8 3 444
9 13 8 10 100
9 13 8 12 644
9 11 9 2 452
9 11 9 11 506
9 11 9 13 410
9 13 9 2 268
9 13 9 11 296
9 13 9 13 582
9 11 10 1 122
9 11 10 8 426
9 11 10 14 534
9 13 10 1 730
9 13 10 8 298
9 13 10 14 722
9 11 11 0 1276
9 11 11 9 196
9 11 11 15 314
9 13 11 0 310
9 13 11 9 310
9 13 11 15 824
9 11 12 7 678
9 11 12 8 482
9 11 12 14 1176
9 13 12 7 170
9 13 12 8 322
9 13 12 14 652
9 11 13 6 182
9 11 13 9 366
9 11 13 15 342
9 13 13 6 220
9 13 13 9 458
9 13 13 15 474
9 11 14 5 564
9 11 14 10 116
9 11 14 12 228
9 13 14 5 932
9 13 14 10 58
9 13 14 12 634
9 11 15 4 418
9 11 15 11 650
9 11 15 13 514
9 13 15 4 596
9 13 15 11 714
9 13 15 13 340
10 14 0 2 780
10 14 0 4 174
10 14 0 11 238
10 14 1 3 788
10 14 1 5 832
10 14 1 10 466
10 14 2 0 344
10 14 2 6 182
10 14 2 9 244
10 14 3 1 78
10 14 3 7 466
10 14 3 8 214
10 14 4 0 362
10 14 4 6 266
10 14 4 15 108
10 14 5 1 1022
10 14 5 7 882
10 14 5 14 920
10 14 6 2 358
10 14 6 4 224
10 14 6 13 1034
10 14 7 3 776
10 14 7 5 624
10 14 7 12 258
10 14 8 3 946
10 14 8 10 788
10 14 8 12 460
10 14 9 2 362
10 14 9 11 162
10 14 9 13 318
10 14 10 1 576
10 14 10 8 198
10 14 10 14 908
10 14 11 0 418
10 14 11 9 528
10 14 11 15 572
10 14 12 7 684
10 14 12 8 354
10 14 12 14 406
10 14 13 6 34
10 14 13 9 92
10 14 13 15 560
10 14 14 5 790
10 14 14 10 1126
10 14 14 12 698
10 14 15 4 56
10 14 15 11 208
10 14 15 13 574
11 15 0 2 406
11 15 0 4 294
11 15 0 11 278
11 15 1 3 20
11 15 1 5 94
11 15 1 10 1190
11 15 2 0 38
11 15 2 6 326
11 15 2 9 508
11 15 3 1 606
11 15 3 7 404
11 15 3 8 42
11 15 4 0 332
11 15 4 6 284
11 15 4 15 344
11 15 5 1 446
11 15 5 7 88
11 15 5 14 896
11 15 6 2 968
11 15 6 4 660
11 15 6 13 596
11 15 7 3 972
11 15 7 5 128
11 15 7 12 28
11 15 8 3 590
11 15 8 10 328
11 15 8 12 14
11 15 9 2 388
11 15 9 11 500
11 15 9 13 922
11 15 10 1 330
11 15 10 8 688
11 15 10 14 32
11 15 11 0 174
11 15 11 9 382
11 15 11 15 1054
11 15 12 7 134
11 15 12 8 258
11 15 12 14 244
11 15 13 6 104
11 15 13 9 302
11 15 13 15 196
11 15 14 5 982
11 15 14 10 26
11 15 14 12 454
11 15 15 4 134
11 15 15 11 14
11 15 15 13 46
12 14 0 2 632
12 14 0 4 736
12 14 0 11 62
12 14 1 3 122
12 14 1 5 258
12 14 1 10 938
12 14 2 0 220
12 14 2 6 454
12 14 2 9 186
12 14 3 1 940
12 14 3 7 850
12 14 3 8 334
12 14 4 0 892
12 14 4 6 366
12 14 4 15 228
12 14 5 1 270
12 14 5 7 62
12 14 5 14 536
12 14 6 2 64
12 14 6 4 392
12 14 6 13 222
12 14 7 3 816
12 14 7 5 116
12 14 7 12 460
12 14 8 3 874
12 14 8 10 752
12 14 8 12 404
12 14 9 2 218
12 14 9 11 82
12 14 9 13 442
12 14 10 1 18
12 14 10 8 270
12 14 10 14 336
12 14 11 0 866
12 14 11 9 40
12 14 11 15 908
12 14 12 7 172
12 14 12 8 280
12 14 12 14 64
12 14 13 6 402
12 14 13 9 1098
12 14 13 15 106
12 14 14 5 144
12 14 14 10 238
12 14 14 12 638
12 14 15 4 934
12 14 15 11 226
12 14 15 13 76
13 15 0 2 54
13 15 0 4 684
13 15 0 11 138
13 15 1 3 764
13 15 1 5 204
13 15 1 10 346
13 15 2 0 194
13 15 2 6 204
13 15 2 9 892
13 15 3 1 300
13 15 3 7 26
13 15 3 8 826
13 15 4 0 828
13 15 4 6 400
13 15 4 15 360
13 15 5 1 376
13 15 5 7 190
13 15 5 14 634
13 15 6 2 650
13 15 6 4 612
13 15 6 13 318
13 15 7 3 390
13 15 7 5 624
13 15 7 12 186
13 15 8 3 288
13 15 8 10 330
13 15 8 12 226
13 15 9 2 592
13 15 9 11 364
13 15 9 13 252
13 15 10 1 1040
13 15 10 8 504
13 15 10 14 98
13 15 11 0 834
13 15 11 9 56
13 15 11 15 602
13 15 12 7 1010
13 15 12 8 894
13 15 12 14 502
13 15 13 6 336
13 15 13 9 20
13 15 13 15 32
13 15 14 5 190
13 15 14 10 300
13 15 14 12 498
13 15 15 4 250
13 15 15 11 972
13 15 15 13 486
