0 2 0 2 2730
0 2 0 4 1412
0 2 0 6 4020
0 4 0 2 4958
0 4 0 4 2192
0 4 0 6 1976
0 8 0 2 3428
0 8 0 4 7034
0 8 0 6 2778
0 2 1 3 3948
0 2 1 5 5742
0 2 1 7 2624
0 4 1 3 4524
0 4 1 5 7750
0 4 1 7 7616
0 8 1 3 3336
0 8 1 5 9906
0 8 1 7 5652
0 2 2 0 6756
0 2 2 4 1150
0 2 2 6 2530
0 4 2 0 15930
0 4 2 4 13714
0 4 2 6 5170
0 8 2 0 8988
0 8 2 4 1628
0 8 2 6 8826
0 2 3 1 4506
0 2 3 5 10380
0 2 3 7 3678
0 4 3 1 3060
0 4 3 5 6244
0 4 3 7 1238
0 8 3 1 134
0 8 3 5 3084
0 8 3 7 2968
0 2 4 0 13610
0 2 4 2 5702
0 2 4 6 478
0 4 4 0 17328
0 4 4 2 18794
0 4 4 6 4572
0 8 4 0 5044
0 8 4 2 17534
0 8 4 6 16064
0 2 5 1 7864
0 2 5 3 11854
0 2 5 7 5226
0 4 5 1 3802
0 4 5 3 12038
0 4 5 7 3622
0 8 5 1 1588
0 8 5 3 2972
0 8 5 7 8266
0 2 6 0 290
0 2 6 2 10976
0 2 6 4 12054
0 4 6 0 10934
0 4 6 2 990
0 4 6 4 3748
0 8 6 0 3402
0 8 6 2 7676
0 8 6 4 3916
0 2 7 1 11528
0 2 7 3 4512
0 2 7 5 7186
0 4 7 1 9236
0 4 7 3 7798
0 4 7 5 34448
0 8 7 1 5892
0 8 7 3 7062
0 8 7 5 3076
0 2 8 10 16524
0 2 8 12 1128
0 2 8 14 2080
0 4 8 10 21174
0 4 8 12 8612
0 4 8 14 6032
0 8 8 10 15534
0 8 8 12 11280
0 8 8 14 7056
0 2 9 11 1360
0 2 9 13 4574
0 2 9 15 1566
0 4 9 11 7644
0 4 9 13 15142
0 4 9 15 1498
0 8 9 11 12568
0 8 9 13 1390
0 8 9 15 8276
0 2 10 8 810
0 2 10 12 6710
0 2 10 14 7644
0 4 10 8 7032
0 4 10 12 3868
0 4 10 14 3972
0 8 10 8 13890
0 8 10 12 9490
0 8 10 14 3344
0 2 11 9 8438
0 2 11 13 894
0 2 11 15 5624
0 4 11 9 1592
0 4 11 13 12010
0 4 11 15 7262
0 8 11 9 21378
0 8 11 13 11302
0 8 11 15 906
0 2 12 8 12746
0 2 12 10 12554
0 2 12 14 898
0 4 12 8 25226
0 4 12 10 3582
0 4 12 14 7838
0 8 12 8 1632
0 8 12 10 4628
0 8 12 14 4934
0 2 13 9 10004
0 2 13 11 3096
0 2 13 15 1166
0 4 13 9 6544
0 4 13 11 1816
0 4 13 15 1914
0 8 13 9 16860
0 8 13 11 1732
0 8 13 15 1594
0 2 14 8 13460
0 2 14 10 852
0 2 14 12 6634
0 4 14 8 10628
0 4 14 10 3912
0 4 14 12 256
0 8 14 8 14116
0 8 14 10 4508
0 8 14 12 13982
0 2 15 9 1446
0 2 15 11 4136
0 2 15 13 4346
0 4 15 9 6782
0 4 15 11 12514
0 4 15 13 2614
0 8 15 9 8678
0 8 15 11 17154
0 8 15 13 10354
1 3 0 2 15620
1 3 0 4 9646
1 3 0 6 1742
1 5 0 2 7662
1 5 0 4 6666
1 5 0 6 5540
1 9 0 2 1242
1 9 0 4 2396
1 9 0 6 7838
1 3 1 3 15622
1 3 1 5 9422
1 3 1 7 10598
1 5 1 3 2910
1 5 1 5 558
1 5 1 7 5478
1 9 1 3 10712
1 9 1 5 4716
1 9 1 7 14006
1 3 2 0 3960
1 3 2 4 5516
1 3 2 6 2522
1 5 2 0 228
1 5 2 4 3676
1 5 2 6 7114
1 9 2 0 8084
1 9 2 4 2940
1 9 2 6 8812
1 3 3 1 19774
1 3 3 5 3426
1 3 3 7 868
1 5 3 1 1056
1 5 3 5 5882
1 5 3 7 4202
1 9 3 1 828
1 9 3 5 10604
1 9 3 7 7690
1 3 4 0 558
1 3 4 2 3546
1 3 4 6 5454
1 5 4 0 10358
1 5 4 2 10410
1 5 4 6 2066
1 9 4 0 2962
1 9 4 2 7586
1 9 4 6 1124
1 3 5 1 3506
1 3 5 3 474
1 3 5 7 5010
1 5 5 1 860
1 5 5 3 4776
1 5 5 7 662
1 9 5 1 2424
1 9 5 3 9842
1 9 5 7 10690
1 3 6 0 3418
1 3 6 2 7726
1 3 6 4 1948
1 5 6 0 6034
1 5 6 2 5568
1 5 6 4 1072
1 9 6 0 4110
1 9 6 2 6506
1 9 6 4 3338
1 3 7 1 4018
1 3 7 3 3002
1 3 7 5 5856
1 5 7 1 2006
1 5 7 3 5982
1 5 7 5 10390
1 9 7 1 7494
1 9 7 3 10438
1 9 7 5 7154
1 3 8 10 1932
1 3 8 12 19326
1 3 8 14 5186
1 5 8 10 2130
1 5 8 12 19054
1 5 8 14 4644
1 9 8 10 7880
1 9 8 12 9952
1 9 8 14 4592
1 3 9 11 11532
1 3 9 13 3114
1 3 9 15 2494
1 5 9 11 5022
1 5 9 13 9056
1 5 9 15 3330
1 9 9 11 7802
1 9 9 13 14040
1 9 9 15 1940
1 3 10 8 6324
1 3 10 12 9042
1 3 10 14 312
1 5 10 8 6812
1 5 10 12 3250
1 5 10 14 4726
1 9 10 8 4826
1 9 10 12 1796
1 9 10 14 92
1 3 11 9 8698
1 3 11 13 8152
1 3 11 15 5424
1 5 11 9 5706
1 5 11 13 776
1 5 11 15 4336
1 9 11 9 5564
1 9 11 13 6420
1 9 11 15 2284
1 3 12 8 2098
1 3 12 10 526
1 3 12 14 18542
1 5 12 8 4908
1 5 12 10 5538
1 5 12 14 4682
1 9 12 8 7220
1 9 12 10 7106
1 9 12 14 2018
1 3 13 9 6786
1 3 13 11 8088
1 3 13 15 5242
1 5 13 9 4712
1 5 13 11 8544
1 5 13 15 1990
1 9 13 9 11388
1 9 13 11 7582
1 9 13 15 5236
1 3 14 8 22040
1 3 14 10 4056
1 3 14 12 17238
1 5 14 8 15736
1 5 14 10 15804
1 5 14 12 4594
1 9 14 8 1294
1 9 14 10 8386
1 9 14 12 6680
1 3 15 9 7148
1 3 15 11 5860
1 3 15 13 23832
1 5 15 9 2612
1 5 15 11 9016
1 5 15 13 3188
1 9 15 9 16146
1 9 15 11 14360
1 9 15 13 8756
2 6 0 2 11978
2 6 0 4 2456
2 6 0 6 6486
2 10 0 2 2874
2 10 0 4 15500
2 10 0 6 4006
2 6 1 3 18780
2 6 1 5 26028
2 6 1 7 2670
2 10 1 3 6202
2 10 1 5 10854
2 10 1 7 1128
2 6 2 0 11200
2 6 2 4 224
2 6 2 6 9532
2 10 2 0 3196
2 10 2 4 8524
2 10 2 6 11442
2 6 3 1 2130
2 6 3 5 4174
2 6 3 7 6050
2 10 3 1 4928
2 10 3 5 10250
2 10 3 7 27604
2 6 4 0 12102
2 6 4 2 1478
2 6 4 6 13134
2 10 4 0 6486
2 10 4 2 15188
2 10 4 6 2066
2 6 5 1 2492
2 6 5 3 4884
2 6 5 7 394
2 10 5 1 4186
2 10 5 3 14580
2 10 5 7 1248
2 6 6 0 4858
2 6 6 2 8546
2 6 6 4 7940
2 10 6 0 7016
2 10 6 2 6130
2 10 6 4 7586
2 6 7 1 2126
2 6 7 3 22366
2 6 7 5 6514
2 10 7 1 2128
2 10 7 3 14270
2 10 7 5 9054
2 6 8 10 15378
2 6 8 12 15064
2 6 8 14 2900
2 10 8 10 1868
2 10 8 12 21316
2 10 8 14 3246
2 6 9 11 16210
2 6 9 13 2530
2 6 9 15 10450
2 10 9 11 5924
2 10 9 13 11758
2 10 9 15 12106
2 6 10 8 11010
2 6 10 12 4648
2 6 10 14 3988
2 10 10 8 1858
2 10 10 12 4838
2 10 10 14 2110
2 6 11 9 2886
2 6 11 13 8462
2 6 11 15 518
2 10 11 9 166
2 10 11 13 18914
2 10 11 15 5828
2 6 12 8 15366
2 6 12 10 16330
2 6 12 14 3892
2 10 12 8 7846
2 10 12 10 10932
2 10 12 14 10028
2 6 13 9 11836
2 6 13 11 18958
2 6 13 15 4590
2 10 13 9 312
2 10 13 11 7834
2 10 13 15 6164
2 6 14 8 5244
2 6 14 10 4574
2 6 14 12 758
2 10 14 8 12446
2 10 14 10 3826
2 10 14 12 14766
2 6 15 9 7296
2 6 15 11 240
2 6 15 13 13816
2 10 15 9 1688
2 10 15 11 4172
2 10 15 13 20558
3 7 0 2 1002
3 7 0 4 5708
3 7 0 6 3180
3 11 0 2 4412
3 11 0 4 3640
3 11 0 6 4196
3 7 1 3 3716
3 7 1 5 6554
3 7 1 7 6088
3 11 1 3 3046
3 11 1 5 17486
3 11 1 7 13718
3 7 2 0 8038
3 7 2 4 2272
3 7 2 6 2294
3 11 2 0 4232
3 11 2 4 5252
3 11 2 6 1152
3 7 3 1 1564
3 7 3 5 1656
3 7 3 7 15352
3 11 3 1 1686
3 11 3 5 9652
3 11 3 7 1526
3 7 4 0 742
3 7 4 2 310
3 7 4 6 1908
3 11 4 0 5214
3 11 4 2 120
3 11 4 6 12332
3 7 5 1 6208
3 7 5 3 2956
3 7 5 7 2754
3 11 5 1 8746
3 11 5 3 3354
3 11 5 7 11500
3 7 6 0 6700
3 7 6 2 9250
3 7 6 4 7044
3 11 6 0 4274
3 11 6 2 9000
3 11 6 4 2672
3 7 7 1 1544
3 7 7 3 594
3 7 7 5 3968
3 11 7 1 3008
3 11 7 3 14982
3 11 7 5 7116
3 7 8 10 8820
3 7 8 12 1524
3 7 8 14 12628
3 11 8 10 6122
3 11 8 12 4426
3 11 8 14 446
3 7 9 11 5470
3 7 9 13 9842
3 7 9 15 1890
3 11 9 11 4498
3 11 9 13 8600
3 11 9 15 2098
3 7 10 8 12206
3 7 10 12 10520
3 7 10 14 5960
3 11 10 8 12410
3 11 10 12 1378
3 11 10 14 4574
3 7 11 9 11888
3 7 11 13 7692
3 7 11 15 2286
3 11 11 9 5316
3 11 11 13 3860
3 11 11 15 13526
3 7 12 8 3268
3 7 12 10 5022
3 7 12 14 8318
3 11 12 8 9086
3 11 12 10 2006
3 11 12 14 9778
3 7 13 9 4240
3 7 13 11 488
3 7 13 15 14644
3 11 13 9 20776
3 11 13 11 3122
3 11 13 15 3866
3 7 14 8 120
3 7 14 10 7120
3 7 14 12 8836
3 11 14 8 3870
3 11 14 10 8780
3 11 14 12 788
3 7 15 9 2102
3 7 15 11 3706
3 7 15 13 2082
3 11 15 9 1284
3 11 15 11 7198
3 11 15 13 6668
4 6 0 2 4288
4 6 0 4 6096
4 6 0 6 96
4 12 0 2 7764
4 12 0 4 1830
4 12 0 6 7598
4 6 1 3 6776
4 6 1 5 3494
4 6 1 7 762
4 12 1 3 8116
4 12 1 5 928
4 12 1 7 4230
4 6 2 0 860
4 6 2 4 9306
4 6 2 6 7978
4 12 2 0 1542
4 12 2 4 5880
4 12 2 6 6880
4 6 3 1 6944
4 6 3 5 15800
4 6 3 7 17246
4 12 3 1 2204
4 12 3 5 21872
4 12 3 7 9714
4 6 4 0 4404
4 6 4 2 8880
4 6 4 6 2014
4 12 4 0 3402
4 12 4 2 9686
4 12 4 6 3382
4 6 5 1 12150
4 6 5 3 10104
4 6 5 7 416
4 12 5 1 17478
4 12 5 3 6718
4 12 5 7 13074
4 6 6 0 11622
4 6 6 2 4386
4 6 6 4 3736
4 12 6 0 9758
4 12 6 2 2908
4 12 6 4 134
4 6 7 1 4140
4 6 7 3 10862
4 6 7 5 2744
4 12 7 1 888
4 12 7 3 7754
4 12 7 5 16788
4 6 8 10 13490
4 6 8 12 2302
4 6 8 14 8844
4 12 8 10 4910
4 12 8 12 2706
4 12 8 14 1778
4 6 9 11 6328
4 6 9 13 2572
4 6 9 15 3448
4 12 9 11 2288
4 12 9 13 3520
4 12 9 15 456
4 6 10 8 8708
4 6 10 12 10568
4 6 10 14 750
4 12 10 8 12170
4 12 10 12 1136
4 12 10 14 6650
4 6 11 9 4190
4 6 11 13 6550
4 6 11 15 856
4 12 11 9 212
4 12 11 13 14424
4 12 11 15 4498
4 6 12 8 8656
4 6 12 10 1718
4 6 12 14 9174
4 12 12 8 1670
4 12 12 10 7580
4 12 12 14 8362
4 6 13 9 3512
4 6 13 11 318
4 6 13 15 7212
4 12 13 9 8400
4 12 13 11 9690
4 12 13 15 508
4 6 14 8 6608
4 6 14 10 2978
4 6 14 12 5920
4 12 14 8 1306
4 12 14 10 4876
4 12 14 12 12174
4 6 15 9 1542
4 6 15 11 12892
4 6 15 13 1716
4 12 15 9 8098
4 12 15 11 11946
4 12 15 13 884
5 7 0 2 6096
5 7 0 4 3782
5 7 0 6 5394
5 13 0 2 21084
5 13 0 4 3446
5 13 0 6 6512
5 7 1 3 4954
5 7 1 5 2094
5 7 1 7 11078
5 13 1 3 1948
5 13 1 5 2756
5 13 1 7 7160
5 7 2 0 670
5 7 2 4 8502
5 7 2 6 10320
5 13 2 0 3870
5 13 2 4 8552
5 13 2 6 5022
5 7 3 1 1426
5 7 3 5 9452
5 7 3 7 3958
5 13 3 1 2564
5 13 3 5 6530
5 13 3 7 216
5 7 4 0 2768
5 7 4 2 3064
5 7 4 6 396
5 13 4 0 354
5 13 4 2 6632
5 13 4 6 10652
5 7 5 1 6844
5 7 5 3 6542
5 7 5 7 5640
5 13 5 1 4520
5 13 5 3 5700
5 13 5 7 14596
5 7 6 0 978
5 7 6 2 6708
5 7 6 4 6928
5 13 6 0 21214
5 13 6 2 1858
5 13 6 4 5802
5 7 7 1 7550
5 7 7 3 1556
5 7 7 5 2886
5 13 7 1 5428
5 13 7 3 8582
5 13 7 5 1584
5 7 8 10 4068
5 7 8 12 12384
5 7 8 14 4920
5 13 8 10 5754
5 13 8 12 5128
5 13 8 14 8948
5 7 9 11 13698
5 7 9 13 7344
5 7 9 15 2684
5 13 9 11 2818
5 13 9 13 7820
5 13 9 15 3036
5 7 10 8 1758
5 7 10 12 8068
5 7 10 14 6070
5 13 10 8 8466
5 13 10 12 4858
5 13 10 14 4050
5 7 11 9 10820
5 7 11 13 2060
5 7 11 15 11660
5 13 11 9 1720
5 13 11 13 18546
5 13 11 15 8552
5 7 12 8 4466
5 7 12 10 678
5 7 12 14 648
5 13 12 8 2076
5 13 12 10 974
5 13 12 14 11242
5 7 13 9 3558
5 7 13 11 12472
5 7 13 15 17900
5 13 13 9 7090
5 13 13 11 5196
5 13 13 15 18350
5 7 14 8 2088
5 7 14 10 6600
5 7 14 12 3382
5 13 14 8 3130
5 13 14 10 8750
5 13 14 12 848
5 7 15 9 5226
5 7 15 11 8554
5 7 15 13 4694
5 13 15 9 10414
5 13 15 11 2556
5 13 15 13 3198
6 14 0 2 2544
6 14 0 4 5812
6 14 0 6 14524
6 14 1 3 11510
6 14 1 5 11878
6 14 1 7 820
6 14 2 0 6354
6 14 2 4 9748
6 14 2 6 1906
6 14 3 1 7832
6 14 3 5 5708
6 14 3 7 1792
6 14 4 0 16570
6 14 4 2 14632
6 14 4 6 2986
6 14 5 1 6930
6 14 5 3 594
6 14 5 7 5006
6 14 6 0 7090
6 14 6 2 610
6 14 6 4 5696
6 14 7 1 5702
6 14 7 3 8038
6 14 7 5 11422
6 14 8 10 1262
6 14 8 12 3448
6 14 8 14 7422
6 14 9 11 634
6 14 9 13 106
6 14 9 15 9806
6 14 10 8 7400
6 14 10 12 5804
6 14 10 14 1280
6 14 11 9 12290
6 14 11 13 4164
6 14 11 15 2220
6 14 12 8 1090
6 14 12 10 15778
6 14 12 14 870
6 14 13 9 4360
6 14 13 11 5856
6 14 13 15 3310
6 14 14 8 2340
6 14 14 10 10334
6 14 14 12 7984
6 14 15 9 5812
6 14 15 11 6166
6 14 15 13 8358
7 15 0 2 9006
7 15 0 4 1462
7 15 0 6 1548
7 15 1 3 6560
7 15 1 5 7934
7 15 1 7 20462
7 15 2 0 14874
7 15 2 4 1920
7 15 2 6 16808
7 15 3 1 1746
7 15 3 5 1382
7 15 3 7 6118
7 15 4 0 3478
7 15 4 2 422
7 15 4 6 7600
7 15 5 1 3604
7 15 5 3 12250
7 15 5 7 5434
7 15 6 0 1110
7 15 6 2 7808
7 15 6 4 5782
7 15 7 1 1378
7 15 7 3 4522
7 15 7 5 946
7 15 8 10 3226
7 15 8 12 1740
7 15 8 14 2174
7 15 9 11 5786
7 15 9 13 7342
7 15 9 15 8432
7 15 10 8 990
7 15 10 12 4838
7 15 10 14 1338
7 15 11 9 378
7 15 11 13 12832
7 15 11 15 792
7 15 12 8 4584
7 15 12 10 650
7 15 12 14 4712
7 15 13 9 10430
7 15 13 11 13172
7 15 13 15 2388
7 15 14 8 5616
7 15 14 10 1696
7 15 14 12 9262
7 15 15 9 8616
7 15 15 11 9028
7 15 15 13 9818
8 10 0 2 4966
8 10 0 4 10804
8 10 0 6 8830
8 12 0 2 5926
8 12 0 4 1946
8 12 0 6 8294
8 10 1 3 8290
8 10 1 5 6002
8 10 1 7 4404
8 12 1 3 13100
8 12 1 5 6538
8 12 1 7 16908
8 10 2 0 990
8 10 2 4 3866
8 10 2 6 4680
8 12 2 0 7768
8 12 2 4 2422
8 12 2 6 15336
8 10 3 1 3828
8 10 3 5 2290
8 10 3 7 876
8 12 3 1 3198
8 12 3 5 11198
8 12 3 7 9072
8 10 4 0 3620
8 10 4 2 3742
8 10 4 6 6732
8 12 4 0 560
8 12 4 2 10638
8 12 4 6 9830
8 10 5 1 9160
8 10 5 3 156
8 10 5 7 3408
8 12 5 1 6076
8 12 5 3 2222
8 12 5 7 12992
8 10 6 0 7038
8 10 6 2 11606
8 10 6 4 8496
8 12 6 0 9118
8 12 6 2 1232
8 12 6 4 1126
8 10 7 1 2136
8 10 7 3 3228
8 10 7 5 2606
8 12 7 1 7584
8 12 7 3 414
8 12 7 5 5058
8 10 8 10 14310
8 10 8 12 1744
8 10 8 14 6748
8 12 8 10 9448
8 12 8 12 4936
8 12 8 14 2098
8 10 9 11 10704
8 10 9 13 3918
8 10 9 15 5526
8 12 9 11 9480
8 12 9 13 4208
8 12 9 15 21354
8 10 10 8 2060
8 10 10 12 3232
8 10 10 14 20776
8 12 10 8 8184
8 12 10 12 3846
8 12 10 14 4446
8 10 11 9 3612
8 10 11 13 320
8 10 11 15 20692
8 12 11 9 7444
8 12 11 13 1536
8 12 11 15 3084
8 10 12 8 6300
8 10 12 10 4464
8 10 12 14 4126
8 12 12 8 4244
8 12 12 10 6784
8 12 12 14 1862
8 10 13 9 3720
8 10 13 11 2896
8 10 13 15 5956
8 12 13 9 4288
8 12 13 11 7804
8 12 13 15 9016
8 10 14 8 9940
8 10 14 10 7484
8 10 14 12 9784
8 12 14 8 2514
8 12 14 10 6552
8 12 14 12 12114
8 10 15 9 3626
8 10 15 11 9074
8 10 15 13 4974
8 12 15 9 5600
8 12 15 11 8718
8 12 15 13 456
9 11 0 2 2818
9 11 0 4 8068
9 11 0 6 3252
9 13 0 2 8450
9 13 0 4 7662
9 13 0 6 3826
9 11 1 3 7198
9 11 1 5 154
9 11 1 7 7862
9 13 1 3 1934
9 13 1 5 4992
9 13 1 7 3388
9 11 2 0 3108
9 11 2 4 4412
9 11 2 6 2396
9 13 2 0 9114
9 13 2 4 25376
9 13 2 6 7750
9 11 3 1 8516
9 11 3 5 1550
9 11 3 7 15760
9 13 3 1 10312
9 13 3 5 186
9 13 3 7 3522
9 11 4 0 6038
9 11 4 2 3328
9 11 4 6 1454
9 13 4 0 9820
9 13 4 2 3888
9 13 4 6 2356
9 11 5 1 7556
9 11 5 3 4682
9 11 5 7 5018
9 13 5 1 2258
9 13 5 3 16518
9 13 5 7 1334
9 11 6 0 14594
9 11 6 2 10702
9 11 6 4 780
9 13 6 0 1310
9 13 6 2 3496
9 13 6 4 6702
9 11 7 1 2156
9 11 7 3 8052
9 11 7 5 892
9 13 7 1 670
9 13 7 3 5252
9 13 7 5 3056
9 11 8 10 7892
9 11 8 12 6208
9 11 8 14 12546
9 13 8 10 6024
9 13 8 12 100
9 13 8 14 3700
9 11 9 11 9270
9 11 9 13 7124
9 11 9 15 22758
9 13 9 11 3426
9 13 9 13 3514
9 13 9 15 13522
9 11 10 8 1484
9 11 10 12 7454
9 11 10 14 2764
9 13 10 8 5836
9 13 10 12 2492
9 13 10 14 5200
9 11 11 9 9486
9 11 11 13 6410
9 11 11 15 12036
9 13 11 9 1288
9 13 11 13 854
9 13 11 15 6342
9 11 12 8 7228
9 11 12 10 8072
9 11 12 14 2780
9 13 12 8 10272
9 13 12 10 2968
9 13 12 14 11810
9 11 13 9 1662
9 11 13 11 6602
9 11 13 15 6498
9 13 13 9 7282
9 13 13 11 11992
9 13 13 15 1076
9 11 14 8 12792
9 11 14 10 3022
9 11 14 12 11070
9 13 14 8 6900
9 13 14 10 9234
9 13 14 12 12856
9 11 15 9 2502
9 11 15 11 11684
9 11 15 13 258
9 13 15 9 15260
9 13 15 11 6990
9 13 15 13 25546
10 14 0 2 6554
10 14 0 4 5588
10 14 0 6 5010
10 14 1 3 4912
10 14 1 5 2748
10 14 1 7 2458
10 14 2 0 8756
10 14 2 4 5584
10 14 2 6 46
10 14 3 1 8576
10 14 3 5 2982
10 14 3 7 13102
10 14 4 0 10526
10 14 4 2 2816
10 14 4 6 3472
10 14 5 1 4340
10 14 5 3 8194
10 14 5 7 1362
10 14 6 0 9512
10 14 6 2 9594
10 14 6 4 7606
10 14 7 1 1900
10 14 7 3 2360
10 14 7 5 11330
10 14 8 10 6170
10 14 8 12 13764
10 14 8 14 4144
10 14 9 11 3358
10 14 9 13 5474
10 14 9 15 17042
10 14 10 8 8254
10 14 10 12 6334
10 14 10 14 2588
10 14 11 9 4538
10 14 11 13 4020
10 14 11 15 536
10 14 12 8 8374
10 14 12 10 3602
10 14 12 14 5378
10 14 13 9 9298
10 14 13 11 1364
10 14 13 15 860
10 14 14 8 1962
10 14 14 10 4676
10 14 14 12 2182
10 14 15 9 8196
10 14 15 11 3806
10 14 15 13 18714
11 15 0 2 6702
11 15 0 4 3072
11 15 0 6 1486
11 15 1 3 3552
11 15 1 5 5356
11 15 1 7 12724
11 15 2 0 11902
11 15 2 4 5918
11 15 2 6 1798
11 15 3 1 7280
11 15 3 5 3608
11 15 3 7 16092
11 15 4 0 14200
11 15 4 2 8082
11 15 4 6 156
11 15 5 1 6480
11 15 5 3 10186
11 15 5 7 8252
11 15 6 0 6692
11 15 6 2 5912
11 15 6 4 10706
11 15 7 1 4262
11 15 7 3 6368
11 15 7 5 5182
11 15 8 10 12400
11 15 8 12 11102
11 15 8 14 7518
11 15 9 11 12958
11 15 9 13 3646
11 15 9 15 7412
11 15 10 8 20104
11 15 10 12 2882
11 15 10 14 1864
11 15 11 9 5968
11 15 11 13 6214
11 15 11 15 1930
11 15 12 8 3864
11 15 12 10 4290
11 15 12 14 11382
11 15 13 9 5868
11 15 13 11 11750
11 15 13 15 1760
11 15 14 8 7388
11 15 14 10 3610
11 15 14 12 6152
11 15 15 9 6962
11 15 15 11 1412
11 15 15 13 998
12 14 0 2 10652
12 14 0 4 2618
12 14 0 6 6948
12 14 1 3 2626
12 14 1 5 9700
12 14 1 7 10168
12 14 2 0 11638
12 14 2 4 7888
12 14 2 6 9138
12 14 3 1 3786
12 14 3 5 52
12 14 3 7 4168
12 14 4 0 3122
12 14 4 2 9366
12 14 4 6 602
12 14 5 1 9280
12 14 5 3 2634
12 14 5 7 4848
12 14 6 0 2604
12 14 6 2 6274
12 14 6 4 20214
12 14 7 1 7192
12 14 7 3 4138
12 14 7 5 2326
12 14 8 10 7370
12 14 8 12 2002
12 14 8 14 886
12 14 9 11 10212
12 14 9 13 1870
12 14 9 15 3360
12 14 10 8 2892
12 14 10 12 2504
12 14 10 14 3056
12 14 11 9 4272
12 14 11 13 19860
12 14 11 15 21348
12 14 12 8 13496
12 14 12 10 860
12 14 12 14 1138
12 14 13 9 7514
12 14 13 11 12678
12 14 13 15 3750
12 14 14 8 3204
12 14 14 10 4866
12 14 14 12 11614
12 14 15 9 1134
12 14 15 11 4940
12 14 15 13 6210
13 15 0 2 4424
13 15 0 4 3258
13 15 0 6 1262
13 15 1 3 10406
13 15 1 5 1618
13 15 1 7 2344
13 15 2 0 16226
13 15 2 4 9050
13 15 2 6 3704
13 15 3 1 14
13 15 3 5 10602
13 15 3 7 4264
13 15 4 0 11648
13 15 4 2 9242
13 15 4 6 14212
13 15 5 1 4756
13 15 5 3 6050
13 15 5 7 7144
13 15 6 0 9394
13 15 6 2 8716
13 15 6 4 1500
13 15 7 1 11416
13 15 7 3 644
13 15 7 5 1790
13 15 8 10 578
13 15 8 12 8064
13 15 8 14 10472
13 15 9 11 9588
13 15 9 13 632
13 15 9 15 10478
13 15 10 8 1478
13 15 10 12 2372
13 15 10 14 2456
13 15 11 9 3818
13 15 11 13 18
13 15 11 15 2464
13 15 12 8 11702
13 15 12 10 11804
13 15 12 14 286
13 15 13 9 19260
13 15 13 11 12600
13 15 13 15 14630
13 15 14 8 6454
13 15 14 10 8908
13 15 14 12 7916
13 15 15 9 12018
13 15 15 11 4296
13 15 15 13 11644
