0 2 0 2 6764
0 2 0 4 8090
0 2 0 6 5188
0 4 0 2 3556
0 4 0 4 2264
0 4 0 6 6836
0 8 0 2 4216
0 8 0 4 3800
0 8 0 6 6440
0 2 1 3 25118
0 2 1 5 13992
0 2 1 7 4304
0 4 1 3 4188
0 4 1 5 7034
0 4 1 7 458
0 8 1 3 2932
0 8 1 5 5354
0 8 1 7 6788
0 2 2 0 4374
0 2 2 4 140
0 2 2 6 11158
0 4 2 0 15042
0 4 2 4 1112
0 4 2 6 4562
0 8 2 0 11642
0 8 2 4 5792
0 8 2 6 7876
0 2 3 1 2986
0 2 3 5 386
0 2 3 7 3586
0 4 3 1 15008
0 4 3 5 1438
0 4 3 7 3018
0 8 3 1 14492
0 8 3 5 5228
0 8 3 7 7796
0 2 4 0 11038
0 2 4 2 6416
0 2 4 6 2128
0 4 4 0 630
0 4 4 2 8776
0 4 4 6 2764
0 8 4 0 5252
0 8 4 2 5312
0 8 4 6 11564
0 2 5 1 11008
0 2 5 3 7854
0 2 5 7 7312
0 4 5 1 1850
0 4 5 3 7458
0 4 5 7 3164
0 8 5 1 182
0 8 5 3 4204
0 8 5 7 6234
0 2 6 0 7126
0 2 6 2 2052
0 2 6 4 1550
0 4 6 0 2850
0 4 6 2 4174
0 4 6 4 156
0 8 6 0 1300
0 8 6 2 872
0 8 6 4 4492
0 2 7 1 2820
0 2 7 3 18250
0 2 7 5 7756
0 4 7 1 2274
0 4 7 3 8550
0 4 7 5 15350
0 8 7 1 7662
0 8 7 3 21096
0 8 7 5 12544
0 2 8 10 5200
0 2 8 12 3784
0 2 8 14 11064
0 4 8 10 7560
0 4 8 12 7882
0 4 8 14 10050
0 8 8 10 7110
0 8 8 12 4290
0 8 8 14 4806
0 2 9 11 10290
0 2 9 13 4452
0 2 9 15 10330
0 4 9 11 3900
0 4 9 13 6938
0 4 9 15 26316
0 8 9 11 1716
0 8 9 13 900
0 8 9 15 1612
0 2 10 8 21536
0 2 10 12 2656
0 2 10 14 2012
0 4 10 8 610
0 4 10 12 9006
0 4 10 14 896
0 8 10 8 16114
0 8 10 12 13470
0 8 10 14 23102
0 2 11 9 7314
0 2 11 13 5216
0 2 11 15 1596
0 4 11 9 6726
0 4 11 13 15172
0 4 11 15 9136
0 8 11 9 2312
0 8 11 13 2438
0 8 11 15 5534
0 2 12 8 226
0 2 12 10 6648
0 2 12 14 14294
0 4 12 8 10194
0 4 12 10 9432
0 4 12 14 10900
0 8 12 8 11330
0 8 12 10 1462
0 8 12 14 7112
0 2 13 9 15518
0 2 13 11 6364
0 2 13 15 12146
0 4 13 9 7392
0 4 13 11 6212
0 4 13 15 176
0 8 13 9 8484
0 8 13 11 14854
0 8 13 15 12168
0 2 14 8 15270
0 2 14 10 16050
0 2 14 12 1294
0 4 14 8 6288
0 4 14 10 3134
0 4 14 12 426
0 8 14 8 7940
0 8 14 10 12590
0 8 14 12 14010
0 2 15 9 3406
0 2 15 11 4356
0 2 15 13 1588
0 4 15 9 11180
0 4 15 11 11404
0 4 15 13 6194
0 8 15 9 6334
0 8 15 11 142
0 8 15 13 1382
1 3 0 2 3724
1 3 0 4 3088
1 3 0 6 2620
1 5 0 2 8066
1 5 0 4 2004
1 5 0 6 9228
1 9 0 2 18450
1 9 0 4 9668
1 9 0 6 13332
1 3 1 3 7848
1 3 1 5 6054
1 3 1 7 10592
1 5 1 3 13632
1 5 1 5 12070
1 5 1 7 11552
1 9 1 3 3942
1 9 1 5 8710
1 9 1 7 7624
1 3 2 0 8758
1 3 2 4 4124
1 3 2 6 4986
1 5 2 0 6722
1 5 2 4 9696
1 5 2 6 14176
1 9 2 0 7056
1 9 2 4 7324
1 9 2 6 3384
1 3 3 1 4718
1 3 3 5 728
1 3 3 7 9562
1 5 3 1 10672
1 5 3 5 1196
1 5 3 7 2388
1 9 3 1 11846
1 9 3 5 1360
1 9 3 7 4464
1 3 4 0 2274
1 3 4 2 4974
1 3 4 6 2666
1 5 4 0 7974
1 5 4 2 4360
1 5 4 6 6818
1 9 4 0 16836
1 9 4 2 4478
1 9 4 6 2208
1 3 5 1 4078
1 3 5 3 7458
1 3 5 7 8448
1 5 5 1 11698
1 5 5 3 15680
1 5 5 7 14980
1 9 5 1 8506
1 9 5 3 5296
1 9 5 7 2282
1 3 6 0 6434
1 3 6 2 13516
1 3 6 4 4866
1 5 6 0 2224
1 5 6 2 2028
1 5 6 4 5608
1 9 6 0 3948
1 9 6 2 3200
1 9 6 4 3722
1 3 7 1 9316
1 3 7 3 3348
1 3 7 5 8264
1 5 7 1 5772
1 5 7 3 9888
1 5 7 5 14584
1 9 7 1 8924
1 9 7 3 2396
1 9 7 5 9594
1 3 8 10 2916
1 3 8 12 874
1 3 8 14 13750
1 5 8 10 10806
1 5 8 12 8746
1 5 8 14 1628
1 9 8 10 10356
1 9 8 12 1480
1 9 8 14 16756
1 3 9 11 1174
1 3 9 13 13470
1 3 9 15 2574
1 5 9 11 14370
1 5 9 13 20658
1 5 9 15 15654
1 9 9 11 3948
1 9 9 13 1392
1 9 9 15 16072
1 3 10 8 5478
1 3 10 12 9938
1 3 10 14 9330
1 5 10 8 6130
1 5 10 12 1086
1 5 10 14 5022
1 9 10 8 3680
1 9 10 12 10058
1 9 10 14 8404
1 3 11 9 16864
1 3 11 13 2542
1 3 11 15 8080
1 5 11 9 14790
1 5 11 13 2868
1 5 11 15 8124
1 9 11 9 250
1 9 11 13 9086
1 9 11 15 1440
1 3 12 8 4210
1 3 12 10 1528
1 3 12 14 10040
1 5 12 8 1514
1 5 12 10 16780
1 5 12 14 3160
1 9 12 8 6042
1 9 12 10 1576
1 9 12 14 14536
1 3 13 9 6498
1 3 13 11 11362
1 3 13 15 9308
1 5 13 9 7848
1 5 13 11 14304
1 5 13 15 3462
1 9 13 9 6368
1 9 13 11 5338
1 9 13 15 8626
1 3 14 8 5598
1 3 14 10 5306
1 3 14 12 4532
1 5 14 8 6136
1 5 14 10 10330
1 5 14 12 17926
1 9 14 8 2106
1 9 14 10 6272
1 9 14 12 4834
1 3 15 9 8136
1 3 15 11 10486
1 3 15 13 5514
1 5 15 9 168
1 5 15 11 18262
1 5 15 13 3550
1 9 15 9 8128
1 9 15 11 8074
1 9 15 13 9242
2 6 0 2 9888
2 6 0 4 1026
2 6 0 6 598
2 10 0 2 14994
2 10 0 4 5960
2 10 0 6 13154
2 6 1 3 2384
2 6 1 5 1764
2 6 1 7 11108
2 10 1 3 732
2 10 1 5 5634
2 10 1 7 3188
2 6 2 0 10520
2 6 2 4 11714
2 6 2 6 8982
2 10 2 0 7588
2 10 2 4 7056
2 10 2 6 12108
2 6 3 1 2336
2 6 3 5 2820
2 6 3 7 9656
2 10 3 1 1672
2 10 3 5 6694
2 10 3 7 6330
2 6 4 0 3560
2 6 4 2 12766
2 6 4 6 14146
2 10 4 0 2072
2 10 4 2 9980
2 10 4 6 5348
2 6 5 1 3840
2 6 5 3 12584
2 6 5 7 9352
2 10 5 1 5708
2 10 5 3 2866
2 10 5 7 2850
2 6 6 0 10158
2 6 6 2 1466
2 6 6 4 6340
2 10 6 0 7062
2 10 6 2 7740
2 10 6 4 6700
2 6 7 1 2654
2 6 7 3 4724
2 6 7 5 11448
2 10 7 1 11666
2 10 7 3 278
2 10 7 5 6560
2 6 8 10 9084
2 6 8 12 8860
2 6 8 14 4592
2 10 8 10 4496
2 10 8 12 7330
2 10 8 14 4674
2 6 9 11 1090
2 6 9 13 21366
2 6 9 15 8302
2 10 9 11 10486
2 10 9 13 10432
2 10 9 15 220
2 6 10 8 7576
2 6 10 12 1766
2 6 10 14 10408
2 10 10 8 90
2 10 10 12 4482
2 10 10 14 10478
2 6 11 9 380
2 6 11 13 2638
2 6 11 15 5736
2 10 11 9 10266
2 10 11 13 13796
2 10 11 15 8318
2 6 12 8 7776
2 6 12 10 9530
2 6 12 14 9822
2 10 12 8 34
2 10 12 10 23820
2 10 12 14 2414
2 6 13 9 13288
2 6 13 11 16418
2 6 13 15 3482
2 10 13 9 7214
2 10 13 11 5614
2 10 13 15 10664
2 6 14 8 938
2 6 14 10 6866
2 6 14 12 156
2 10 14 8 18516
2 10 14 10 10510
2 10 14 12 7308
2 6 15 9 11390
2 6 15 11 3404
2 6 15 13 3948
2 10 15 9 5866
2 10 15 11 7262
2 10 15 13 3132
3 7 0 2 6424
3 7 0 4 4310
3 7 0 6 12738
3 11 0 2 2924
3 11 0 4 1164
3 11 0 6 2178
3 7 1 3 596
3 7 1 5 11450
3 7 1 7 1578
3 11 1 3 12326
3 11 1 5 5104
3 11 1 7 624
3 7 2 0 4154
3 7 2 4 2896
3 7 2 6 2870
3 11 2 0 13710
3 11 2 4 3192
3 11 2 6 930
3 7 3 1 8280
3 7 3 5 4998
3 7 3 7 4404
3 11 3 1 5818
3 11 3 5 4490
3 11 3 7 2550
3 7 4 0 13164
3 7 4 2 12894
3 7 4 6 8978
3 11 4 0 8946
3 11 4 2 12614
3 11 4 6 8
3 7 5 1 3790
3 7 5 3 5574
3 7 5 7 11282
3 11 5 1 13062
3 11 5 3 2340
3 11 5 7 9998
3 7 6 0 888
3 7 6 2 4124
3 7 6 4 13232
3 11 6 0 15682
3 11 6 2 9566
3 11 6 4 20478
3 7 7 1 7946
3 7 7 3 1002
3 7 7 5 6554
3 11 7 1 9512
3 11 7 3 1798
3 11 7 5 6414
3 7 8 10 5758
3 7 8 12 920
3 7 8 14 20156
3 11 8 10 11306
3 11 8 12 8590
3 11 8 14 6078
3 7 9 11 17608
3 7 9 13 300
3 7 9 15 2348
3 11 9 11 3986
3 11 9 13 2466
3 11 9 15 3764
3 7 10 8 3358
3 7 10 12 3244
3 7 10 14 13858
3 11 10 8 8378
3 11 10 12 12994
3 11 10 14 8582
3 7 11 9 27852
3 7 11 13 3118
3 7 11 15 962
3 11 11 9 6184
3 11 11 13 3262
3 11 11 15 5116
3 7 12 8 4854
3 7 12 10 6132
3 7 12 14 1030
3 11 12 8 6320
3 11 12 10 8160
3 11 12 14 7622
3 7 13 9 6098
3 7 13 11 6880
3 7 13 15 2298
3 11 13 9 4100
3 11 13 11 6824
3 11 13 15 3170
3 7 14 8 3316
3 7 14 10 4722
3 7 14 12 292
3 11 14 8 7126
3 11 14 10 8622
3 11 14 12 5040
3 7 15 9 5002
3 7 15 11 2384
3 7 15 13 11596
3 11 15 9 6428
3 11 15 11 6420
3 11 15 13 748
4 6 0 2 11216
4 6 0 4 10504
4 6 0 6 1374
4 12 0 2 462
4 12 0 4 16546
4 12 0 6 6394
4 6 1 3 66
4 6 1 5 1322
4 6 1 7 2398
4 12 1 3 114
4 12 1 5 3092
4 12 1 7 2080
4 6 2 0 1626
4 6 2 4 6108
4 6 2 6 868
4 12 2 0 16102
4 12 2 4 5458
4 12 2 6 8134
4 6 3 1 13676
4 6 3 5 2342
4 6 3 7 262
4 12 3 1 3224
4 12 3 5 3176
4 12 3 7 380
4 6 4 0 856
4 6 4 2 10450
4 6 4 6 3812
4 12 4 0 4924
4 12 4 2 6516
4 12 4 6 6458
4 6 5 1 6688
4 6 5 3 8518
4 6 5 7 5810
4 12 5 1 762
4 12 5 3 13332
4 12 5 7 4672
4 6 6 0 3482
4 6 6 2 6540
4 6 6 4 196
4 12 6 0 16066
4 12 6 2 8954
4 12 6 4 16250
4 6 7 1 19422
4 6 7 3 6048
4 6 7 5 3712
4 12 7 1 12328
4 12 7 3 130
4 12 7 5 8572
4 6 8 10 12906
4 6 8 12 3282
4 6 8 14 21012
4 12 8 10 5796
4 12 8 12 19768
4 12 8 14 4370
4 6 9 11 766
4 6 9 13 10330
4 6 9 15 1762
4 12 9 11 11582
4 12 9 13 1644
4 12 9 15 4048
4 6 10 8 5768
4 6 10 12 6508
4 6 10 14 8794
4 12 10 8 3962
4 12 10 12 2680
4 12 10 14 398
4 6 11 9 16218
4 6 11 13 7824
4 6 11 15 244
4 12 11 9 1436
4 12 11 13 4920
4 12 11 15 12548
4 6 12 8 11996
4 6 12 10 8528
4 6 12 14 9626
4 12 12 8 17186
4 12 12 10 11366
4 12 12 14 6684
4 6 13 9 8802
4 6 13 11 8798
4 6 13 15 2592
4 12 13 9 4398
4 12 13 11 7408
4 12 13 15 5634
4 6 14 8 1512
4 6 14 10 4686
4 6 14 12 230
4 12 14 8 4218
4 12 14 10 21118
4 12 14 12 2276
4 6 15 9 2034
4 6 15 11 6720
4 6 15 13 7590
4 12 15 9 1634
4 12 15 11 10008
4 12 15 13 8138
5 7 0 2 1438
5 7 0 4 5882
5 7 0 6 2662
5 13 0 2 14336
5 13 0 4 12940
5 13 0 6 12994
5 7 1 3 3188
5 7 1 5 6194
5 7 1 7 8234
5 13 1 3 1038
5 13 1 5 10924
5 13 1 7 6622
5 7 2 0 5710
5 7 2 4 618
5 7 2 6 6560
5 13 2 0 3716
5 13 2 4 8118
5 13 2 6 4288
5 7 3 1 2330
5 7 3 5 258
5 7 3 7 5452
5 13 3 1 10196
5 13 3 5 5876
5 13 3 7 1666
5 7 4 0 7472
5 7 4 2 1040
5 7 4 6 5542
5 13 4 0 132
5 13 4 2 9594
5 13 4 6 11424
5 7 5 1 1068
5 7 5 3 7756
5 7 5 7 7846
5 13 5 1 9304
5 13 5 3 3706
5 13 5 7 3468
5 7 6 0 7090
5 7 6 2 5276
5 7 6 4 7366
5 13 6 0 1200
5 13 6 2 2716
5 13 6 4 11112
5 7 7 1 18372
5 7 7 3 1008
5 7 7 5 3518
5 13 7 1 860
5 13 7 3 12098
5 13 7 5 1554
5 7 8 10 166
5 7 8 12 2296
5 7 8 14 3418
5 13 8 10 15056
5 13 8 12 19044
5 13 8 14 12618
5 7 9 11 16984
5 7 9 13 3546
5 7 9 15 1744
5 13 9 11 6374
5 13 9 13 110
5 13 9 15 15774
5 7 10 8 3818
5 7 10 12 11580
5 7 10 14 860
5 13 10 8 13480
5 13 10 12 6908
5 13 10 14 4336
5 7 11 9 1922
5 7 11 13 8536
5 7 11 15 7646
5 13 11 9 2418
5 13 11 13 15156
5 13 11 15 15922
5 7 12 8 2166
5 7 12 10 3070
5 7 12 14 4226
5 13 12 8 10212
5 13 12 10 8374
5 13 12 14 370
5 7 13 9 7406
5 7 13 11 7812
5 7 13 15 3964
5 13 13 9 16076
5 13 13 11 9132
5 13 13 15 234
5 7 14 8 2138
5 7 14 10 12540
5 7 14 12 6534
5 13 14 8 2410
5 13 14 10 7110
5 13 14 12 1578
5 7 15 9 8838
5 7 15 11 1464
5 7 15 13 5038
5 13 15 9 12410
5 13 15 11 6110
5 13 15 13 8290
6 14 0 2 4118
6 14 0 4 4678
6 14 0 6 2894
6 14 1 3 3182
6 14 1 5 1934
6 14 1 7 2854
6 14 2 0 1164
6 14 2 4 6302
6 14 2 6 16330
6 14 3 1 13028
6 14 3 5 342
6 14 3 7 13570
6 14 4 0 1950
6 14 4 2 810
6 14 4 6 4692
6 14 5 1 16628
6 14 5 3 8442
6 14 5 7 2468
6 14 6 0 4690
6 14 6 2 8368
6 14 6 4 2728
6 14 7 1 1628
6 14 7 3 7650
6 14 7 5 2196
6 14 8 10 1220
6 14 8 12 1984
6 14 8 14 2470
6 14 9 11 11068
6 14 9 13 1880
6 14 9 15 2850
6 14 10 8 2918
6 14 10 12 8158
6 14 10 14 8630
6 14 11 9 4062
6 14 11 13 2934
6 14 11 15 4814
6 14 12 8 9498
6 14 12 10 4146
6 14 12 14 9624
6 14 13 9 5158
6 14 13 11 5972
6 14 13 15 682
6 14 14 8 19328
6 14 14 10 38
6 14 14 12 13860
6 14 15 9 10418
6 14 15 11 362
6 14 15 13 15664
7 15 0 2 5738
7 15 0 4 12880
7 15 0 6 6984
7 15 1 3 7300
7 15 1 5 6078
7 15 1 7 8734
7 15 2 0 6936
7 15 2 4 3322
7 15 2 6 4502
7 15 3 1 7110
7 15 3 5 13912
7 15 3 7 13130
7 15 4 0 8172
7 15 4 2 7734
7 15 4 6 14892
7 15 5 1 2818
7 15 5 3 542
7 15 5 7 2108
7 15 6 0 5868
7 15 6 2 6290
7 15 6 4 6950
7 15 7 1 2400
7 15 7 3 15116
7 15 7 5 3912
7 15 8 10 602
7 15 8 12 1790
7 15 8 14 348
7 15 9 11 27476
7 15 9 13 2912
7 15 9 15 17786
7 15 10 8 16544
7 15 10 12 13380
7 15 10 14 7910
7 15 11 9 918
7 15 11 13 5290
7 15 11 15 3358
7 15 12 8 8634
7 15 12 10 7282
7 15 12 14 494
7 15 13 9 3752
7 15 13 11 11966
7 15 13 15 9158
7 15 14 8 4034
7 15 14 10 1342
7 15 14 12 5998
7 15 15 9 14444
7 15 15 11 2286
7 15 15 13 1110
8 10 0 2 11510
8 10 0 4 3094
8 10 0 6 2174
8 12 0 2 2248
8 12 0 4 18946
8 12 0 6 2590
8 10 1 3 15360
8 10 1 5 12552
8 10 1 7 8474
8 12 1 3 7496
8 12 1 5 17126
8 12 1 7 11216
8 10 2 0 3346
8 10 2 4 18526
8 10 2 6 2260
8 12 2 0 2820
8 12 2 4 2964
8 12 2 6 1468
8 10 3 1 7594
8 10 3 5 2238
8 10 3 7 6160
8 12 3 1 3694
8 12 3 5 10688
8 12 3 7 5620
8 10 4 0 1318
8 10 4 2 3372
8 10 4 6 5348
8 12 4 0 10086
8 12 4 2 4704
8 12 4 6 10324
8 10 5 1 6092
8 10 5 3 2560
8 10 5 7 5904
8 12 5 1 4692
8 12 5 3 5406
8 12 5 7 7894
8 10 6 0 19752
8 10 6 2 2658
8 10 6 4 9968
8 12 6 0 7936
8 12 6 2 3538
8 12 6 4 804
8 10 7 1 18256
8 10 7 3 962
8 10 7 5 9904
8 12 7 1 1448
8 12 7 3 2092
8 12 7 5 2640
8 10 8 10 2484
8 10 8 12 11882
8 10 8 14 12730
8 12 8 10 5658
8 12 8 12 2058
8 12 8 14 4126
8 10 9 11 12632
8 10 9 13 10024
8 10 9 15 5016
8 12 9 11 6410
8 12 9 13 1710
8 12 9 15 4324
8 10 10 8 8510
8 10 10 12 5184
8 10 10 14 14206
8 12 10 8 13736
8 12 10 12 3774
8 12 10 14 6290
8 10 11 9 10688
8 10 11 13 950
8 10 11 15 1634
8 12 11 9 5690
8 12 11 13 1524
8 12 11 15 11386
8 10 12 8 3696
8 10 12 10 7884
8 10 12 14 2828
8 12 12 8 14858
8 12 12 10 3372
8 12 12 14 15860
8 10 13 9 3074
8 10 13 11 6606
8 10 13 15 10560
8 12 13 9 4326
8 12 13 11 17354
8 12 13 15 1494
8 10 14 8 3604
8 10 14 10 3818
8 10 14 12 9590
8 12 14 8 12906
8 12 14 10 2360
8 12 14 12 5886
8 10 15 9 9974
8 10 15 11 390
8 10 15 13 1532
8 12 15 9 4420
8 12 15 11 6250
8 12 15 13 4764
9 11 0 2 1656
9 11 0 4 9620
9 11 0 6 8550
9 13 0 2 2778
9 13 0 4 3464
9 13 0 6 6682
9 11 1 3 5334
9 11 1 5 11914
9 11 1 7 7582
9 13 1 3 7220
9 13 1 5 17764
9 13 1 7 5510
9 11 2 0 14998
9 11 2 4 7736
9 11 2 6 11558
9 13 2 0 6682
9 13 2 4 1556
9 13 2 6 3372
9 11 3 1 8390
9 11 3 5 6816
9 11 3 7 3732
9 13 3 1 2618
9 13 3 5 1800
9 13 3 7 6996
9 11 4 0 2226
9 11 4 2 7986
9 11 4 6 7410
9 13 4 0 17890
9 13 4 2 734
9 13 4 6 6398
9 11 5 1 15126
9 11 5 3 5690
9 11 5 7 6052
9 13 5 1 18008
9 13 5 3 4470
9 13 5 7 594
9 11 6 0 2304
9 11 6 2 2618
9 11 6 4 3190
9 13 6 0 10718
9 13 6 2 490
9 13 6 4 7574
9 11 7 1 6694
9 11 7 3 18268
9 11 7 5 6940
9 13 7 1 11450
9 13 7 3 2596
9 13 7 5 8544
9 11 8 10 5346
9 11 8 12 5848
9 11 8 14 4288
9 13 8 10 1834
9 13 8 12 7044
9 13 8 14 11352
9 11 9 11 1752
9 11 9 13 5802
9 11 9 15 11654
9 13 9 11 11220
9 13 9 13 3598
9 13 9 15 3662
9 11 10 8 3354
9 11 10 12 15240
9 11 10 14 2966
9 13 10 8 2892
9 13 10 12 13850
9 13 10 14 9116
9 11 11 9 1890
9 11 11 13 6586
9 11 11 15 3642
9 13 11 9 7108
9 13 11 13 4786
9 13 11 15 1874
9 11 12 8 218
9 11 12 10 3758
9 11 12 14 14716
9 13 12 8 8996
9 13 12 10 2344
9 13 12 14 550
9 11 13 9 338
9 11 13 11 11954
9 11 13 15 7998
9 13 13 9 7240
9 13 13 11 1452
9 13 13 15 10068
9 11 14 8 6972
9 11 14 10 3042
9 11 14 12 1908
9 13 14 8 15448
9 13 14 10 2638
9 13 14 12 6320
9 11 15 9 18616
9 11 15 11 2012
9 11 15 13 17236
9 13 15 9 4852
9 13 15 11 5344
9 13 15 13 11178
10 14 0 2 12738
10 14 0 4 2030
10 14 0 6 5192
10 14 1 3 962
10 14 1 5 1636
10 14 1 7 10772
10 14 2 0 96
10 14 2 4 1482
10 14 2 6 2114
10 14 3 1 3924
10 14 3 5 1268
10 14 3 7 3580
10 14 4 0 8482
10 14 4 2 2578
10 14 4 6 9586
10 14 5 1 7708
10 14 5 3 9034
10 14 5 7 19126
10 14 6 0 2562
10 14 6 2 5142
10 14 6 4 1866
10 14 7 1 14112
10 14 7 3 6384
10 14 7 5 3156
10 14 8 10 110
10 14 8 12 4278
10 14 8 14 11962
10 14 9 11 1638
10 14 9 13 3250
10 14 9 15 1214
10 14 10 8 8898
10 14 10 12 10744
10 14 10 14 1358
10 14 11 9 8296
10 14 11 13 728
10 14 11 15 8898
10 14 12 8 13336
10 14 12 10 5232
10 14 12 14 932
10 14 13 9 7184
10 14 13 11 2240
10 14 13 15 618
10 14 14 8 16064
10 14 14 10 9330
10 14 14 12 5412
10 14 15 9 12996
10 14 15 11 7092
10 14 15 13 2718
11 15 0 2 10514
11 15 0 4 6792
11 15 0 6 4434
11 15 1 3 5256
11 15 1 5 10746
11 15 1 7 1554
11 15 2 0 4372
11 15 2 4 2702
11 15 2 6 912
11 15 3 1 6870
11 15 3 5 8114
11 15 3 7 8148
11 15 4 0 756
11 15 4 2 384
11 15 4 6 22488
11 15 5 1 16990
11 15 5 3 542
11 15 5 7 1798
11 15 6 0 7306
11 15 6 2 3726
11 15 6 4 14330
11 15 7 1 3946
11 15 7 3 2828
11 15 7 5 16558
11 15 8 10 5346
11 15 8 12 10210
11 15 8 14 10840
11 15 9 11 3204
11 15 9 13 882
11 15 9 15 9700
11 15 10 8 7548
11 15 10 12 5392
11 15 10 14 1476
11 15 11 9 334
11 15 11 13 16048
11 15 11 15 2416
11 15 12 8 10506
11 15 12 10 8336
11 15 12 14 17636
11 15 13 9 3384
11 15 13 11 3292
11 15 13 15 10554
11 15 14 8 3954
11 15 14 10 11762
11 15 14 12 7542
11 15 15 9 854
11 15 15 11 3712
11 15 15 13 7678
12 14 0 2 15124
12 14 0 4 9564
12 14 0 6 24670
12 14 1 3 19914
12 14 1 5 2392
12 14 1 7 5316
12 14 2 0 7226
12 14 2 4 21812
12 14 2 6 5380
12 14 3 1 1316
12 14 3 5 6488
12 14 3 7 2246
12 14 4 0 27818
12 14 4 2 6016
12 14 4 6 17566
12 14 5 1 6480
12 14 5 3 8470
12 14 5 7 7204
12 14 6 0 3094
12 14 6 2 17844
12 14 6 4 758
12 14 7 1 896
12 14 7 3 5278
12 14 7 5 7432
12 14 8 10 644
12 14 8 12 15874
12 14 8 14 696
12 14 9 11 150
12 14 9 13 6716
12 14 9 15 1524
12 14 10 8 2538
12 14 10 12 4160
12 14 10 14 2918
12 14 11 9 6208
12 14 11 13 608
12 14 11 15 7246
12 14 12 8 13462
12 14 12 10 7166
12 14 12 14 1880
12 14 13 9 14914
12 14 13 11 5254
12 14 13 15 19986
12 14 14 8 10754
12 14 14 10 7284
12 14 14 12 3268
12 14 15 9 7420
12 14 15 11 13182
12 14 15 13 6102
13 15 0 2 2080
13 15 0 4 2096
13 15 0 6 1824
13 15 1 3 11500
13 15 1 5 5980
13 15 1 7 13560
13 15 2 0 2082
13 15 2 4 11340
13 15 2 6 3026
13 15 3 1 10178
13 15 3 5 4718
13 15 3 7 9808
13 15 4 0 4222
13 15 4 2 5174
13 15 4 6 9660
13 15 5 1 13360
13 15 5 3 5506
13 15 5 7 10696
13 15 6 0 14736
13 15 6 2 8408
13 15 6 4 3438
13 15 7 1 5808
13 15 7 3 6302
13 15 7 5 9520
13 15 8 10 20940
13 15 8 12 320
13 15 8 14 2830
13 15 9 11 3424
13 15 9 13 6894
13 15 9 15 7514
13 15 10 8 3914
13 15 10 12 9994
13 15 10 14 10508
13 15 11 9 18916
13 15 11 13 84
13 15 11 15 2392
13 15 12 8 5166
13 15 12 10 3780
13 15 12 14 7602
13 15 13 9 10250
13 15 13 11 4002
13 15 13 15 11332
13 15 14 8 9018
13 15 14 10 2230
13 15 14 12 9860
13 15 15 9 3710
13 15 15 11 5452
13 15 15 13 6702
