0 2 0 2 34056
0 2 0 4 26974
0 2 0 6 8672
0 4 0 2 15470
0 4 0 4 30188
0 4 0 6 20614
0 8 0 2 4380
0 8 0 4 7046
0 8 0 6 9436
0 2 1 3 17442
0 2 1 5 11878
0 2 1 7 30438
0 4 1 3 16688
0 4 1 5 13088
0 4 1 7 27106
0 8 1 3 4246
0 8 1 5 20324
0 8 1 7 22970
0 2 2 0 29258
0 2 2 4 10150
0 2 2 6 10554
0 4 2 0 19558
0 4 2 4 1478
0 4 2 6 8270
0 8 2 0 28416
0 8 2 4 23214
0 8 2 6 13698
0 2 3 1 13006
0 2 3 5 26398
0 2 3 7 384
0 4 3 1 12450
0 4 3 5 8376
0 4 3 7 5342
0 8 3 1 618
0 8 3 5 20058
0 8 3 7 7388
0 2 4 0 2184
0 2 4 2 20532
0 2 4 6 12194
0 4 4 0 5628
0 4 4 2 246
0 4 4 6 7796
0 8 4 0 3808
0 8 4 2 39004
0 8 4 6 4588
0 2 5 1 6884
0 2 5 3 5200
0 2 5 7 21294
0 4 5 1 29720
0 4 5 3 17282
0 4 5 7 1810
0 8 5 1 9844
0 8 5 3 5622
0 8 5 7 20662
0 2 6 0 30568
0 2 6 2 16896
0 2 6 4 19660
0 4 6 0 2570
0 4 6 2 2822
0 4 6 4 32862
0 8 6 0 14588
0 8 6 2 9260
0 8 6 4 11576
0 2 7 1 18254
0 2 7 3 16378
0 2 7 5 11664
0 4 7 1 7410
0 4 7 3 37252
0 4 7 5 17162
0 8 7 1 4946
0 8 7 3 9200
0 8 7 5 3890
0 2 8 10 21176
0 2 8 12 17978
0 2 8 14 26226
0 4 8 10 12940
0 4 8 12 8256
0 4 8 14 19388
0 8 8 10 13300
0 8 8 12 460
0 8 8 14 24556
0 2 9 11 46282
0 2 9 13 1674
0 2 9 15 11296
0 4 9 11 9596
0 4 9 13 16176
0 4 9 15 38052
0 8 9 11 5086
0 8 9 13 3900
0 8 9 15 3632
0 2 10 8 298
0 2 10 12 7490
0 2 10 14 14856
0 4 10 8 50732
0 4 10 12 8388
0 4 10 14 19550
0 8 10 8 5686
0 8 10 12 20226
0 8 10 14 6492
0 2 11 9 15420
0 2 11 13 3760
0 2 11 15 2382
0 4 11 9 11298
0 4 11 13 11826
0 4 11 15 9082
0 8 11 9 21360
0 8 11 13 2816
0 8 11 15 6570
0 2 12 8 15926
0 2 12 10 3452
0 2 12 14 7804
0 4 12 8 18458
0 4 12 10 19904
0 4 12 14 6062
0 8 12 8 3352
0 8 12 10 6968
0 8 12 14 17008
0 2 13 9 24506
0 2 13 11 24534
0 2 13 15 3512
0 4 13 9 23830
0 4 13 11 22768
0 4 13 15 12090
0 8 13 9 2386
0 8 13 11 834
0 8 13 15 3664
0 2 14 8 10712
0 2 14 10 13482
0 2 14 12 6742
0 4 14 8 11680
0 4 14 10 9566
0 4 14 12 41228
0 8 14 8 13918
0 8 14 10 15438
0 8 14 12 32478
0 2 15 9 17058
0 2 15 11 7328
0 2 15 13 7556
0 4 15 9 20348
0 4 15 11 6328
0 4 15 13 21812
0 8 15 9 6794
0 8 15 11 1972
0 8 15 13 15114
1 3 0 2 7964
1 3 0 4 21722
1 3 0 6 11688
1 5 0 2 13530
1 5 0 4 26684
1 5 0 6 16446
1 9 0 2 136
1 9 0 4 7522
1 9 0 6 914
1 3 1 3 3804
1 3 1 5 2172
1 3 1 7 12302
1 5 1 3 9884
1 5 1 5 17652
1 5 1 7 2340
1 9 1 3 14470
1 9 1 5 11482
1 9 1 7 43180
1 3 2 0 31112
1 3 2 4 7286
1 3 2 6 16958
1 5 2 0 1944
1 5 2 4 11582
1 5 2 6 9998
1 9 2 0 54454
1 9 2 4 1700
1 9 2 6 23808
1 3 3 1 18280
1 3 3 5 26570
1 3 3 7 7376
1 5 3 1 18760
1 5 3 5 6312
1 5 3 7 4566
1 9 3 1 15132
1 9 3 5 6630
1 9 3 7 1976
1 3 4 0 2456
1 3 4 2 27902
1 3 4 6 4274
1 5 4 0 4510
1 5 4 2 17928
1 5 4 6 1726
1 9 4 0 34990
1 9 4 2 36610
1 9 4 6 3762
1 3 5 1 35290
1 3 5 3 6912
1 3 5 7 5196
1 5 5 1 7056
1 5 5 3 27636
1 5 5 7 13142
1 9 5 1 14288
1 9 5 3 7676
1 9 5 7 4040
1 3 6 0 11806
1 3 6 2 2580
1 3 6 4 5404
1 5 6 0 28008
1 5 6 2 2226
1 5 6 4 1786
1 9 6 0 35880
1 9 6 2 3492
1 9 6 4 436
1 3 7 1 12354
1 3 7 3 11160
1 3 7 5 9196
1 5 7 1 1090
1 5 7 3 8244
1 5 7 5 21256
1 9 7 1 16614
1 9 7 3 5960
1 9 7 5 14232
1 3 8 10 14022
1 3 8 12 21492
1 3 8 14 18324
1 5 8 10 32220
1 5 8 12 21238
1 5 8 14 10138
1 9 8 10 22048
1 9 8 12 4826
1 9 8 14 49900
1 3 9 11 14732
1 3 9 13 14896
1 3 9 15 19200
1 5 9 11 12676
1 5 9 13 11848
1 5 9 15 6236
1 9 9 11 576
1 9 9 13 6798
1 9 9 15 3304
1 3 10 8 8786
1 3 10 12 14962
1 3 10 14 10090
1 5 10 8 20650
1 5 10 12 9546
1 5 10 14 8336
1 9 10 8 18378
1 9 10 12 8956
1 9 10 14 12030
1 3 11 9 3942
1 3 11 13 2972
1 3 11 15 5798
1 5 11 9 9476
1 5 11 13 9328
1 5 11 15 2916
1 9 11 9 31904
1 9 11 13 2382
1 9 11 15 1438
1 3 12 8 3876
1 3 12 10 15464
1 3 12 14 4772
1 5 12 8 30246
1 5 12 10 51874
1 5 12 14 36546
1 9 12 8 5006
1 9 12 10 28956
1 9 12 14 31414
1 3 13 9 5406
1 3 13 11 16408
1 3 13 15 6250
1 5 13 9 10368
1 5 13 11 27142
1 5 13 15 2950
1 9 13 9 8430
1 9 13 11 17642
1 9 13 15 14436
1 3 14 8 14304
1 3 14 10 14616
1 3 14 12 6654
1 5 14 8 8876
1 5 14 10 16740
1 5 14 12 10590
1 9 14 8 2906
1 9 14 10 21372
1 9 14 12 2072
1 3 15 9 2458
1 3 15 11 20366
1 3 15 13 3406
1 5 15 9 14404
1 5 15 11 12954
1 5 15 13 48504
1 9 15 9 31662
1 9 15 11 8084
1 9 15 13 6302
2 6 0 2 1616
2 6 0 4 21830
2 6 0 6 25752
2 10 0 2 4938
2 10 0 4 1262
2 10 0 6 12962
2 6 1 3 22638
2 6 1 5 18240
2 6 1 7 23670
2 10 1 3 21766
2 10 1 5 88
2 10 1 7 5212
2 6 2 0 18370
2 6 2 4 12336
2 6 2 6 11206
2 10 2 0 26112
2 10 2 4 10288
2 10 2 6 22672
2 6 3 1 12264
2 6 3 5 34522
2 6 3 7 4048
2 10 3 1 15284
2 10 3 5 2692
2 10 3 7 11626
2 6 4 0 2400
2 6 4 2 13262
2 6 4 6 26660
2 10 4 0 20748
2 10 4 2 10560
2 10 4 6 17622
2 6 5 1 12424
2 6 5 3 26194
2 6 5 7 10096
2 10 5 1 13838
2 10 5 3 13760
2 10 5 7 28876
2 6 6 0 14390
2 6 6 2 78
2 6 6 4 17816
2 10 6 0 14894
2 10 6 2 1234
2 10 6 4 10088
2 6 7 1 38376
2 6 7 3 15536
2 6 7 5 8694
2 10 7 1 6752
2 10 7 3 11888
2 10 7 5 45094
2 6 8 10 7132
2 6 8 12 26970
2 6 8 14 2508
2 10 8 10 8782
2 10 8 12 24676
2 10 8 14 9318
2 6 9 11 11574
2 6 9 13 3274
2 6 9 15 1434
2 10 9 11 21292
2 10 9 13 28812
2 10 9 15 430
2 6 10 8 48142
2 6 10 12 1150
2 6 10 14 22480
2 10 10 8 13808
2 10 10 12 22732
2 10 10 14 47644
2 6 11 9 6014
2 6 11 13 4044
2 6 11 15 906
2 10 11 9 2968
2 10 11 13 14520
2 10 11 15 17500
2 6 12 8 19278
2 6 12 10 8050
2 6 12 14 10710
2 10 12 8 652
2 10 12 10 20658
2 10 12 14 4034
2 6 13 9 34846
2 6 13 11 13112
2 6 13 15 12236
2 10 13 9 3156
2 10 13 11 1062
2 10 13 15 13664
2 6 14 8 47156
2 6 14 10 4250
2 6 14 12 21330
2 10 14 8 8574
2 10 14 10 9226
2 10 14 12 11970
2 6 15 9 3958
2 6 15 11 16702
2 6 15 13 2776
2 10 15 9 16530
2 10 15 11 7198
2 10 15 13 27096
3 7 0 2 16808
3 7 0 4 32148
3 7 0 6 31902
3 11 0 2 19332
3 11 0 4 3196
3 11 0 6 17532
3 7 1 3 150
3 7 1 5 29158
3 7 1 7 6864
3 11 1 3 10100
3 11 1 5 8084
3 11 1 7 26852
3 7 2 0 10032
3 7 2 4 2228
3 7 2 6 13510
3 11 2 0 4660
3 11 2 4 16426
3 11 2 6 4516
3 7 3 1 3750
3 7 3 5 13604
3 7 3 7 9610
3 11 3 1 1598
3 11 3 5 8268
3 11 3 7 10410
3 7 4 0 2588
3 7 4 2 13106
3 7 4 6 370
3 11 4 0 15266
3 11 4 2 5796
3 11 4 6 16724
3 7 5 1 10360
3 7 5 3 4344
3 7 5 7 17524
3 11 5 1 5404
3 11 5 3 10210
3 11 5 7 914
3 7 6 0 5762
3 7 6 2 17240
3 7 6 4 21788
3 11 6 0 8862
3 11 6 2 860
3 11 6 4 12340
3 7 7 1 6574
3 7 7 3 5450
3 7 7 5 13384
3 11 7 1 36588
3 11 7 3 14070
3 11 7 5 2610
3 7 8 10 17810
3 7 8 12 10970
3 7 8 14 6758
3 11 8 10 22796
3 11 8 12 10086
3 11 8 14 902
3 7 9 11 24516
3 7 9 13 7822
3 7 9 15 11226
3 11 9 11 6296
3 11 9 13 3426
3 11 9 15 9360
3 7 10 8 19508
3 7 10 12 18538
3 7 10 14 8246
3 11 10 8 21054
3 11 10 12 19724
3 11 10 14 16324
3 7 11 9 28192
3 7 11 13 8436
3 7 11 15 128
3 11 11 9 2688
3 11 11 13 39012
3 11 11 15 2162
3 7 12 8 6574
3 7 12 10 15378
3 7 12 14 24568
3 11 12 8 13052
3 11 12 10 942
3 11 12 14 33388
3 7 13 9 18120
3 7 13 11 4446
3 7 13 15 16920
3 11 13 9 19454
3 11 13 11 34072
3 11 13 15 9890
3 7 14 8 3412
3 7 14 10 15826
3 7 14 12 15418
3 11 14 8 18114
3 11 14 10 12814
3 11 14 12 13064
3 7 15 9 1560
3 7 15 11 7510
3 7 15 13 17328
3 11 15 9 7300
3 11 15 11 30320
3 11 15 13 28110
4 6 0 2 27606
4 6 0 4 16226
4 6 0 6 8170
4 12 0 2 15720
4 12 0 4 10086
4 12 0 6 174
4 6 1 3 22032
4 6 1 5 13928
4 6 1 7 2750
4 12 1 3 48052
4 12 1 5 8002
4 12 1 7 676
4 6 2 0 6878
4 6 2 4 124
4 6 2 6 1398
4 12 2 0 704
4 12 2 4 3870
4 12 2 6 146
4 6 3 1 18238
4 6 3 5 22076
4 6 3 7 13462
4 12 3 1 13614
4 12 3 5 23328
4 12 3 7 3646
4 6 4 0 3838
4 6 4 2 22830
4 6 4 6 8082
4 12 4 0 1638
4 12 4 2 1354
4 12 4 6 17774
4 6 5 1 17184
4 6 5 3 9908
4 6 5 7 26460
4 12 5 1 350
4 12 5 3 30082
4 12 5 7 6488
4 6 6 0 3498
4 6 6 2 2304
4 6 6 4 4458
4 12 6 0 24066
4 12 6 2 11276
4 12 6 4 13806
4 6 7 1 3018
4 6 7 3 22086
4 6 7 5 11310
4 12 7 1 9528
4 12 7 3 11438
4 12 7 5 18658
4 6 8 10 19048
4 6 8 12 8694
4 6 8 14 3284
4 12 8 10 186
4 12 8 12 6414
4 12 8 14 2692
4 6 9 11 9278
4 6 9 13 20154
4 6 9 15 16582
4 12 9 11 3606
4 12 9 13 17794
4 12 9 15 4690
4 6 10 8 5120
4 6 10 12 18100
4 6 10 14 1198
4 12 10 8 9704
4 12 10 12 10564
4 12 10 14 14992
4 6 11 9 20128
4 6 11 13 5970
4 6 11 15 4064
4 12 11 9 298
4 12 11 13 5036
4 12 11 15 23738
4 6 12 8 2108
4 6 12 10 9356
4 6 12 14 9300
4 12 12 8 6124
4 12 12 10 12116
4 12 12 14 9802
4 6 13 9 20678
4 6 13 11 12754
4 6 13 15 2360
4 12 13 9 1942
4 12 13 11 8590
4 12 13 15 41470
4 6 14 8 4330
4 6 14 10 1672
4 6 14 12 13028
4 12 14 8 3622
4 12 14 10 17190
4 12 14 12 10486
4 6 15 9 12214
4 6 15 11 21514
4 6 15 13 19036
4 12 15 9 15108
4 12 15 11 11074
4 12 15 13 7810
5 7 0 2 3426
5 7 0 4 3328
5 7 0 6 5022
5 13 0 2 506
5 13 0 4 3988
5 13 0 6 29310
5 7 1 3 8678
5 7 1 5 5498
5 7 1 7 2382
5 13 1 3 29326
5 13 1 5 5326
5 13 1 7 14184
5 7 2 0 21512
5 7 2 4 16300
5 7 2 6 11866
5 13 2 0 10310
5 13 2 4 17372
5 13 2 6 36052
5 7 3 1 5484
5 7 3 5 600
5 7 3 7 3772
5 13 3 1 28066
5 13 3 5 1554
5 13 3 7 3580
5 7 4 0 1534
5 7 4 2 10638
5 7 4 6 9884
5 13 4 0 13048
5 13 4 2 21576
5 13 4 6 16770
5 7 5 1 33348
5 7 5 3 10782
5 7 5 7 8838
5 13 5 1 5100
5 13 5 3 6370
5 13 5 7 39182
5 7 6 0 16032
5 7 6 2 4180
5 7 6 4 3170
5 13 6 0 7064
5 13 6 2 5026
5 13 6 4 11126
5 7 7 1 1988
5 7 7 3 2800
5 7 7 5 42156
5 13 7 1 30660
5 13 7 3 6968
5 13 7 5 6706
5 7 8 10 6348
5 7 8 12 13550
5 7 8 14 12472
5 13 8 10 36182
5 13 8 12 18220
5 13 8 14 2252
5 7 9 11 12534
5 7 9 13 2382
5 7 9 15 10064
5 13 9 11 8620
5 13 9 13 3602
5 13 9 15 34602
5 7 10 8 26708
5 7 10 12 13300
5 7 10 14 3192
5 13 10 8 1334
5 13 10 12 30722
5 13 10 14 24998
5 7 11 9 7292
5 7 11 13 5666
5 7 11 15 11532
5 13 11 9 9760
5 13 11 13 9200
5 13 11 15 7866
5 7 12 8 16038
5 7 12 10 2044
5 7 12 14 28126
5 13 12 8 37792
5 13 12 10 44350
5 13 12 14 16770
5 7 13 9 842
5 7 13 11 12280
5 7 13 15 1414
5 13 13 9 6034
5 13 13 11 14914
5 13 13 15 6498
5 7 14 8 8126
5 7 14 10 22660
5 7 14 12 2224
5 13 14 8 23378
5 13 14 10 1072
5 13 14 12 18134
5 7 15 9 10272
5 7 15 11 17836
5 7 15 13 35060
5 13 15 9 14260
5 13 15 11 18810
5 13 15 13 3384
6 14 0 2 19370
6 14 0 4 1814
6 14 0 6 24502
6 14 1 3 9518
6 14 1 5 17708
6 14 1 7 6398
6 14 2 0 19580
6 14 2 4 17788
6 14 2 6 2862
6 14 3 1 40496
6 14 3 5 14620
6 14 3 7 22552
6 14 4 0 24152
6 14 4 2 9250
6 14 4 6 46062
6 14 5 1 6386
6 14 5 3 18364
6 14 5 7 14478
6 14 6 0 17570
6 14 6 2 1152
6 14 6 4 9918
6 14 7 1 5858
6 14 7 3 8252
6 14 7 5 14136
6 14 8 10 18206
6 14 8 12 6228
6 14 8 14 430
6 14 9 11 13818
6 14 9 13 4746
6 14 9 15 27146
6 14 10 8 7936
6 14 10 12 22022
6 14 10 14 8234
6 14 11 9 12830
6 14 11 13 5142
6 14 11 15 932
6 14 12 8 3036
6 14 12 10 2020
6 14 12 14 2460
6 14 13 9 29558
6 14 13 11 6726
6 14 13 15 3518
6 14 14 8 112
6 14 14 10 5660
6 14 14 12 156
6 14 15 9 18846
6 14 15 11 39938
6 14 15 13 29220
7 15 0 2 10806
7 15 0 4 478
7 15 0 6 8444
7 15 1 3 33184
7 15 1 5 11984
7 15 1 7 27936
7 15 2 0 5940
7 15 2 4 9206
7 15 2 6 2010
7 15 3 1 10094
7 15 3 5 7164
7 15 3 7 1454
7 15 4 0 11968
7 15 4 2 2086
7 15 4 6 18638
7 15 5 1 13404
7 15 5 3 13388
7 15 5 7 9776
7 15 6 0 24862
7 15 6 2 5300
7 15 6 4 5056
7 15 7 1 14252
7 15 7 3 25610
7 15 7 5 31010
7 15 8 10 16218
7 15 8 12 36002
7 15 8 14 6600
7 15 9 11 2248
7 15 9 13 13338
7 15 9 15 14278
7 15 10 8 24990
7 15 10 12 5186
7 15 10 14 14394
7 15 11 9 8274
7 15 11 13 422
7 15 11 15 60
7 15 12 8 25896
7 15 12 10 4820
7 15 12 14 27582
7 15 13 9 11474
7 15 13 11 10182
7 15 13 15 21100
7 15 14 8 758
7 15 14 10 3814
7 15 14 12 14322
7 15 15 9 25984
7 15 15 11 38150
7 15 15 13 3056
8 10 0 2 16134
8 10 0 4 746
8 10 0 6 16810
8 12 0 2 8994
8 12 0 4 4906
8 12 0 6 8310
8 10 1 3 25210
8 10 1 5 35080
8 10 1 7 15210
8 12 1 3 624
8 12 1 5 7520
8 12 1 7 3914
8 10 2 0 9268
8 10 2 4 340
8 10 2 6 7588
8 12 2 0 5034
8 12 2 4 19014
8 12 2 6 5048
8 10 3 1 13710
8 10 3 5 1694
8 10 3 7 6608
8 12 3 1 33300
8 12 3 5 1240
8 12 3 7 9338
8 10 4 0 18516
8 10 4 2 15550
8 10 4 6 22514
8 12 4 0 6964
8 12 4 2 8924
8 12 4 6 2020
8 10 5 1 16258
8 10 5 3 19666
8 10 5 7 20308
8 12 5 1 856
8 12 5 3 5440
8 12 5 7 2896
8 10 6 0 4534
8 10 6 2 4564
8 10 6 4 5700
8 12 6 0 12722
8 12 6 2 24924
8 12 6 4 24774
8 10 7 1 21364
8 10 7 3 11948
8 10 7 5 20108
8 12 7 1 9824
8 12 7 3 1524
8 12 7 5 15448
8 10 8 10 13766
8 10 8 12 25990
8 10 8 14 8454
8 12 8 10 230
8 12 8 12 8754
8 12 8 14 11902
8 10 9 11 25766
8 10 9 13 4902
8 10 9 15 10582
8 12 9 11 12078
8 12 9 13 54808
8 12 9 15 17876
8 10 10 8 7202
8 10 10 12 2134
8 10 10 14 5984
8 12 10 8 24874
8 12 10 12 13976
8 12 10 14 20326
8 10 11 9 36616
8 10 11 13 3226
8 10 11 15 358
8 12 11 9 13540
8 12 11 13 10990
8 12 11 15 4204
8 10 12 8 9508
8 10 12 10 8684
8 10 12 14 17044
8 12 12 8 12152
8 12 12 10 21754
8 12 12 14 28536
8 10 13 9 2356
8 10 13 11 20
8 10 13 15 24522
8 12 13 9 3266
8 12 13 11 6414
8 12 13 15 35654
8 10 14 8 23654
8 10 14 10 23118
8 10 14 12 12300
8 12 14 8 1944
8 12 14 10 9568
8 12 14 12 18570
8 10 15 9 4736
8 10 15 11 7826
8 10 15 13 15770
8 12 15 9 2176
8 12 15 11 9414
8 12 15 13 4950
9 11 0 2 23996
9 11 0 4 17828
9 11 0 6 5994
9 13 0 2 4660
9 13 0 4 30122
9 13 0 6 21038
9 11 1 3 3876
9 11 1 5 2192
9 11 1 7 7634
9 13 1 3 10890
9 13 1 5 19126
9 13 1 7 4360
9 11 2 0 3840
9 11 2 4 20980
9 11 2 6 3714
9 13 2 0 37596
9 13 2 4 8640
9 13 2 6 9836
9 11 3 1 914
9 11 3 5 6956
9 11 3 7 2408
9 13 3 1 10388
9 13 3 5 9510
9 13 3 7 4644
9 11 4 0 30494
9 11 4 2 6402
9 11 4 6 1178
9 13 4 0 23226
9 13 4 2 9406
9 13 4 6 5778
9 11 5 1 21108
9 11 5 3 9850
9 11 5 7 49356
9 13 5 1 2982
9 13 5 3 1732
9 13 5 7 10468
9 11 6 0 810
9 11 6 2 6728
9 11 6 4 4616
9 13 6 0 3896
9 13 6 2 10666
9 13 6 4 13382
9 11 7 1 11574
9 11 7 3 13180
9 11 7 5 29942
9 13 7 1 4496
9 13 7 3 4730
9 13 7 5 7804
9 11 8 10 3584
9 11 8 12 16702
9 11 8 14 22212
9 13 8 10 1982
9 13 8 12 14934
9 13 8 14 17102
9 11 9 11 4874
9 11 9 13 31852
9 11 9 15 6814
9 13 9 11 6636
9 13 9 13 15300
9 13 9 15 45906
9 11 10 8 10876
9 11 10 12 21248
9 11 10 14 20616
9 13 10 8 28934
9 13 10 12 3508
9 13 10 14 17926
9 11 11 9 13032
9 11 11 13 9118
9 11 11 15 30884
9 13 11 9 11686
9 13 11 13 13944
9 13 11 15 10704
9 11 12 8 6990
9 11 12 10 33088
9 11 12 14 9534
9 13 12 8 23750
9 13 12 10 2290
9 13 12 14 11196
9 11 13 9 1398
9 11 13 11 23990
9 11 13 15 17034
9 13 13 9 21048
9 13 13 11 13476
9 13 13 15 20836
9 11 14 8 1780
9 11 14 10 4518
9 11 14 12 11276
9 13 14 8 1500
9 13 14 10 10668
9 13 14 12 4124
9 11 15 9 12636
9 11 15 11 4388
9 11 15 13 17888
9 13 15 9 1014
9 13 15 11 6584
9 13 15 13 2368
10 14 0 2 6496
10 14 0 4 31674
10 14 0 6 23162
10 14 1 3 8680
10 14 1 5 1986
10 14 1 7 21902
10 14 2 0 760
10 14 2 4 17446
10 14 2 6 10496
10 14 3 1 27226
10 14 3 5 5502
10 14 3 7 784
10 14 4 0 18518
10 14 4 2 43240
10 14 4 6 13126
10 14 5 1 23698
10 14 5 3 5636
10 14 5 7 18892
10 14 6 0 11134
10 14 6 2 10704
10 14 6 4 6186
10 14 7 1 2582
10 14 7 3 16672
10 14 7 5 19760
10 14 8 10 4744
10 14 8 12 14968
10 14 8 14 1532
10 14 9 11 3412
10 14 9 13 15584
10 14 9 15 3902
10 14 10 8 35144
10 14 10 12 894
10 14 10 14 26642
10 14 11 9 19558
10 14 11 13 13158
10 14 11 15 23230
10 14 12 8 1452
10 14 12 10 7126
10 14 12 14 12748
10 14 13 9 19576
10 14 13 11 8020
10 14 13 15 30040
10 14 14 8 2998
10 14 14 10 1208
10 14 14 12 38230
10 14 15 9 4204
10 14 15 11 8944
10 14 15 13 1886
11 15 0 2 2438
11 15 0 4 5784
11 15 0 6 4550
11 15 1 3 692
11 15 1 5 16962
11 15 1 7 354
11 15 2 0 12722
11 15 2 4 28674
11 15 2 6 3330
11 15 3 1 5388
11 15 3 5 3062
11 15 3 7 21198
11 15 4 0 8042
11 15 4 2 13600
11 15 4 6 39392
11 15 5 1 14928
11 15 5 3 2870
11 15 5 7 2574
11 15 6 0 21566
11 15 6 2 10300
11 15 6 4 6396
11 15 7 1 36814
11 15 7 3 13672
11 15 7 5 6916
11 15 8 10 4588
11 15 8 12 6496
11 15 8 14 7372
11 15 9 11 25136
11 15 9 13 5604
11 15 9 15 17564
11 15 10 8 11280
11 15 10 12 7212
11 15 10 14 14820
11 15 11 9 20154
11 15 11 13 8152
11 15 11 15 9988
11 15 12 8 2750
11 15 12 10 13116
11 15 12 14 3326
11 15 13 9 9808
11 15 13 11 4232
11 15 13 15 28778
11 15 14 8 10590
11 15 14 10 3814
11 15 14 12 7642
11 15 15 9 16006
11 15 15 11 796
11 15 15 13 12740
12 14 0 2 9450
12 14 0 4 2720
12 14 0 6 198
12 14 1 3 3770
12 14 1 5 1918
12 14 1 7 12062
12 14 2 0 13504
12 14 2 4 24770
12 14 2 6 4646
12 14 3 1 11808
12 14 3 5 12040
12 14 3 7 25174
12 14 4 0 14864
12 14 4 2 15610
12 14 4 6 2336
12 14 5 1 19182
12 14 5 3 19524
12 14 5 7 6714
12 14 6 0 21386
12 14 6 2 9200
12 14 6 4 16524
12 14 7 1 20072
12 14 7 3 23050
12 14 7 5 7100
12 14 8 10 3258
12 14 8 12 16678
12 14 8 14 5126
12 14 9 11 18038
12 14 9 13 21382
12 14 9 15 2472
12 14 10 8 1474
12 14 10 12 11684
12 14 10 14 9736
12 14 11 9 6764
12 14 11 13 6300
12 14 11 15 7518
12 14 12 8 10614
12 14 12 10 16384
12 14 12 14 6030
12 14 13 9 19654
12 14 13 11 2158
12 14 13 15 6870
12 14 14 8 17414
12 14 14 10 22216
12 14 14 12 22546
12 14 15 9 7642
12 14 15 11 23882
12 14 15 13 11788
13 15 0 2 7842
13 15 0 4 20712
13 15 0 6 9804
13 15 1 3 12734
13 15 1 5 44554
13 15 1 7 16868
13 15 2 0 38198
13 15 2 4 5936
13 15 2 6 3740
13 15 3 1 11254
13 15 3 5 8424
13 15 3 7 19084
13 15 4 0 21592
13 15 4 2 28730
13 15 4 6 2264
13 15 5 1 25808
13 15 5 3 32538
13 15 5 7 18046
13 15 6 0 38974
13 15 6 2 18262
13 15 6 4 14296
13 15 7 1 25148
13 15 7 3 7186
13 15 7 5 19272
13 15 8 10 11672
13 15 8 12 42800
13 15 8 14 7104
13 15 9 11 9350
13 15 9 13 8940
13 15 9 15 26760
13 15 10 8 11652
13 15 10 12 29774
13 15 10 14 24508
13 15 11 9 12620
13 15 11 13 9584
13 15 11 15 35892
13 15 12 8 32590
13 15 12 10 27404
13 15 12 14 13598
13 15 13 9 11842
13 15 13 11 9416
13 15 13 15 10830
13 15 14 8 3702
13 15 14 10 3398
13 15 14 12 21286
13 15 15 9 4548
13 15 15 11 5190
13 15 15 13 22176
