0 2 0 2 11930
0 2 0 4 27654
0 2 0 6 13114
0 4 0 2 3892
0 4 0 4 2290
0 4 0 6 7814
0 8 0 2 18788
0 8 0 4 18338
0 8 0 6 29104
0 2 1 3 7876
0 2 1 5 16864
0 2 1 7 7888
0 4 1 3 15918
0 4 1 5 12884
0 4 1 7 2900
0 8 1 3 23208
0 8 1 5 3888
0 8 1 7 13494
0 2 2 0 9296
0 2 2 4 3964
0 2 2 6 2494
0 4 2 0 1776
0 4 2 4 23494
0 4 2 6 17978
0 8 2 0 20714
0 8 2 4 25936
0 8 2 6 9594
0 2 3 1 46
0 2 3 5 7360
0 2 3 7 10486
0 4 3 1 12382
0 4 3 5 3870
0 4 3 7 434
0 8 3 1 35874
0 8 3 5 26054
0 8 3 7 13488
0 2 4 0 5258
0 2 4 2 12680
0 2 4 6 28478
0 4 4 0 25736
0 4 4 2 21466
0 4 4 6 31862
0 8 4 0 2902
0 8 4 2 15256
0 8 4 6 13234
0 2 5 1 8528
0 2 5 3 14304
0 2 5 7 13558
0 4 5 1 3884
0 4 5 3 7618
0 4 5 7 3078
0 8 5 1 11178
0 8 5 3 6666
0 8 5 7 15520
0 2 6 0 180
0 2 6 2 11826
0 2 6 4 6742
0 4 6 0 2594
0 4 6 2 1244
0 4 6 4 21476
0 8 6 0 22456
0 8 6 2 9480
0 8 6 4 628
0 2 7 1 2054
0 2 7 3 2318
0 2 7 5 11874
0 4 7 1 8708
0 4 7 3 10806
0 4 7 5 21604
0 8 7 1 8300
0 8 7 3 24114
0 8 7 5 1468
0 2 8 10 4940
0 2 8 12 6056
0 2 8 14 10928
0 4 8 10 1418
0 4 8 12 22122
0 4 8 14 11100
0 8 8 10 9388
0 8 8 12 30528
0 8 8 14 16272
0 2 9 11 4642
0 2 9 13 1274
0 2 9 15 10986
0 4 9 11 10596
0 4 9 13 9828
0 4 9 15 1518
0 8 9 11 15668
0 8 9 13 18872
0 8 9 15 6230
0 2 10 8 8440
0 2 10 12 17044
0 2 10 14 20324
0 4 10 8 2304
0 4 10 12 6924
0 4 10 14 4238
0 8 10 8 18612
0 8 10 12 1366
0 8 10 14 9610
0 2 11 9 10612
0 2 11 13 15000
0 2 11 15 29734
0 4 11 9 5106
0 4 11 13 16536
0 4 11 15 14948
0 8 11 9 4798
0 8 11 13 9550
0 8 11 15 3446
0 2 12 8 12648
0 2 12 10 9602
0 2 12 14 24158
0 4 12 8 20422
0 4 12 10 25328
0 4 12 14 18982
0 8 12 8 22060
0 8 12 10 12516
0 8 12 14 5536
0 2 13 9 9574
0 2 13 11 2344
0 2 13 15 1446
0 4 13 9 18416
0 4 13 11 20224
0 4 13 15 28666
0 8 13 9 20970
0 8 13 11 25140
0 8 13 15 34924
0 2 14 8 330
0 2 14 10 14634
0 2 14 12 4502
0 4 14 8 12958
0 4 14 10 4408
0 4 14 12 6872
0 8 14 8 7802
0 8 14 10 12100
0 8 14 12 4232
0 2 15 9 31650
0 2 15 11 3274
0 2 15 13 6504
0 4 15 9 9752
0 4 15 11 9954
0 4 15 13 21800
0 8 15 9 7184
0 8 15 11 18
0 8 15 13 36528
1 3 0 2 1008
1 3 0 4 11666
1 3 0 6 14694
1 5 0 2 30998
1 5 0 4 9486
1 5 0 6 8166
1 9 0 2 1652
1 9 0 4 7504
1 9 0 6 27076
1 3 1 3 23678
1 3 1 5 22578
1 3 1 7 604
1 5 1 3 11978
1 5 1 5 11520
1 5 1 7 12478
1 9 1 3 3388
1 9 1 5 4276
1 9 1 7 9860
1 3 2 0 7436
1 3 2 4 7464
1 3 2 6 13272
1 5 2 0 37604
1 5 2 4 20668
1 5 2 6 21000
1 9 2 0 22692
1 9 2 4 1754
1 9 2 6 6342
1 3 3 1 12994
1 3 3 5 14850
1 3 3 7 11002
1 5 3 1 9386
1 5 3 5 5170
1 5 3 7 16670
1 9 3 1 12412
1 9 3 5 14180
1 9 3 7 48094
1 3 4 0 8954
1 3 4 2 4266
1 3 4 6 39906
1 5 4 0 662
1 5 4 2 15656
1 5 4 6 6690
1 9 4 0 25088
1 9 4 2 1336
1 9 4 6 22970
1 3 5 1 12192
1 3 5 3 7150
1 3 5 7 14214
1 5 5 1 27944
1 5 5 3 12212
1 5 5 7 27376
1 9 5 1 20780
1 9 5 3 11638
1 9 5 7 27514
1 3 6 0 11498
1 3 6 2 2498
1 3 6 4 2530
1 5 6 0 26486
1 5 6 2 21344
1 5 6 4 2790
1 9 6 0 1504
1 9 6 2 19580
1 9 6 4 2382
1 3 7 1 2426
1 3 7 3 26542
1 3 7 5 4866
1 5 7 1 8254
1 5 7 3 22506
1 5 7 5 1648
1 9 7 1 11966
1 9 7 3 1070
1 9 7 5 18500
1 3 8 10 8688
1 3 8 12 23370
1 3 8 14 14866
1 5 8 10 6930
1 5 8 12 29470
1 5 8 14 9424
1 9 8 10 1418
1 9 8 12 5192
1 9 8 14 2082
1 3 9 11 5400
1 3 9 13 2164
1 3 9 15 1110
1 5 9 11 5328
1 5 9 13 7316
1 5 9 15 24476
1 9 9 11 19538
1 9 9 13 36382
1 9 9 15 20186
1 3 10 8 3632
1 3 10 12 15642
1 3 10 14 146
1 5 10 8 20910
1 5 10 12 6954
1 5 10 14 14724
1 9 10 8 20188
1 9 10 12 2972
1 9 10 14 8804
1 3 11 9 5872
1 3 11 13 6396
1 3 11 15 2332
1 5 11 9 10638
1 5 11 13 7658
1 5 11 15 6622
1 9 11 9 20930
1 9 11 13 7520
1 9 11 15 12218
1 3 12 8 34744
1 3 12 10 19124
1 3 12 14 7134
1 5 12 8 16612
1 5 12 10 3252
1 5 12 14 17810
1 9 12 8 27352
1 9 12 10 22252
1 9 12 14 3470
1 3 13 9 8976
1 3 13 11 30650
1 3 13 15 10172
1 5 13 9 11498
1 5 13 11 10542
1 5 13 15 10256
1 9 13 9 4786
1 9 13 11 15626
1 9 13 15 1838
1 3 14 8 22506
1 3 14 10 27142
1 3 14 12 15840
1 5 14 8 4320
1 5 14 10 20278
1 5 14 12 31416
1 9 14 8 3000
1 9 14 10 26498
1 9 14 12 25058
1 3 15 9 21960
1 3 15 11 7534
1 3 15 13 17740
1 5 15 9 7556
1 5 15 11 16576
1 5 15 13 13620
1 9 15 9 8454
1 9 15 11 11096
1 9 15 13 11852
2 6 0 2 24120
2 6 0 4 9682
2 6 0 6 22386
2 10 0 2 16494
2 10 0 4 18150
2 10 0 6 39450
2 6 1 3 9228
2 6 1 5 19652
2 6 1 7 23728
2 10 1 3 8272
2 10 1 5 7368
2 10 1 7 25810
2 6 2 0 3174
2 6 2 4 21800
2 6 2 6 7394
2 10 2 0 10210
2 10 2 4 3538
2 10 2 6 17056
2 6 3 1 886
2 6 3 5 9508
2 6 3 7 14950
2 10 3 1 14348
2 10 3 5 1002
2 10 3 7 17900
2 6 4 0 4380
2 6 4 2 27572
2 6 4 6 968
2 10 4 0 4972
2 10 4 2 7080
2 10 4 6 1496
2 6 5 1 11426
2 6 5 3 33560
2 6 5 7 11932
2 10 5 1 2018
2 10 5 3 12402
2 10 5 7 6650
2 6 6 0 11156
2 6 6 2 5182
2 6 6 4 31634
2 10 6 0 12150
2 10 6 2 35812
2 10 6 4 43580
2 6 7 1 9176
2 6 7 3 4274
2 6 7 5 7158
2 10 7 1 1398
2 10 7 3 30524
2 10 7 5 31732
2 6 8 10 9858
2 6 8 12 17006
2 6 8 14 41244
2 10 8 10 7696
2 10 8 12 8574
2 10 8 14 10830
2 6 9 11 8170
2 6 9 13 6590
2 6 9 15 40014
2 10 9 11 5284
2 10 9 13 6822
2 10 9 15 20898
2 6 10 8 17564
2 6 10 12 13124
2 6 10 14 7134
2 10 10 8 12376
2 10 10 12 16558
2 10 10 14 18180
2 6 11 9 32580
2 6 11 13 8040
2 6 11 15 11166
2 10 11 9 7184
2 10 11 13 606
2 10 11 15 284
2 6 12 8 21968
2 6 12 10 23582
2 6 12 14 8752
2 10 12 8 23766
2 10 12 10 24318
2 10 12 14 17978
2 6 13 9 9108
2 6 13 11 19394
2 6 13 15 3770
2 10 13 9 5480
2 10 13 11 15846
2 10 13 15 16298
2 6 14 8 16698
2 6 14 10 4650
2 6 14 12 1282
2 10 14 8 28526
2 10 14 10 2200
2 10 14 12 2158
2 6 15 9 3100
2 6 15 11 19248
2 6 15 13 11034
2 10 15 9 27478
2 10 15 11 3928
2 10 15 13 10058
3 7 0 2 21698
3 7 0 4 19956
3 7 0 6 6884
3 11 0 2 2586
3 11 0 4 15326
3 11 0 6 1536
3 7 1 3 12750
3 7 1 5 37710
3 7 1 7 5150
3 11 1 3 10892
3 11 1 5 714
3 11 1 7 1900
3 7 2 0 25418
3 7 2 4 6734
3 7 2 6 24230
3 11 2 0 28344
3 11 2 4 2446
3 11 2 6 6720
3 7 3 1 16492
3 7 3 5 20118
3 7 3 7 850
3 11 3 1 14256
3 11 3 5 30912
3 11 3 7 11878
3 7 4 0 34168
3 7 4 2 16798
3 7 4 6 20
3 11 4 0 11334
3 11 4 2 27162
3 11 4 6 21956
3 7 5 1 16434
3 7 5 3 11634
3 7 5 7 16776
3 11 5 1 18970
3 11 5 3 7314
3 11 5 7 8926
3 7 6 0 22340
3 7 6 2 15866
3 7 6 4 27530
3 11 6 0 548
3 11 6 2 11512
3 11 6 4 3300
3 7 7 1 11992
3 7 7 3 39134
3 7 7 5 6858
3 11 7 1 23702
3 11 7 3 24928
3 11 7 5 19126
3 7 8 10 10196
3 7 8 12 31884
3 7 8 14 44580
3 11 8 10 5294
3 11 8 12 7136
3 11 8 14 4644
3 7 9 11 998
3 7 9 13 1168
3 7 9 15 2350
3 11 9 11 15250
3 11 9 13 13280
3 11 9 15 2142
3 7 10 8 3874
3 7 10 12 19712
3 7 10 14 12210
3 11 10 8 14586
3 11 10 12 7594
3 11 10 14 1926
3 7 11 9 1068
3 7 11 13 8708
3 7 11 15 15412
3 11 11 9 2408
3 11 11 13 3022
3 11 11 15 22564
3 7 12 8 11952
3 7 12 10 30214
3 7 12 14 22762
3 11 12 8 11028
3 11 12 10 5672
3 11 12 14 10838
3 7 13 9 17720
3 7 13 11 46
3 7 13 15 5396
3 11 13 9 10558
3 11 13 11 11192
3 11 13 15 15572
3 7 14 8 8640
3 7 14 10 9280
3 7 14 12 28464
3 11 14 8 19652
3 11 14 10 19548
3 11 14 12 6738
3 7 15 9 12896
3 7 15 11 1130
3 7 15 13 5776
3 11 15 9 9412
3 11 15 11 18510
3 11 15 13 11188
4 6 0 2 17328
4 6 0 4 22444
4 6 0 6 2804
4 12 0 2 18336
4 12 0 4 14492
4 12 0 6 13512
4 6 1 3 8660
4 6 1 5 14522
4 6 1 7 33448
4 12 1 3 3404
4 12 1 5 468
4 12 1 7 8822
4 6 2 0 13584
4 6 2 4 14956
4 6 2 6 20418
4 12 2 0 6898
4 12 2 4 21402
4 12 2 6 24892
4 6 3 1 10898
4 6 3 5 3054
4 6 3 7 7036
4 12 3 1 4036
4 12 3 5 13800
4 12 3 7 17902
4 6 4 0 17504
4 6 4 2 10894
4 6 4 6 23850
4 12 4 0 19488
4 12 4 2 24964
4 12 4 6 16472
4 6 5 1 2374
4 6 5 3 40914
4 6 5 7 10838
4 12 5 1 14082
4 12 5 3 21588
4 12 5 7 10642
4 6 6 0 9002
4 6 6 2 24052
4 6 6 4 1872
4 12 6 0 13718
4 12 6 2 23814
4 12 6 4 326
4 6 7 1 18762
4 6 7 3 51282
4 6 7 5 894
4 12 7 1 24026
4 12 7 3 6834
4 12 7 5 9158
4 6 8 10 14434
4 6 8 12 5178
4 6 8 14 5564
4 12 8 10 7418
4 12 8 12 34106
4 12 8 14 4316
4 6 9 11 8270
4 6 9 13 7266
4 6 9 15 23952
4 12 9 11 14712
4 12 9 13 21154
4 12 9 15 8458
4 6 10 8 39436
4 6 10 12 2948
4 6 10 14 4422
4 12 10 8 26774
4 12 10 12 9760
4 12 10 14 24938
4 6 11 9 19210
4 6 11 13 2380
4 6 11 15 6404
4 12 11 9 5652
4 12 11 13 21534
4 12 11 15 7296
4 6 12 8 10976
4 6 12 10 3684
4 6 12 14 17310
4 12 12 8 25136
4 12 12 10 5266
4 12 12 14 13648
4 6 13 9 11758
4 6 13 11 17702
4 6 13 15 11262
4 12 13 9 18182
4 12 13 11 3954
4 12 13 15 4526
4 6 14 8 6790
4 6 14 10 13636
4 6 14 12 15830
4 12 14 8 7854
4 12 14 10 13886
4 12 14 12 27006
4 6 15 9 33822
4 6 15 11 9040
4 6 15 13 26548
4 12 15 9 184
4 12 15 11 17998
4 12 15 13 18706
5 7 0 2 36338
5 7 0 4 10042
5 7 0 6 20950
5 13 0 2 19088
5 13 0 4 2406
5 13 0 6 26142
5 7 1 3 9254
5 7 1 5 5838
5 7 1 7 19768
5 13 1 3 430
5 13 1 5 4806
5 13 1 7 18474
5 7 2 0 12108
5 7 2 4 3154
5 7 2 6 26732
5 13 2 0 3936
5 13 2 4 19434
5 13 2 6 3250
5 7 3 1 13884
5 7 3 5 14514
5 7 3 7 32034
5 13 3 1 7758
5 13 3 5 34532
5 13 3 7 6368
5 7 4 0 10268
5 7 4 2 5208
5 7 4 6 29418
5 13 4 0 12112
5 13 4 2 22844
5 13 4 6 2882
5 7 5 1 11262
5 7 5 3 17426
5 7 5 7 26464
5 13 5 1 14668
5 13 5 3 4750
5 13 5 7 5562
5 7 6 0 41300
5 7 6 2 8334
5 7 6 4 34214
5 13 6 0 14598
5 13 6 2 1308
5 13 6 4 23158
5 7 7 1 17462
5 7 7 3 8998
5 7 7 5 7654
5 13 7 1 15116
5 13 7 3 8790
5 13 7 5 10584
5 7 8 10 8730
5 7 8 12 6682
5 7 8 14 3762
5 13 8 10 6796
5 13 8 12 20286
5 13 8 14 6356
5 7 9 11 33432
5 7 9 13 4764
5 7 9 15 39934
5 13 9 11 2124
5 13 9 13 17018
5 13 9 15 2416
5 7 10 8 4010
5 7 10 12 38624
5 7 10 14 12000
5 13 10 8 4282
5 13 10 12 24772
5 13 10 14 364
5 7 11 9 8162
5 7 11 13 16716
5 7 11 15 2152
5 13 11 9 16524
5 13 11 13 20774
5 13 11 15 6136
5 7 12 8 14624
5 7 12 10 21896
5 7 12 14 5606
5 13 12 8 25614
5 13 12 10 5790
5 13 12 14 2236
5 7 13 9 18380
5 7 13 11 12072
5 7 13 15 15444
5 13 13 9 336
5 13 13 11 12740
5 13 13 15 5832
5 7 14 8 1848
5 7 14 10 24280
5 7 14 12 8142
5 13 14 8 16798
5 13 14 10 27468
5 13 14 12 27530
5 7 15 9 6044
5 7 15 11 8940
5 7 15 13 5130
5 13 15 9 2778
5 13 15 11 2532
5 13 15 13 31280
6 14 0 2 23034
6 14 0 4 11034
6 14 0 6 19064
6 14 1 3 9812
6 14 1 5 23942
6 14 1 7 2728
6 14 2 0 462
6 14 2 4 4004
6 14 2 6 14462
6 14 3 1 6960
6 14 3 5 33288
6 14 3 7 17834
6 14 4 0 5062
6 14 4 2 5340
6 14 4 6 11020
6 14 5 1 7742
6 14 5 3 8692
6 14 5 7 6662
6 14 6 0 8840
6 14 6 2 9326
6 14 6 4 4266
6 14 7 1 11346
6 14 7 3 14226
6 14 7 5 37994
6 14 8 10 22862
6 14 8 12 1730
6 14 8 14 6820
6 14 9 11 16970
6 14 9 13 26554
6 14 9 15 17022
6 14 10 8 22358
6 14 10 12 48298
6 14 10 14 2062
6 14 11 9 11980
6 14 11 13 24104
6 14 11 15 49716
6 14 12 8 3980
6 14 12 10 31018
6 14 12 14 26220
6 14 13 9 8214
6 14 13 11 12786
6 14 13 15 3652
6 14 14 8 6794
6 14 14 10 1220
6 14 14 12 2426
6 14 15 9 38928
6 14 15 11 10358
6 14 15 13 11392
7 15 0 2 13026
7 15 0 4 25946
7 15 0 6 20812
7 15 1 3 15064
7 15 1 5 5440
7 15 1 7 620
7 15 2 0 24478
7 15 2 4 7590
7 15 2 6 8558
7 15 3 1 29418
7 15 3 5 7712
7 15 3 7 4368
7 15 4 0 4852
7 15 4 2 15130
7 15 4 6 7992
7 15 5 1 15352
7 15 5 3 20402
7 15 5 7 9728
7 15 6 0 21542
7 15 6 2 6686
7 15 6 4 4330
7 15 7 1 14432
7 15 7 3 3930
7 15 7 5 20508
7 15 8 10 21008
7 15 8 12 13672
7 15 8 14 7308
7 15 9 11 4218
7 15 9 13 17866
7 15 9 15 31082
7 15 10 8 25896
7 15 10 12 24044
7 15 10 14 15950
7 15 11 9 16120
7 15 11 13 8086
7 15 11 15 18536
7 15 12 8 8292
7 15 12 10 330
7 15 12 14 23262
7 15 13 9 27660
7 15 13 11 18820
7 15 13 15 13130
7 15 14 8 2526
7 15 14 10 1464
7 15 14 12 13824
7 15 15 9 7428
7 15 15 11 18932
7 15 15 13 3118
8 10 0 2 22328
8 10 0 4 1038
8 10 0 6 2340
8 12 0 2 6286
8 12 0 4 8454
8 12 0 6 12714
8 10 1 3 16140
8 10 1 5 16280
8 10 1 7 5842
8 12 1 3 100
8 12 1 5 634
8 12 1 7 11202
8 10 2 0 26896
8 10 2 4 13436
8 10 2 6 37142
8 12 2 0 10064
8 12 2 4 14786
8 12 2 6 1770
8 10 3 1 8978
8 10 3 5 24214
8 10 3 7 680
8 12 3 1 3018
8 12 3 5 11312
8 12 3 7 7044
8 10 4 0 7986
8 10 4 2 29648
8 10 4 6 7680
8 12 4 0 952
8 12 4 2 10760
8 12 4 6 5616
8 10 5 1 4132
8 10 5 3 18886
8 10 5 7 6832
8 12 5 1 22332
8 12 5 3 17354
8 12 5 7 11442
8 10 6 0 10598
8 10 6 2 3856
8 10 6 4 23680
8 12 6 0 18204
8 12 6 2 9244
8 12 6 4 8864
8 10 7 1 15168
8 10 7 3 9030
8 10 7 5 12640
8 12 7 1 16006
8 12 7 3 23670
8 12 7 5 28628
8 10 8 10 8414
8 10 8 12 6460
8 10 8 14 3440
8 12 8 10 7314
8 12 8 12 8110
8 12 8 14 2886
8 10 9 11 12574
8 10 9 13 15556
8 10 9 15 30070
8 12 9 11 606
8 12 9 13 11302
8 12 9 15 23024
8 10 10 8 23180
8 10 10 12 11126
8 10 10 14 6748
8 12 10 8 21832
8 12 10 12 12234
8 12 10 14 2946
8 10 11 9 19208
8 10 11 13 9540
8 10 11 15 240
8 12 11 9 12364
8 12 11 13 2972
8 12 11 15 14948
8 10 12 8 378
8 10 12 10 19262
8 10 12 14 12664
8 12 12 8 19110
8 12 12 10 15294
8 12 12 14 2996
8 10 13 9 4578
8 10 13 11 20434
8 10 13 15 22824
8 12 13 9 40360
8 12 13 11 8956
8 12 13 15 12392
8 10 14 8 9992
8 10 14 10 27098
8 10 14 12 7964
8 12 14 8 14428
8 12 14 10 6654
8 12 14 12 6508
8 10 15 9 23556
8 10 15 11 22030
8 10 15 13 6052
8 12 15 9 21332
8 12 15 11 1838
8 12 15 13 6298
9 11 0 2 5032
9 11 0 4 2894
9 11 0 6 22314
9 13 0 2 11850
9 13 0 4 14980
9 13 0 6 11528
9 11 1 3 3472
9 11 1 5 10316
9 11 1 7 11146
9 13 1 3 17936
9 13 1 5 7158
9 13 1 7 26544
9 11 2 0 23604
9 11 2 4 8190
9 11 2 6 34030
9 13 2 0 6376
9 13 2 4 9242
9 13 2 6 2112
9 11 3 1 2786
9 11 3 5 12526
9 11 3 7 15288
9 13 3 1 5058
9 13 3 5 31024
9 13 3 7 3182
9 11 4 0 8984
9 11 4 2 30020
9 11 4 6 22762
9 13 4 0 27480
9 13 4 2 9500
9 13 4 6 6886
9 11 5 1 7040
9 11 5 3 50260
9 11 5 7 32432
9 13 5 1 19382
9 13 5 3 16114
9 13 5 7 34772
9 11 6 0 14360
9 11 6 2 11484
9 11 6 4 31794
9 13 6 0 11404
9 13 6 2 5742
9 13 6 4 10090
9 11 7 1 5692
9 11 7 3 7088
9 11 7 5 8872
9 13 7 1 8880
9 13 7 3 5030
9 13 7 5 6780
9 11 8 10 54474
9 11 8 12 14362
9 11 8 14 12084
9 13 8 10 10000
9 13 8 12 8266
9 13 8 14 26384
9 11 9 11 21660
9 11 9 13 38086
9 11 9 15 15794
9 13 9 11 8328
9 13 9 13 11372
9 13 9 15 7272
9 11 10 8 17224
9 11 10 12 23324
9 11 10 14 15636
9 13 10 8 33314
9 13 10 12 19840
9 13 10 14 10380
9 11 11 9 22290
9 11 11 13 12442
9 11 11 15 6696
9 13 11 9 16212
9 13 11 13 24134
9 13 11 15 14612
9 11 12 8 13300
9 11 12 10 5302
9 11 12 14 16202
9 13 12 8 26684
9 13 12 10 15774
9 13 12 14 8494
9 11 13 9 9576
9 11 13 11 18006
9 11 13 15 37946
9 13 13 9 18296
9 13 13 11 5830
9 13 13 15 8254
9 11 14 8 17730
9 11 14 10 240
9 11 14 12 19568
9 13 14 8 25418
9 13 14 10 19456
9 13 14 12 4678
9 11 15 9 9064
9 11 15 11 2944
9 11 15 13 4188
9 13 15 9 6042
9 13 15 11 18078
9 13 15 13 2332
10 14 0 2 6484
10 14 0 4 11678
10 14 0 6 39306
10 14 1 3 866
10 14 1 5 2666
10 14 1 7 4298
10 14 2 0 6112
10 14 2 4 32534
10 14 2 6 5306
10 14 3 1 2960
10 14 3 5 7830
10 14 3 7 31478
10 14 4 0 6678
10 14 4 2 7252
10 14 4 6 13250
10 14 5 1 1194
10 14 5 3 12310
10 14 5 7 12944
10 14 6 0 432
10 14 6 2 6084
10 14 6 4 4154
10 14 7 1 8020
10 14 7 3 14534
10 14 7 5 35636
10 14 8 10 5724
10 14 8 12 3028
10 14 8 14 13866
10 14 9 11 21770
10 14 9 13 3682
10 14 9 15 10210
10 14 10 8 6284
10 14 10 12 25480
10 14 10 14 15648
10 14 11 9 172
10 14 11 13 33022
10 14 11 15 16152
10 14 12 8 2228
10 14 12 10 22172
10 14 12 14 23722
10 14 13 9 264
10 14 13 11 43450
10 14 13 15 11236
10 14 14 8 5248
10 14 14 10 10440
10 14 14 12 27644
10 14 15 9 15652
10 14 15 11 17208
10 14 15 13 21732
11 15 0 2 14502
11 15 0 4 3762
11 15 0 6 20942
11 15 1 3 16136
11 15 1 5 686
11 15 1 7 7766
11 15 2 0 3548
11 15 2 4 10298
11 15 2 6 13724
11 15 3 1 9290
11 15 3 5 280
11 15 3 7 9716
11 15 4 0 10838
11 15 4 2 6860
11 15 4 6 17078
11 15 5 1 4858
11 15 5 3 26128
11 15 5 7 6394
11 15 6 0 10868
11 15 6 2 21354
11 15 6 4 15808
11 15 7 1 6874
11 15 7 3 11338
11 15 7 5 2280
11 15 8 10 17278
11 15 8 12 1828
11 15 8 14 10316
11 15 9 11 6334
11 15 9 13 14592
11 15 9 15 14816
11 15 10 8 25564
11 15 10 12 18402
11 15 10 14 9266
11 15 11 9 4812
11 15 11 13 16560
11 15 11 15 13278
11 15 12 8 660
11 15 12 10 13912
11 15 12 14 36318
11 15 13 9 9552
11 15 13 11 68
11 15 13 15 37886
11 15 14 8 6180
11 15 14 10 10608
11 15 14 12 2774
11 15 15 9 3228
11 15 15 11 21214
11 15 15 13 2422
12 14 0 2 9356
12 14 0 4 15138
12 14 0 6 11208
12 14 1 3 9994
12 14 1 5 26592
12 14 1 7 9160
12 14 2 0 20316
12 14 2 4 19440
12 14 2 6 32258
12 14 3 1 2310
12 14 3 5 60
12 14 3 7 3800
12 14 4 0 11482
12 14 4 2 3394
12 14 4 6 8312
12 14 5 1 18974
12 14 5 3 12230
12 14 5 7 9446
12 14 6 0 20954
12 14 6 2 2176
12 14 6 4 650
12 14 7 1 10316
12 14 7 3 18386
12 14 7 5 28156
12 14 8 10 4190
12 14 8 12 17860
12 14 8 14 4334
12 14 9 11 17434
12 14 9 13 24752
12 14 9 15 2120
12 14 10 8 3924
12 14 10 12 6974
12 14 10 14 14180
12 14 11 9 16868
12 14 11 13 7168
12 14 11 15 4208
12 14 12 8 1096
12 14 12 10 21662
12 14 12 14 10836
12 14 13 9 40484
12 14 13 11 6982
12 14 13 15 15706
12 14 14 8 7260
12 14 14 10 8422
12 14 14 12 7478
12 14 15 9 4134
12 14 15 11 4264
12 14 15 13 282
13 15 0 2 17400
13 15 0 4 22798
13 15 0 6 2902
13 15 1 3 23750
13 15 1 5 19518
13 15 1 7 16454
13 15 2 0 4532
13 15 2 4 14260
13 15 2 6 7094
13 15 3 1 14610
13 15 3 5 2852
13 15 3 7 25404
13 15 4 0 8816
13 15 4 2 9538
13 15 4 6 9344
13 15 5 1 708
13 15 5 3 5494
13 15 5 7 15440
13 15 6 0 9836
13 15 6 2 12608
13 15 6 4 22786
13 15 7 1 18384
13 15 7 3 2314
13 15 7 5 33588
13 15 8 10 22674
13 15 8 12 5602
13 15 8 14 15428
13 15 9 11 4776
13 15 9 13 9522
13 15 9 15 2084
13 15 10 8 3224
13 15 10 12 18100
13 15 10 14 4578
13 15 11 9 31500
13 15 11 13 13896
13 15 11 15 3446
13 15 12 8 4238
13 15 12 10 37418
13 15 12 14 23804
13 15 13 9 37300
13 15 13 11 8332
13 15 13 15 14174
13 15 14 8 51348
13 15 14 10 9672
13 15 14 12 15262
13 15 15 9 7850
13 15 15 11 2428
13 15 15 13 9292
