# KEY left=0x76 right=0x44
# GOOD_PAIRS_BEGIN count=2
# GOOD_PAIR 0x22 0x66
# GOOD_PAIR 0x26 0x62
# GOOD_PAIRS_END
0 2 0 2 2128
0 2 0 4 1190
0 2 0 6 344
0 4 0 2 1350
0 4 0 4 622
0 4 0 6 1784
0 8 0 2 1624
0 8 0 4 3416
0 8 0 6 408
0 2 1 3 2726
0 2 1 5 1252
0 2 1 7 1306
0 4 1 3 1050
0 4 1 5 884
0 4 1 7 1266
0 8 1 3 610
0 8 1 5 1202
0 8 1 7 42
0 2 2 0 926
0 2 2 4 442
0 2 2 6 388
0 4 2 0 1910
0 4 2 4 522
0 4 2 6 158
0 8 2 0 992
0 8 2 4 1168
0 8 2 6 1926
0 2 3 1 1260
0 2 3 5 1742
0 2 3 7 538
0 4 3 1 5510
0 4 3 5 1002
0 4 3 7 766
0 8 3 1 1842
0 8 3 5 2796
0 8 3 7 1752
0 2 4 0 2324
0 2 4 2 752
0 2 4 6 1452
0 4 4 0 4510
0 4 4 2 4734
0 4 4 6 738
0 8 4 0 2774
0 8 4 2 418
0 8 4 6 1194
0 2 5 1 240
0 2 5 3 3128
0 2 5 7 2462
0 4 5 1 3880
0 4 5 3 3548
0 4 5 7 2452
0 8 5 1 1310
0 8 5 3 2142
0 8 5 7 1038
0 2 6 0 802
0 2 6 2 412
0 2 6 4 760
0 4 6 0 930
0 4 6 2 1082
0 4 6 4 3370
0 8 6 0 1798
0 8 6 2 3876
0 8 6 4 4306
0 2 7 1 1948
0 2 7 3 1408
0 2 7 5 668
0 4 7 1 1750
0 4 7 3 664
0 4 7 5 4002
0 8 7 1 770
0 8 7 3 360
0 8 7 5 1166
0 2 8 10 2174
0 2 8 12 4186
0 2 8 14 1462
0 4 8 10 5228
0 4 8 12 1500
0 4 8 14 832
0 8 8 10 1548
0 8 8 12 1576
0 8 8 14 322
0 2 9 11 2490
0 2 9 13 986
0 2 9 15 3436
0 4 9 11 686
0 4 9 13 1926
0 4 9 15 1722
0 8 9 11 1708
0 8 9 13 2208
0 8 9 15 2776
0 2 10 8 786
0 2 10 12 3510
0 2 10 14 992
0 4 10 8 462
0 4 10 12 5540
0 4 10 14 1424
0 8 10 8 1128
0 8 10 12 974
0 8 10 14 1502
0 2 11 9 54
0 2 11 13 2650
0 2 11 15 90
0 4 11 9 1912
0 4 11 13 520
0 4 11 15 4166
0 8 11 9 1914
0 8 11 13 2458
0 8 11 15 646
0 2 12 8 152
0 2 12 10 4026
0 2 12 14 702
0 4 12 8 598
0 4 12 10 578
0 4 12 14 1906
0 8 12 8 3512
0 8 12 10 4314
0 8 12 14 2812
0 2 13 9 2974
0 2 13 11 914
0 2 13 15 1178
0 4 13 9 1030
0 4 13 11 2458
0 4 13 15 1290
0 8 13 9 442
0 8 13 11 4696
0 8 13 15 130
0 2 14 8 928
0 2 14 10 102
0 2 14 12 1374
0 4 14 8 512
0 4 14 10 2488
0 4 14 12 1162
0 8 14 8 1622
0 8 14 10 1742
0 8 14 12 2838
0 2 15 9 1052
0 2 15 11 1568
0 2 15 13 2866
0 4 15 9 1260
0 4 15 11 1988
0 4 15 13 2796
0 8 15 9 2036
0 8 15 11 1642
0 8 15 13 2262
1 3 0 2 716
1 3 0 4 320
1 3 0 6 624
1 5 0 2 1828
1 5 0 4 566
1 5 0 6 2486
1 9 0 2 4056
1 9 0 4 598
1 9 0 6 34
1 3 1 3 1694
1 3 1 5 212
1 3 1 7 2386
1 5 1 3 1192
1 5 1 5 14
1 5 1 7 1214
1 9 1 3 1192
1 9 1 5 16
1 9 1 7 2184
1 3 2 0 2350
1 3 2 4 288
1 3 2 6 892
1 5 2 0 2546
1 5 2 4 1822
1 5 2 6 1748
1 9 2 0 1070
1 9 2 4 2040
1 9 2 6 2140
1 3 3 1 806
1 3 3 5 1466
1 3 3 7 458
1 5 3 1 2208
1 5 3 5 1508
1 5 3 7 1882
1 9 3 1 472
1 9 3 5 26
1 9 3 7 3706
1 3 4 0 3548
1 3 4 2 1068
1 3 4 6 178
1 5 4 0 2712
1 5 4 2 1468
1 5 4 6 74
1 9 4 0 2356
1 9 4 2 628
1 9 4 6 224
1 3 5 1 496
1 3 5 3 542
1 3 5 7 704
1 5 5 1 824
1 5 5 3 1520
1 5 5 7 64
1 9 5 1 76
1 9 5 3 1224
1 9 5 7 1012
1 3 6 0 1002
1 3 6 2 114
1 3 6 4 3504
1 5 6 0 2402
1 5 6 2 4310
1 5 6 4 2392
1 9 6 0 180
1 9 6 2 502
1 9 6 4 1158
1 3 7 1 1992
1 3 7 3 1656
1 3 7 5 1934
1 5 7 1 1836
1 5 7 3 3368
1 5 7 5 3736
1 9 7 1 2090
1 9 7 3 922
1 9 7 5 394
1 3 8 10 606
1 3 8 12 4178
1 3 8 14 3724
1 5 8 10 1668
1 5 8 12 1702
1 5 8 14 3956
1 9 8 10 878
1 9 8 12 728
1 9 8 14 1164
1 3 9 11 180
1 3 9 13 5658
1 3 9 15 52
1 5 9 11 548
1 5 9 13 996
1 5 9 15 144
1 9 9 11 4412
1 9 9 13 930
1 9 9 15 3072
1 3 10 8 1498
1 3 10 12 674
1 3 10 14 2110
1 5 10 8 1772
1 5 10 12 1718
1 5 10 14 3240
1 9 10 8 238
1 9 10 12 1016
1 9 10 14 422
1 3 11 9 380
1 3 11 13 210
1 3 11 15 2366
1 5 11 9 202
1 5 11 13 2198
1 5 11 15 2184
1 9 11 9 2324
1 9 11 13 3350
1 9 11 15 86
1 3 12 8 2902
1 3 12 10 2224
1 3 12 14 1748
1 5 12 8 226
1 5 12 10 1848
1 5 12 14 28
1 9 12 8 2248
1 9 12 10 1420
1 9 12 14 316
1 3 13 9 796
1 3 13 11 2460
1 3 13 15 2060
1 5 13 9 1734
1 5 13 11 3416
1 5 13 15 1188
1 9 13 9 818
1 9 13 11 264
1 9 13 15 1534
1 3 14 8 538
1 3 14 10 810
1 3 14 12 2714
1 5 14 8 1428
1 5 14 10 938
1 5 14 12 702
1 9 14 8 6126
1 9 14 10 2148
1 9 14 12 756
1 3 15 9 1148
1 3 15 11 1820
1 3 15 13 3598
1 5 15 9 3210
1 5 15 11 2076
1 5 15 13 702
1 9 15 9 576
1 9 15 11 556
1 9 15 13 1508
2 6 0 2 2138
2 6 0 4 3442
2 6 0 6 250
2 10 0 2 2828
2 10 0 4 3470
2 10 0 6 1094
2 6 1 3 3494
2 6 1 5 3246
2 6 1 7 1332
2 10 1 3 166
2 10 1 5 838
2 10 1 7 1800
2 6 2 0 878
2 6 2 4 1308
2 6 2 6 7154
2 10 2 0 1068
2 10 2 4 2272
2 10 2 6 516
2 6 3 1 2744
2 6 3 5 1344
2 6 3 7 3366
2 10 3 1 2898
2 10 3 5 1642
2 10 3 7 232
2 6 4 0 224
2 6 4 2 2656
2 6 4 6 1196
2 10 4 0 2446
2 10 4 2 2552
2 10 4 6 3482
2 6 5 1 2494
2 6 5 3 1172
2 6 5 7 890
2 10 5 1 3562
2 10 5 3 2912
2 10 5 7 1684
2 6 6 0 80
2 6 6 2 3038
2 6 6 4 872
2 10 6 0 2314
2 10 6 2 634
2 10 6 4 966
2 6 7 1 3182
2 6 7 3 546
2 6 7 5 634
2 10 7 1 2952
2 10 7 3 3300
2 10 7 5 176
2 6 8 10 1522
2 6 8 12 798
2 6 8 14 3984
2 10 8 10 1194
2 10 8 12 282
2 10 8 14 2864
2 6 9 11 2428
2 6 9 13 2384
2 6 9 15 1102
2 10 9 11 26
2 10 9 13 450
2 10 9 15 638
2 6 10 8 60
2 6 10 12 2800
2 6 10 14 3536
2 10 10 8 1036
2 10 10 12 524
2 10 10 14 178
2 6 11 9 3608
2 6 11 13 1188
2 6 11 15 2098
2 10 11 9 920
2 10 11 13 482
2 10 11 15 930
2 6 12 8 34
2 6 12 10 1408
2 6 12 14 574
2 10 12 8 254
2 10 12 10 4424
2 10 12 14 998
2 6 13 9 2034
2 6 13 11 1466
2 6 13 15 4974
2 10 13 9 1654
2 10 13 11 538
2 10 13 15 64
2 6 14 8 858
2 6 14 10 1690
2 6 14 12 4074
2 10 14 8 296
2 10 14 10 1424
2 10 14 12 1644
2 6 15 9 188
2 6 15 11 198
2 6 15 13 456
2 10 15 9 812
2 10 15 11 4926
2 10 15 13 5294
3 7 0 2 628
3 7 0 4 48
3 7 0 6 1734
3 11 0 2 960
3 11 0 4 2202
3 11 0 6 1620
3 7 1 3 1634
3 7 1 5 2556
3 7 1 7 4732
3 11 1 3 994
3 11 1 5 20
3 11 1 7 1816
3 7 2 0 636
3 7 2 4 1060
3 7 2 6 1046
3 11 2 0 1662
3 11 2 4 1560
3 11 2 6 578
3 7 3 1 564
3 7 3 5 122
3 7 3 7 102
3 11 3 1 982
3 11 3 5 1532
3 11 3 7 1852
3 7 4 0 812
3 7 4 2 3960
3 7 4 6 2240
3 11 4 0 248
3 11 4 2 1664
3 11 4 6 2912
3 7 5 1 820
3 7 5 3 2672
3 7 5 7 896
3 11 5 1 588
3 11 5 3 2008
3 11 5 7 970
3 7 6 0 804
3 7 6 2 54
3 7 6 4 90
3 11 6 0 1834
3 11 6 2 438
3 11 6 4 2542
3 7 7 1 2376
3 7 7 3 124
3 7 7 5 702
3 11 7 1 2330
3 11 7 3 1840
3 11 7 5 1604
3 7 8 10 3576
3 7 8 12 2916
3 7 8 14 822
3 11 8 10 798
3 11 8 12 2
3 11 8 14 1700
3 7 9 11 638
3 7 9 13 3036
3 7 9 15 1930
3 11 9 11 408
3 11 9 13 754
3 11 9 15 1466
3 7 10 8 2228
3 7 10 12 968
3 7 10 14 280
3 11 10 8 1692
3 11 10 12 714
3 11 10 14 1688
3 7 11 9 592
3 7 11 13 614
3 7 11 15 1176
3 11 11 9 2562
3 11 11 13 560
3 11 11 15 1068
3 7 12 8 2926
3 7 12 10 1770
3 7 12 14 2408
3 11 12 8 1804
3 11 12 10 692
3 11 12 14 2010
3 7 13 9 2946
3 7 13 11 272
3 7 13 15 2632
3 11 13 9 1746
3 11 13 11 1310
3 11 13 15 2336
3 7 14 8 1118
3 7 14 10 178
3 7 14 12 338
3 11 14 8 1302
3 11 14 10 3372
3 11 14 12 1044
3 7 15 9 798
3 7 15 11 646
3 7 15 13 846
3 11 15 9 1866
3 11 15 11 3520
3 11 15 13 502
4 6 0 2 1946
4 6 0 4 1846
4 6 0 6 1846
4 12 0 2 286
4 12 0 4 970
4 12 0 6 2836
4 6 1 3 4562
4 6 1 5 316
4 6 1 7 372
4 12 1 3 3214
4 12 1 5 3082
4 12 1 7 214
4 6 2 0 3776
4 6 2 4 332
4 6 2 6 792
4 12 2 0 3686
4 12 2 4 3718
4 12 2 6 784
4 6 3 1 2646
4 6 3 5 3090
4 6 3 7 2930
4 12 3 1 118
4 12 3 5 314
4 12 3 7 1504
4 6 4 0 1258
4 6 4 2 1564
4 6 4 6 1074
4 12 4 0 2770
4 12 4 2 2880
4 12 4 6 2640
4 6 5 1 3486
4 6 5 3 1390
4 6 5 7 186
4 12 5 1 834
4 12 5 3 1618
4 12 5 7 996
4 6 6 0 2544
4 6 6 2 2064
4 6 6 4 464
4 12 6 0 1522
4 12 6 2 2546
4 12 6 4 268
4 6 7 1 1336
4 6 7 3 600
4 6 7 5 398
4 12 7 1 3830
4 12 7 3 610
4 12 7 5 1354
4 6 8 10 3450
4 6 8 12 350
4 6 8 14 5126
4 12 8 10 1228
4 12 8 12 324
4 12 8 14 3288
4 6 9 11 3504
4 6 9 13 2194
4 6 9 15 1180
4 12 9 11 2376
4 12 9 13 574
4 12 9 15 1772
4 6 10 8 234
4 6 10 12 1364
4 6 10 14 922
4 12 10 8 3976
4 12 10 12 1654
4 12 10 14 342
4 6 11 9 32
4 6 11 13 2738
4 6 11 15 844
4 12 11 9 2852
4 12 11 13 806
4 12 11 15 3136
4 6 12 8 1532
4 6 12 10 864
4 6 12 14 1506
4 12 12 8 704
4 12 12 10 3490
4 12 12 14 728
4 6 13 9 226
4 6 13 11 1344
4 6 13 15 370
4 12 13 9 178
4 12 13 11 1052
4 12 13 15 616
4 6 14 8 3980
4 6 14 10 116
4 6 14 12 3810
4 12 14 8 2688
4 12 14 10 2244
4 12 14 12 352
4 6 15 9 370
4 6 15 11 3380
4 6 15 13 526
4 12 15 9 3696
4 12 15 11 620
4 12 15 13 2954
5 7 0 2 36
5 7 0 4 1510
5 7 0 6 698
5 13 0 2 1502
5 13 0 4 2436
5 13 0 6 3976
5 7 1 3 1790
5 7 1 5 4728
5 7 1 7 490
5 13 1 3 1520
5 13 1 5 3452
5 13 1 7 2318
5 7 2 0 860
5 7 2 4 1266
5 7 2 6 1982
5 13 2 0 104
5 13 2 4 2534
5 13 2 6 34
5 7 3 1 738
5 7 3 5 200
5 7 3 7 1744
5 13 3 1 1810
5 13 3 5 3230
5 13 3 7 3012
5 7 4 0 1698
5 7 4 2 3126
5 7 4 6 1766
5 13 4 0 1088
5 13 4 2 1148
5 13 4 6 698
5 7 5 1 810
5 7 5 3 1122
5 7 5 7 792
5 13 5 1 4356
5 13 5 3 2584
5 13 5 7 2680
5 7 6 0 2468
5 7 6 2 132
5 7 6 4 3588
5 13 6 0 2978
5 13 6 2 2482
5 13 6 4 2026
5 7 7 1 2564
5 7 7 3 2632
5 7 7 5 1890
5 13 7 1 188
5 13 7 3 3760
5 13 7 5 1416
5 7 8 10 14
5 7 8 12 3832
5 7 8 14 1964
5 13 8 10 1016
5 13 8 12 1466
5 13 8 14 488
5 7 9 11 3864
5 7 9 13 2564
5 7 9 15 228
5 13 9 11 2390
5 13 9 13 60
5 13 9 15 1946
5 7 10 8 450
5 7 10 12 18
5 7 10 14 3072
5 13 10 8 410
5 13 10 12 76
5 13 10 14 1222
5 7 11 9 4914
5 7 11 13 550
5 7 11 15 1140
5 13 11 9 1228
5 13 11 13 1040
5 13 11 15 1556
5 7 12 8 3042
5 7 12 10 110
5 7 12 14 2990
5 13 12 8 136
5 13 12 10 1146
5 13 12 14 36
5 7 13 9 3390
5 7 13 11 374
5 7 13 15 604
5 13 13 9 142
5 13 13 11 2906
5 13 13 15 3136
5 7 14 8 1804
5 7 14 10 792
5 7 14 12 2842
5 13 14 8 444
5 13 14 10 2666
5 13 14 12 676
5 7 15 9 1080
5 7 15 11 592
5 7 15 13 1192
5 13 15 9 380
5 13 15 11 958
5 13 15 13 1964
6 14 0 2 934
6 14 0 4 4078
6 14 0 6 2232
6 14 1 3 5596
6 14 1 5 844
6 14 1 7 1928
6 14 2 0 20
6 14 2 4 1086
6 14 2 6 2964
6 14 3 1 3392
6 14 3 5 2406
6 14 3 7 3182
6 14 4 0 1344
6 14 4 2 2106
6 14 4 6 688
6 14 5 1 4198
6 14 5 3 2446
6 14 5 7 1168
6 14 6 0 1072
6 14 6 2 782
6 14 6 4 708
6 14 7 1 1642
6 14 7 3 1196
6 14 7 5 1470
6 14 8 10 1928
6 14 8 12 1372
6 14 8 14 1652
6 14 9 11 1360
6 14 9 13 866
6 14 9 15 2726
6 14 10 8 2158
6 14 10 12 956
6 14 10 14 1984
6 14 11 9 1234
6 14 11 13 2558
6 14 11 15 2374
6 14 12 8 4318
6 14 12 10 1092
6 14 12 14 2586
6 14 13 9 688
6 14 13 11 314
6 14 13 15 150
6 14 14 8 740
6 14 14 10 284
6 14 14 12 2298
6 14 15 9 1086
6 14 15 11 2588
6 14 15 13 1048
7 15 0 2 1080
7 15 0 4 1120
7 15 0 6 3394
7 15 1 3 2316
7 15 1 5 3310
7 15 1 7 632
7 15 2 0 1358
7 15 2 4 560
7 15 2 6 172
7 15 3 1 198
7 15 3 5 1242
7 15 3 7 1188
7 15 4 0 1878
7 15 4 2 1486
7 15 4 6 3116
7 15 5 1 792
7 15 5 3 894
7 15 5 7 4232
7 15 6 0 1400
7 15 6 2 2904
7 15 6 4 2028
7 15 7 1 2318
7 15 7 3 2360
7 15 7 5 2662
7 15 8 10 1266
7 15 8 12 2166
7 15 8 14 874
7 15 9 11 1638
7 15 9 13 2640
7 15 9 15 1498
7 15 10 8 8
7 15 10 12 2096
7 15 10 14 1020
7 15 11 9 1824
7 15 11 13 1608
7 15 11 15 1972
7 15 12 8 2296
7 15 12 10 132
7 15 12 14 938
7 15 13 9 286
7 15 13 11 1858
7 15 13 15 230
7 15 14 8 880
7 15 14 10 1330
7 15 14 12 770
7 15 15 9 118
7 15 15 11 4240
7 15 15 13 2346
8 10 0 2 610
8 10 0 4 2866
8 10 0 6 2620
8 12 0 2 2464
8 12 0 4 3064
8 12 0 6 1630
8 10 1 3 2938
8 10 1 5 1446
8 10 1 7 528
8 12 1 3 276
8 12 1 5 2928
8 12 1 7 1928
8 10 2 0 152
8 10 2 4 1680
8 10 2 6 4026
8 12 2 0 808
8 12 2 4 1736
8 12 2 6 1654
8 10 3 1 462
8 10 3 5 1662
8 10 3 7 422
8 12 3 1 650
8 12 3 5 1170
8 12 3 7 1974
8 10 4 0 3698
8 10 4 2 430
8 10 4 6 84
8 12 4 0 1972
8 12 4 2 704
8 12 4 6 1302
8 10 5 1 1374
8 10 5 3 524
8 10 5 7 3228
8 12 5 1 966
8 12 5 3 934
8 12 5 7 310
8 10 6 0 1584
8 10 6 2 1548
8 10 6 4 346
8 12 6 0 3402
8 12 6 2 20
8 12 6 4 2422
8 10 7 1 342
8 10 7 3 708
8 10 7 5 1118
8 12 7 1 824
8 12 7 3 342
8 12 7 5 210
8 10 8 10 1078
8 10 8 12 200
8 10 8 14 1984
8 12 8 10 1820
8 12 8 12 150
8 12 8 14 1776
8 10 9 11 1076
8 10 9 13 1188
8 10 9 15 1018
8 12 9 11 1052
8 12 9 13 1122
8 12 9 15 2400
8 10 10 8 2802
8 10 10 12 1346
8 10 10 14 2006
8 12 10 8 1960
8 12 10 12 2082
8 12 10 14 1698
8 10 11 9 724
8 10 11 13 1892
8 10 11 15 1828
8 12 11 9 1770
8 12 11 13 906
8 12 11 15 656
8 10 12 8 4392
8 10 12 10 2140
8 10 12 14 1584
8 12 12 8 434
8 12 12 10 784
8 12 12 14 2962
8 10 13 9 2566
8 10 13 11 516
8 10 13 15 1742
8 12 13 9 2844
8 12 13 11 1640
8 12 13 15 1276
8 10 14 8 1052
8 10 14 10 656
8 10 14 12 1386
8 12 14 8 2218
8 12 14 10 1798
8 12 14 12 4754
8 10 15 9 112
8 10 15 11 1810
8 10 15 13 196
8 12 15 9 712
8 12 15 11 2072
8 12 15 13 3392
9 11 0 2 2840
9 11 0 4 3154
9 11 0 6 1832
9 13 0 2 1652
9 13 0 4 2402
9 13 0 6 1148
9 11 1 3 2830
9 11 1 5 1396
9 11 1 7 1926
9 13 1 3 866
9 13 1 5 2708
9 13 1 7 1568
9 11 2 0 1384
9 11 2 4 516
9 11 2 6 784
9 13 2 0 576
9 13 2 4 60
9 13 2 6 1434
9 11 3 1 2258
9 11 3 5 494
9 11 3 7 1734
9 13 3 1 422
9 13 3 5 1784
9 13 3 7 2724
9 11 4 0 522
9 11 4 2 174
9 11 4 6 1112
9 13 4 0 564
9 13 4 2 1394
9 13 4 6 312
9 11 5 1 322
9 11 5 3 4742
9 11 5 7 416
9 13 5 1 5832
9 13 5 3 340
9 13 5 7 988
9 11 6 0 940
9 11 6 2 638
9 11 6 4 214
9 13 6 0 166
9 13 6 2 2150
9 13 6 4 1152
9 11 7 1 2110
9 11 7 3 840
9 11 7 5 194
9 13 7 1 402
9 13 7 3 2214
9 13 7 5 3406
9 11 8 10 168
9 11 8 12 1330
9 11 8 14 1040
9 13 8 10 224
9 13 8 12 1010
9 13 8 14 2268
9 11 9 11 888
9 11 9 13 890
9 11 9 15 814
9 13 9 11 1384
9 13 9 13 2142
9 13 9 15 2004
9 11 10 8 488
9 11 10 12 2556
9 11 10 14 2718
9 13 10 8 1550
9 13 10 12 3950
9 13 10 14 264
9 11 11 9 856
9 11 11 13 702
9 11 11 15 880
9 13 11 9 3450
9 13 11 13 1300
9 13 11 15 5792
9 11 12 8 2414
9 11 12 10 700
9 11 12 14 3986
9 13 12 8 2080
9 13 12 10 3862
9 13 12 14 3082
9 11 13 9 670
9 11 13 11 2454
9 11 13 15 1148
9 13 13 9 4298
9 13 13 11 4810
9 13 13 15 372
9 11 14 8 1234
9 11 14 10 3844
9 11 14 12 2062
9 13 14 8 2142
9 13 14 10 134
9 13 14 12 1010
9 11 15 9 554
9 11 15 11 1566
9 11 15 13 2084
9 13 15 9 1958
9 13 15 11 518
9 13 15 13 650
10 14 0 2 790
10 14 0 4 728
10 14 0 6 138
10 14 1 3 1210
10 14 1 5 324
10 14 1 7 2242
10 14 2 0 1058
10 14 2 4 2324
10 14 2 6 2206
10 14 3 1 352
10 14 3 5 1206
10 14 3 7 1272
10 14 4 0 1014
10 14 4 2 1958
10 14 4 6 1420
10 14 5 1 3088
10 14 5 3 1890
10 14 5 7 462
10 14 6 0 334
10 14 6 2 2616
10 14 6 4 334
10 14 7 1 4876
10 14 7 3 446
10 14 7 5 1962
10 14 8 10 1276
10 14 8 12 2402
10 14 8 14 800
10 14 9 11 3790
10 14 9 13 842
10 14 9 15 16
10 14 10 8 1468
10 14 10 12 106
10 14 10 14 1096
10 14 11 9 6
10 14 11 13 1006
10 14 11 15 804
10 14 12 8 2088
10 14 12 10 1592
10 14 12 14 500
10 14 13 9 764
10 14 13 11 694
10 14 13 15 2746
10 14 14 8 696
10 14 14 10 886
10 14 14 12 2278
10 14 15 9 992
10 14 15 11 1780
10 14 15 13 1590
11 15 0 2 2930
11 15 0 4 2184
11 15 0 6 3356
11 15 1 3 652
11 15 1 5 1812
11 15 1 7 480
11 15 2 0 4
11 15 2 4 2584
11 15 2 6 4432
11 15 3 1 4226
11 15 3 5 2440
11 15 3 7 2368
11 15 4 0 318
11 15 4 2 2796
11 15 4 6 2232
11 15 5 1 2380
11 15 5 3 462
11 15 5 7 904
11 15 6 0 722
11 15 6 2 596
11 15 6 4 428
11 15 7 1 300
11 15 7 3 650
11 15 7 5 1240
11 15 8 10 2634
11 15 8 12 5128
11 15 8 14 734
11 15 9 11 2112
11 15 9 13 3410
11 15 9 15 1308
11 15 10 8 2292
11 15 10 12 596
11 15 10 14 3638
11 15 11 9 272
11 15 11 13 1380
11 15 11 15 148
11 15 12 8 678
11 15 12 10 480
11 15 12 14 238
11 15 13 9 444
11 15 13 11 642
11 15 13 15 722
11 15 14 8 2510
11 15 14 10 452
11 15 14 12 1884
11 15 15 9 1142
11 15 15 11 2726
11 15 15 13 1684
12 14 0 2 578
12 14 0 4 744
12 14 0 6 648
12 14 1 3 142
12 14 1 5 1456
12 14 1 7 3688
12 14 2 0 322
12 14 2 4 2520
12 14 2 6 1622
12 14 3 1 994
12 14 3 5 1782
12 14 3 7 654
12 14 4 0 2378
12 14 4 2 2756
12 14 4 6 1600
12 14 5 1 252
12 14 5 3 2892
12 14 5 7 7410
12 14 6 0 3586
12 14 6 2 1532
12 14 6 4 486
12 14 7 1 1432
12 14 7 3 316
12 14 7 5 4098
12 14 8 10 1610
12 14 8 12 630
12 14 8 14 178
12 14 9 11 590
12 14 9 13 270
12 14 9 15 1172
12 14 10 8 770
12 14 10 12 350
12 14 10 14 3812
12 14 11 9 674
12 14 11 13 3470
12 14 11 15 1274
12 14 12 8 138
12 14 12 10 1924
12 14 12 14 2238
12 14 13 9 1960
12 14 13 11 228
12 14 13 15 808
12 14 14 8 2152
12 14 14 10 1246
12 14 14 12 2210
12 14 15 9 1424
12 14 15 11 2420
12 14 15 13 2492
13 15 0 2 1764
13 15 0 4 852
13 15 0 6 28
13 15 1 3 2352
13 15 1 5 1152
13 15 1 7 448
13 15 2 0 1160
13 15 2 4 364
13 15 2 6 130
13 15 3 1 234
13 15 3 5 938
13 15 3 7 3862
13 15 4 0 3700
13 15 4 2 708
13 15 4 6 80
13 15 5 1 2542
13 15 5 3 2246
13 15 5 7 392
13 15 6 0 1988
13 15 6 2 1966
13 15 6 4 1184
13 15 7 1 676
13 15 7 3 1084
13 15 7 5 294
13 15 8 10 1554
13 15 8 12 1374
13 15 8 14 1582
13 15 9 11 1690
13 15 9 13 1110
13 15 9 15 484
13 15 10 8 3868
13 15 10 12 826
13 15 10 14 1114
13 15 11 9 174
13 15 11 13 2840
13 15 11 15 242
13 15 12 8 714
13 15 12 10 640
13 15 12 14 1462
13 15 13 9 2792
13 15 13 11 2502
13 15 13 15 710
13 15 14 8 1650
13 15 14 10 2666
13 15 14 12 1814
13 15 15 9 1556
13 15 15 11 3328
13 15 15 13 1086
