# KEY left=0x99 right=0x4e
# GOOD_PAIRS_BEGIN count=4
# GOOD_PAIR 0x52 0x74
# GOOD_PAIR 0x54 0x72
# GOOD_PAIR 0x12 0x94
# GOOD_PAIR 0x14 0x92
# GOOD_PAIRS_END
0 2 0 2 3688
0 2 0 4 1568
0 2 0 6 3716
0 4 0 2 1302
0 4 0 4 1458
0 4 0 6 1300
0 8 0 2 774
0 8 0 4 1022
0 8 0 6 2684
0 2 1 3 2270
0 2 1 5 1324
0 2 1 7 710
0 4 1 3 1010
0 4 1 5 446
0 4 1 7 5386
0 8 1 3 1376
0 8 1 5 1332
0 8 1 7 728
0 2 2 0 2604
0 2 2 4 186
0 2 2 6 2434
0 4 2 0 1762
0 4 2 4 664
0 4 2 6 2498
0 8 2 0 336
0 8 2 4 3426
0 8 2 6 494
0 2 3 1 1924
0 2 3 5 3184
0 2 3 7 4184
0 4 3 1 2944
0 4 3 5 3744
0 4 3 7 3400
0 8 3 1 918
0 8 3 5 470
0 8 3 7 824
0 2 4 0 4134
0 2 4 2 1858
0 2 4 6 1158
0 4 4 0 1522
0 4 4 2 3118
0 4 4 6 658
0 8 4 0 1692
0 8 4 2 766
0 8 4 6 4664
0 2 5 1 1256
0 2 5 3 476
0 2 5 7 472
0 4 5 1 3414
0 4 5 3 136
0 4 5 7 754
0 8 5 1 1186
0 8 5 3 108
0 8 5 7 848
0 2 6 0 1474
0 2 6 2 304
0 2 6 4 1176
0 4 6 0 1580
0 4 6 2 3678
0 4 6 4 1944
0 8 6 0 1208
0 8 6 2 276
0 8 6 4 1322
0 2 7 1 2002
0 2 7 3 1472
0 2 7 5 122
0 4 7 1 2832
0 4 7 3 1446
0 4 7 5 1974
0 8 7 1 1356
0 8 7 3 1856
0 8 7 5 2370
0 2 8 10 1048
0 2 8 12 1018
0 2 8 14 1970
0 4 8 10 2512
0 4 8 12 1770
0 4 8 14 2342
0 8 8 10 1152
0 8 8 12 1116
0 8 8 14 1640
0 2 9 11 1046
0 2 9 13 2920
0 2 9 15 634
0 4 9 11 2042
0 4 9 13 1342
0 4 9 15 1156
0 8 9 11 648
0 8 9 13 1334
0 8 9 15 1502
0 2 10 8 3242
0 2 10 12 1288
0 2 10 14 24
0 4 10 8 470
0 4 10 12 2448
0 4 10 14 1180
0 8 10 8 1492
0 8 10 12 1560
0 8 10 14 2882
0 2 11 9 3844
0 2 11 13 1212
0 2 11 15 694
0 4 11 9 1152
0 4 11 13 2114
0 4 11 15 3036
0 8 11 9 134
0 8 11 13 1638
0 8 11 15 1208
0 2 12 8 1724
0 2 12 10 1026
0 2 12 14 1894
0 4 12 8 1480
0 4 12 10 3372
0 4 12 14 154
0 8 12 8 2536
0 8 12 10 3518
0 8 12 14 204
0 2 13 9 2854
0 2 13 11 2498
0 2 13 15 2146
0 4 13 9 1462
0 4 13 11 2596
0 4 13 15 1258
0 8 13 9 2448
0 8 13 11 3032
0 8 13 15 634
0 2 14 8 1660
0 2 14 10 484
0 2 14 12 1656
0 4 14 8 104
0 4 14 10 896
0 4 14 12 184
0 8 14 8 506
0 8 14 10 212
0 8 14 12 724
0 2 15 9 862
0 2 15 11 1570
0 2 15 13 626
0 4 15 9 910
0 4 15 11 2580
0 4 15 13 72
0 8 15 9 1096
0 8 15 11 1222
0 8 15 13 38
1 3 0 2 566
1 3 0 4 1558
1 3 0 6 5884
1 5 0 2 1158
1 5 0 4 1040
1 5 0 6 648
1 9 0 2 3302
1 9 0 4 1512
1 9 0 6 1478
1 3 1 3 206
1 3 1 5 1886
1 3 1 7 8
1 5 1 3 4302
1 5 1 5 2452
1 5 1 7 390
1 9 1 3 2606
1 9 1 5 2260
1 9 1 7 1674
1 3 2 0 2230
1 3 2 4 3386
1 3 2 6 4228
1 5 2 0 488
1 5 2 4 928
1 5 2 6 140
1 9 2 0 4164
1 9 2 4 382
1 9 2 6 1836
1 3 3 1 4392
1 3 3 5 1266
1 3 3 7 3182
1 5 3 1 1360
1 5 3 5 2062
1 5 3 7 386
1 9 3 1 2226
1 9 3 5 2040
1 9 3 7 2006
1 3 4 0 3584
1 3 4 2 1434
1 3 4 6 2378
1 5 4 0 1022
1 5 4 2 1536
1 5 4 6 122
1 9 4 0 790
1 9 4 2 1730
1 9 4 6 1106
1 3 5 1 398
1 3 5 3 3658
1 3 5 7 1974
1 5 5 1 110
1 5 5 3 4916
1 5 5 7 1264
1 9 5 1 2428
1 9 5 3 858
1 9 5 7 3024
1 3 6 0 2018
1 3 6 2 942
1 3 6 4 1234
1 5 6 0 2
1 5 6 2 1988
1 5 6 4 542
1 9 6 0 3300
1 9 6 2 836
1 9 6 4 1152
1 3 7 1 702
1 3 7 3 2532
1 3 7 5 1438
1 5 7 1 754
1 5 7 3 2316
1 5 7 5 1968
1 9 7 1 2764
1 9 7 3 1472
1 9 7 5 1070
1 3 8 10 418
1 3 8 12 1854
1 3 8 14 1448
1 5 8 10 2238
1 5 8 12 310
1 5 8 14 756
1 9 8 10 1886
1 9 8 12 736
1 9 8 14 1494
1 3 9 11 506
1 3 9 13 254
1 3 9 15 3118
1 5 9 11 482
1 5 9 13 2292
1 5 9 15 3554
1 9 9 11 1982
1 9 9 13 692
1 9 9 15 2868
1 3 10 8 792
1 3 10 12 1200
1 3 10 14 328
1 5 10 8 1356
1 5 10 12 1876
1 5 10 14 1768
1 9 10 8 2258
1 9 10 12 1638
1 9 10 14 1402
1 3 11 9 2698
1 3 11 13 446
1 3 11 15 2470
1 5 11 9 4928
1 5 11 13 250
1 5 11 15 1864
1 9 11 9 178
1 9 11 13 1296
1 9 11 15 1424
1 3 12 8 3404
1 3 12 10 2164
1 3 12 14 2754
1 5 12 8 1480
1 5 12 10 704
1 5 12 14 836
1 9 12 8 1752
1 9 12 10 2060
1 9 12 14 4892
1 3 13 9 1742
1 3 13 11 346
1 3 13 15 4548
1 5 13 9 1406
1 5 13 11 2506
1 5 13 15 1922
1 9 13 9 4120
1 9 13 11 1804
1 9 13 15 90
1 3 14 8 688
1 3 14 10 828
1 3 14 12 1392
1 5 14 8 1890
1 5 14 10 2198
1 5 14 12 958
1 9 14 8 4014
1 9 14 10 2832
1 9 14 12 206
1 3 15 9 1064
1 3 15 11 26
1 3 15 13 110
1 5 15 9 444
1 5 15 11 2010
1 5 15 13 2266
1 9 15 9 876
1 9 15 11 946
1 9 15 13 3376
2 6 0 2 712
2 6 0 4 1956
2 6 0 6 300
2 10 0 2 1522
2 10 0 4 1300
2 10 0 6 744
2 6 1 3 2058
2 6 1 5 1290
2 6 1 7 1708
2 10 1 3 1456
2 10 1 5 78
2 10 1 7 288
2 6 2 0 986
2 6 2 4 722
2 6 2 6 1504
2 10 2 0 1286
2 10 2 4 2332
2 10 2 6 1742
2 6 3 1 1080
2 6 3 5 2178
2 6 3 7 1368
2 10 3 1 3798
2 10 3 5 496
2 10 3 7 2154
2 6 4 0 1606
2 6 4 2 3190
2 6 4 6 786
2 10 4 0 358
2 10 4 2 612
2 10 4 6 280
2 6 5 1 1264
2 6 5 3 1146
2 6 5 7 3890
2 10 5 1 1380
2 10 5 3 240
2 10 5 7 1746
2 6 6 0 1794
2 6 6 2 2344
2 6 6 4 5188
2 10 6 0 2302
2 10 6 2 2138
2 10 6 4 936
2 6 7 1 1364
2 6 7 3 1224
2 6 7 5 4076
2 10 7 1 378
2 10 7 3 1066
2 10 7 5 1002
2 6 8 10 2160
2 6 8 12 5224
2 6 8 14 2416
2 10 8 10 140
2 10 8 12 156
2 10 8 14 742
2 6 9 11 900
2 6 9 13 194
2 6 9 15 2008
2 10 9 11 2084
2 10 9 13 100
2 10 9 15 900
2 6 10 8 1896
2 6 10 12 638
2 6 10 14 3484
2 10 10 8 632
2 10 10 12 2152
2 10 10 14 1236
2 6 11 9 1682
2 6 11 13 446
2 6 11 15 1484
2 10 11 9 2794
2 10 11 13 2416
2 10 11 15 1464
2 6 12 8 216
2 6 12 10 350
2 6 12 14 1202
2 10 12 8 1130
2 10 12 10 318
2 10 12 14 266
2 6 13 9 490
2 6 13 11 2876
2 6 13 15 336
2 10 13 9 2212
2 10 13 11 78
2 10 13 15 314
2 6 14 8 1448
2 6 14 10 2468
2 6 14 12 166
2 10 14 8 1566
2 10 14 10 294
2 10 14 12 1908
2 6 15 9 2290
2 6 15 11 802
2 6 15 13 894
2 10 15 9 90
2 10 15 11 42
2 10 15 13 2342
3 7 0 2 2468
3 7 0 4 2684
3 7 0 6 208
3 11 0 2 2242
3 11 0 4 1824
3 11 0 6 254
3 7 1 3 1172
3 7 1 5 2484
3 7 1 7 4550
3 11 1 3 1590
3 11 1 5 2950
3 11 1 7 1940
3 7 2 0 706
3 7 2 4 2294
3 7 2 6 2532
3 11 2 0 2144
3 11 2 4 2034
3 11 2 6 172
3 7 3 1 2212
3 7 3 5 88
3 7 3 7 80
3 11 3 1 1010
3 11 3 5 76
3 11 3 7 718
3 7 4 0 2110
3 7 4 2 3428
3 7 4 6 1650
3 11 4 0 1136
3 11 4 2 588
3 11 4 6 2070
3 7 5 1 622
3 7 5 3 848
3 7 5 7 3250
3 11 5 1 3536
3 11 5 3 364
3 11 5 7 2210
3 7 6 0 600
3 7 6 2 240
3 7 6 4 578
3 11 6 0 1630
3 11 6 2 1696
3 11 6 4 426
3 7 7 1 1430
3 7 7 3 4966
3 7 7 5 1862
3 11 7 1 94
3 11 7 3 224
3 11 7 5 3358
3 7 8 10 440
3 7 8 12 886
3 7 8 14 1280
3 11 8 10 82
3 11 8 12 1580
3 11 8 14 1266
3 7 9 11 3616
3 7 9 13 1602
3 7 9 15 722
3 11 9 11 94
3 11 9 13 2006
3 11 9 15 308
3 7 10 8 740
3 7 10 12 1420
3 7 10 14 280
3 11 10 8 438
3 11 10 12 138
3 11 10 14 4452
3 7 11 9 118
3 7 11 13 900
3 7 11 15 1716
3 11 11 9 598
3 11 11 13 1514
3 11 11 15 2670
3 7 12 8 540
3 7 12 10 1684
3 7 12 14 1000
3 11 12 8 1456
3 11 12 10 3546
3 11 12 14 1462
3 7 13 9 3288
3 7 13 11 606
3 7 13 15 230
3 11 13 9 2818
3 11 13 11 1956
3 11 13 15 1958
3 7 14 8 3096
3 7 14 10 1242
3 7 14 12 368
3 11 14 8 4434
3 11 14 10 998
3 11 14 12 912
3 7 15 9 386
3 7 15 11 174
3 7 15 13 364
3 11 15 9 986
3 11 15 11 2952
3 11 15 13 2480
4 6 0 2 684
4 6 0 4 3372
4 6 0 6 3612
4 12 0 2 230
4 12 0 4 6582
4 12 0 6 5396
4 6 1 3 836
4 6 1 5 3408
4 6 1 7 2758
4 12 1 3 2228
4 12 1 5 5834
4 12 1 7 22
4 6 2 0 688
4 6 2 4 704
4 6 2 6 482
4 12 2 0 1810
4 12 2 4 1944
4 12 2 6 1916
4 6 3 1 358
4 6 3 5 3640
4 6 3 7 248
4 12 3 1 288
4 12 3 5 110
4 12 3 7 1102
4 6 4 0 200
4 6 4 2 1490
4 6 4 6 1630
4 12 4 0 3892
4 12 4 2 1964
4 12 4 6 3692
4 6 5 1 420
4 6 5 3 208
4 6 5 7 2464
4 12 5 1 548
4 12 5 3 1608
4 12 5 7 1572
4 6 6 0 1900
4 6 6 2 716
4 6 6 4 3706
4 12 6 0 2062
4 12 6 2 1142
4 12 6 4 1032
4 6 7 1 50
4 6 7 3 1610
4 6 7 5 2156
4 12 7 1 2510
4 12 7 3 662
4 12 7 5 2966
4 6 8 10 348
4 6 8 12 2614
4 6 8 14 864
4 12 8 10 1074
4 12 8 12 782
4 12 8 14 444
4 6 9 11 2042
4 6 9 13 3094
4 6 9 15 840
4 12 9 11 1794
4 12 9 13 4436
4 12 9 15 1732
4 6 10 8 854
4 6 10 12 1150
4 6 10 14 90
4 12 10 8 2164
4 12 10 12 2964
4 12 10 14 378
4 6 11 9 2950
4 6 11 13 3182
4 6 11 15 3172
4 12 11 9 2060
4 12 11 13 1974
4 12 11 15 2372
4 6 12 8 226
4 6 12 10 1060
4 6 12 14 512
4 12 12 8 5576
4 12 12 10 90
4 12 12 14 2534
4 6 13 9 1738
4 6 13 11 1722
4 6 13 15 2264
4 12 13 9 3158
4 12 13 11 3466
4 12 13 15 1654
4 6 14 8 172
4 6 14 10 4772
4 6 14 12 1152
4 12 14 8 1530
4 12 14 10 3990
4 12 14 12 236
4 6 15 9 2446
4 6 15 11 2432
4 6 15 13 2686
4 12 15 9 3716
4 12 15 11 1250
4 12 15 13 2756
5 7 0 2 806
5 7 0 4 1772
5 7 0 6 1172
5 13 0 2 2160
5 13 0 4 3260
5 13 0 6 134
5 7 1 3 1598
5 7 1 5 2716
5 7 1 7 758
5 13 1 3 2248
5 13 1 5 1622
5 13 1 7 848
5 7 2 0 1554
5 7 2 4 3396
5 7 2 6 156
5 13 2 0 1328
5 13 2 4 22
5 13 2 6 2178
5 7 3 1 3714
5 7 3 5 1472
5 7 3 7 1600
5 13 3 1 2154
5 13 3 5 1810
5 13 3 7 2194
5 7 4 0 5864
5 7 4 2 642
5 7 4 6 1010
5 13 4 0 898
5 13 4 2 2494
5 13 4 6 3760
5 7 5 1 2012
5 7 5 3 1018
5 7 5 7 670
5 13 5 1 418
5 13 5 3 1322
5 13 5 7 2446
5 7 6 0 330
5 7 6 2 3184
5 7 6 4 2028
5 13 6 0 1174
5 13 6 2 5210
5 13 6 4 2318
5 7 7 1 1398
5 7 7 3 580
5 7 7 5 1334
5 13 7 1 606
5 13 7 3 1694
5 13 7 5 1072
5 7 8 10 2854
5 7 8 12 2092
5 7 8 14 776
5 13 8 10 870
5 13 8 12 1940
5 13 8 14 110
5 7 9 11 2242
5 7 9 13 124
5 7 9 15 1452
5 13 9 11 4334
5 13 9 13 366
5 13 9 15 80
5 7 10 8 1372
5 7 10 12 494
5 7 10 14 1314
5 13 10 8 92
5 13 10 12 856
5 13 10 14 442
5 7 11 9 1464
5 7 11 13 1694
5 7 11 15 1068
5 13 11 9 86
5 13 11 13 1554
5 13 11 15 1454
5 7 12 8 1818
5 7 12 10 4316
5 7 12 14 2004
5 13 12 8 2556
5 13 12 10 422
5 13 12 14 782
5 7 13 9 996
5 7 13 11 4302
5 7 13 15 1530
5 13 13 9 1530
5 13 13 11 2888
5 13 13 15 1260
5 7 14 8 2922
5 7 14 10 3694
5 7 14 12 1582
5 13 14 8 2572
5 13 14 10 812
5 13 14 12 2202
5 7 15 9 546
5 7 15 11 284
5 7 15 13 2300
5 13 15 9 4066
5 13 15 11 782
5 13 15 13 1108
6 14 0 2 1028
6 14 0 4 698
6 14 0 6 2044
6 14 1 3 3234
6 14 1 5 1288
6 14 1 7 1140
6 14 2 0 744
6 14 2 4 1310
6 14 2 6 472
6 14 3 1 1132
6 14 3 5 4262
6 14 3 7 2046
6 14 4 0 3414
6 14 4 2 2388
6 14 4 6 2104
6 14 5 1 266
6 14 5 3 1936
6 14 5 7 2048
6 14 6 0 1786
6 14 6 2 2158
6 14 6 4 1084
6 14 7 1 2544
6 14 7 3 204
6 14 7 5 2200
6 14 8 10 1172
6 14 8 12 1512
6 14 8 14 1990
6 14 9 11 868
6 14 9 13 2098
6 14 9 15 3392
6 14 10 8 1536
6 14 10 12 4404
6 14 10 14 2106
6 14 11 9 278
6 14 11 13 4424
6 14 11 15 2716
6 14 12 8 68
6 14 12 10 1720
6 14 12 14 582
6 14 13 9 1016
6 14 13 11 1322
6 14 13 15 1052
6 14 14 8 392
6 14 14 10 2406
6 14 14 12 146
6 14 15 9 222
6 14 15 11 1632
6 14 15 13 1030
7 15 0 2 362
7 15 0 4 1236
7 15 0 6 68
7 15 1 3 2362
7 15 1 5 266
7 15 1 7 4266
7 15 2 0 1008
7 15 2 4 308
7 15 2 6 722
7 15 3 1 1138
7 15 3 5 774
7 15 3 7 2368
7 15 4 0 932
7 15 4 2 4730
7 15 4 6 1974
7 15 5 1 3868
7 15 5 3 916
7 15 5 7 1024
7 15 6 0 418
7 15 6 2 1214
7 15 6 4 4072
7 15 7 1 4084
7 15 7 3 512
7 15 7 5 1478
7 15 8 10 1208
7 15 8 12 2576
7 15 8 14 1030
7 15 9 11 2898
7 15 9 13 876
7 15 9 15 1268
7 15 10 8 880
7 15 10 12 1496
7 15 10 14 1454
7 15 11 9 2402
7 15 11 13 3730
7 15 11 15 1096
7 15 12 8 686
7 15 12 10 2086
7 15 12 14 3780
7 15 13 9 110
7 15 13 11 870
7 15 13 15 158
7 15 14 8 256
7 15 14 10 446
7 15 14 12 2494
7 15 15 9 260
7 15 15 11 2918
7 15 15 13 506
8 10 0 2 914
8 10 0 4 236
8 10 0 6 1886
8 12 0 2 1356
8 12 0 4 4506
8 12 0 6 870
8 10 1 3 1974
8 10 1 5 360
8 10 1 7 868
8 12 1 3 120
8 12 1 5 2480
8 12 1 7 1466
8 10 2 0 2130
8 10 2 4 984
8 10 2 6 1158
8 12 2 0 2624
8 12 2 4 2118
8 12 2 6 1126
8 10 3 1 2188
8 10 3 5 228
8 10 3 7 1048
8 12 3 1 2420
8 12 3 5 3894
8 12 3 7 1566
8 10 4 0 1772
8 10 4 2 2270
8 10 4 6 630
8 12 4 0 2258
8 12 4 2 2972
8 12 4 6 1364
8 10 5 1 2796
8 10 5 3 2604
8 10 5 7 1936
8 12 5 1 1954
8 12 5 3 818
8 12 5 7 3008
8 10 6 0 468
8 10 6 2 3250
8 10 6 4 1968
8 12 6 0 2392
8 12 6 2 2370
8 12 6 4 1912
8 10 7 1 2018
8 10 7 3 2494
8 10 7 5 290
8 12 7 1 904
8 12 7 3 1720
8 12 7 5 774
8 10 8 10 5280
8 10 8 12 66
8 10 8 14 1512
8 12 8 10 2346
8 12 8 12 706
8 12 8 14 1186
8 10 9 11 2740
8 10 9 13 2632
8 10 9 15 1190
8 12 9 11 1184
8 12 9 13 1866
8 12 9 15 2502
8 10 10 8 3864
8 10 10 12 136
8 10 10 14 740
8 12 10 8 1044
8 12 10 12 182
8 12 10 14 1610
8 10 11 9 176
8 10 11 13 3224
8 10 11 15 898
8 12 11 9 1288
8 12 11 13 658
8 12 11 15 1230
8 10 12 8 2040
8 10 12 10 2486
8 10 12 14 4642
8 12 12 8 448
8 12 12 10 4096
8 12 12 14 168
8 10 13 9 1626
8 10 13 11 2674
8 10 13 15 3974
8 12 13 9 3616
8 12 13 11 1672
8 12 13 15 1208
8 10 14 8 506
8 10 14 10 1036
8 10 14 12 920
8 12 14 8 474
8 12 14 10 752
8 12 14 12 350
8 10 15 9 124
8 10 15 11 2386
8 10 15 13 2116
8 12 15 9 426
8 12 15 11 342
8 12 15 13 2054
9 11 0 2 850
9 11 0 4 756
9 11 0 6 480
9 13 0 2 1730
9 13 0 4 4084
9 13 0 6 1968
9 11 1 3 3840
9 11 1 5 3302
9 11 1 7 2534
9 13 1 3 938
9 13 1 5 722
9 13 1 7 448
9 11 2 0 896
9 11 2 4 1652
9 11 2 6 2312
9 13 2 0 2144
9 13 2 4 360
9 13 2 6 2638
9 11 3 1 3298
9 11 3 5 1406
9 11 3 7 1096
9 13 3 1 1420
9 13 3 5 2240
9 13 3 7 3548
9 11 4 0 1946
9 11 4 2 1678
9 11 4 6 868
9 13 4 0 1606
9 13 4 2 3024
9 13 4 6 370
9 11 5 1 1548
9 11 5 3 356
9 11 5 7 2326
9 13 5 1 910
9 13 5 3 2948
9 13 5 7 2108
9 11 6 0 568
9 11 6 2 838
9 11 6 4 1146
9 13 6 0 180
9 13 6 2 328
9 13 6 4 3870
9 11 7 1 2476
9 11 7 3 816
9 11 7 5 3232
9 13 7 1 1508
9 13 7 3 256
9 13 7 5 2644
9 11 8 10 546
9 11 8 12 414
9 11 8 14 1030
9 13 8 10 918
9 13 8 12 186
9 13 8 14 1692
9 11 9 11 2440
9 11 9 13 3660
9 11 9 15 1590
9 13 9 11 380
9 13 9 13 1180
9 13 9 15 1184
9 11 10 8 1390
9 11 10 12 2740
9 11 10 14 574
9 13 10 8 4418
9 13 10 12 562
9 13 10 14 600
9 11 11 9 2236
9 11 11 13 780
9 11 11 15 226
9 13 11 9 2400
9 13 11 13 2276
9 13 11 15 516
9 11 12 8 2320
9 11 12 10 1388
9 11 12 14 1738
9 13 12 8 1692
9 13 12 10 316
9 13 12 14 1970
9 11 13 9 1748
9 11 13 11 2794
9 11 13 15 1804
9 13 13 9 894
9 13 13 11 16
9 13 13 15 642
9 11 14 8 3590
9 11 14 10 3224
9 11 14 12 1430
9 13 14 8 2630
9 13 14 10 560
9 13 14 12 1686
9 11 15 9 1046
9 11 15 11 50
9 11 15 13 2
9 13 15 9 1772
9 13 15 11 1020
9 13 15 13 344
10 14 0 2 2708
10 14 0 4 750
10 14 0 6 900
10 14 1 3 112
10 14 1 5 1606
10 14 1 7 3086
10 14 2 0 924
10 14 2 4 2074
10 14 2 6 2690
10 14 3 1 1886
10 14 3 5 2126
10 14 3 7 2262
10 14 4 0 1540
10 14 4 2 2774
10 14 4 6 426
10 14 5 1 1598
10 14 5 3 384
10 14 5 7 802
10 14 6 0 718
10 14 6 2 3014
10 14 6 4 458
10 14 7 1 1586
10 14 7 3 2386
10 14 7 5 688
10 14 8 10 466
10 14 8 12 844
10 14 8 14 1388
10 14 9 11 1488
10 14 9 13 1756
10 14 9 15 4248
10 14 10 8 1840
10 14 10 12 1480
10 14 10 14 1566
10 14 11 9 2178
10 14 11 13 4736
10 14 11 15 2954
10 14 12 8 1942
10 14 12 10 3360
10 14 12 14 256
10 14 13 9 1046
10 14 13 11 990
10 14 13 15 2532
10 14 14 8 602
10 14 14 10 2460
10 14 14 12 2246
10 14 15 9 2708
10 14 15 11 2156
10 14 15 13 500
11 15 0 2 2762
11 15 0 4 1218
11 15 0 6 298
11 15 1 3 312
11 15 1 5 362
11 15 1 7 1990
11 15 2 0 1876
11 15 2 4 30
11 15 2 6 3994
11 15 3 1 1478
11 15 3 5 2728
11 15 3 7 2286
11 15 4 0 732
11 15 4 2 5062
11 15 4 6 526
11 15 5 1 492
11 15 5 3 886
11 15 5 7 1800
11 15 6 0 3292
11 15 6 2 2054
11 15 6 4 1692
11 15 7 1 612
11 15 7 3 1230
11 15 7 5 62
11 15 8 10 3096
11 15 8 12 234
11 15 8 14 304
11 15 9 11 42
11 15 9 13 132
11 15 9 15 4092
11 15 10 8 3512
11 15 10 12 482
11 15 10 14 2586
11 15 11 9 3260
11 15 11 13 1586
11 15 11 15 1550
11 15 12 8 1978
11 15 12 10 256
11 15 12 14 4540
11 15 13 9 1696
11 15 13 11 1936
11 15 13 15 1940
11 15 14 8 2238
11 15 14 10 1790
11 15 14 12 156
11 15 15 9 546
11 15 15 11 1990
11 15 15 13 988
12 14 0 2 1646
12 14 0 4 3636
12 14 0 6 1776
12 14 1 3 1756
12 14 1 5 18
12 14 1 7 3754
12 14 2 0 458
12 14 2 4 674
12 14 2 6 1180
12 14 3 1 2016
12 14 3 5 5204
12 14 3 7 1394
12 14 4 0 36
12 14 4 2 76
12 14 4 6 1882
12 14 5 1 2294
12 14 5 3 2494
12 14 5 7 344
12 14 6 0 854
12 14 6 2 1320
12 14 6 4 2546
12 14 7 1 2746
12 14 7 3 1590
12 14 7 5 300
12 14 8 10 570
12 14 8 12 126
12 14 8 14 302
12 14 9 11 2336
12 14 9 13 108
12 14 9 15 1076
12 14 10 8 628
12 14 10 12 3170
12 14 10 14 10
12 14 11 9 120
12 14 11 13 1930
12 14 11 15 2024
12 14 12 8 2604
12 14 12 10 2870
12 14 12 14 2260
12 14 13 9 674
12 14 13 11 2878
12 14 13 15 2540
12 14 14 8 206
12 14 14 10 1524
12 14 14 12 2678
12 14 15 9 606
12 14 15 11 1560
12 14 15 13 2028
13 15 0 2 866
13 15 0 4 2782
13 15 0 6 2992
13 15 1 3 3524
13 15 1 5 490
13 15 1 7 2528
13 15 2 0 424
13 15 2 4 1144
13 15 2 6 1008
13 15 3 1 452
13 15 3 5 3544
13 15 3 7 724
13 15 4 0 3700
13 15 4 2 908
13 15 4 6 2424
13 15 5 1 1474
13 15 5 3 1076
13 15 5 7 4104
13 15 6 0 966
13 15 6 2 934
13 15 6 4 4544
13 15 7 1 156
13 15 7 3 2990
13 15 7 5 1150
13 15 8 10 1796
13 15 8 12 3398
13 15 8 14 910
13 15 9 11 834
13 15 9 13 286
13 15 9 15 50
13 15 10 8 14
13 15 10 12 556
13 15 10 14 4574
13 15 11 9 694
13 15 11 13 524
13 15 11 15 806
13 15 12 8 3322
13 15 12 10 674
13 15 12 14 3052
13 15 13 9 2610
13 15 13 11 648
13 15 13 15 908
13 15 14 8 298
13 15 14 10 1166
13 15 14 12 3094
13 15 15 9 1652
13 15 15 11 1804
13 15 15 13 328
