# KEY left=0x0f right=0xa9
# GOOD_PAIRS_BEGIN count=2
# GOOD_PAIR 0x7b 0xff
# GOOD_PAIR 0x7f 0xfb
# GOOD_PAIRS_END
0 2 0 2 2564
0 2 0 4 4008
0 2 0 6 1028
0 4 0 2 1964
0 4 0 4 340
0 4 0 6 1918
0 8 0 2 632
0 8 0 4 2804
0 8 0 6 946
0 2 1 3 594
0 2 1 5 322
0 2 1 7 1634
0 4 1 3 1822
0 4 1 5 1868
0 4 1 7 2190
0 8 1 3 1212
0 8 1 5 542
0 8 1 7 272
0 2 2 0 500
0 2 2 4 2408
0 2 2 6 570
0 4 2 0 380
0 4 2 4 1730
0 4 2 6 778
0 8 2 0 2284
0 8 2 4 234
0 8 2 6 290
0 2 3 1 794
0 2 3 5 712
0 2 3 7 4598
0 4 3 1 340
0 4 3 5 400
0 4 3 7 3900
0 8 3 1 888
0 8 3 5 1112
0 8 3 7 76
0 2 4 0 3212
0 2 4 2 184
0 2 4 6 1362
0 4 4 0 7200
0 4 4 2 776
0 4 4 6 3428
0 8 4 0 1170
0 8 4 2 430
0 8 4 6 310
0 2 5 1 3274
0 2 5 3 1902
0 2 5 7 704
0 4 5 1 438
0 4 5 3 2834
0 4 5 7 1934
0 8 5 1 830
0 8 5 3 1568
0 8 5 7 418
0 2 6 0 152
0 2 6 2 798
0 2 6 4 4052
0 4 6 0 1744
0 4 6 2 2940
0 4 6 4 870
0 8 6 0 2678
0 8 6 2 1448
0 8 6 4 366
0 2 7 1 762
0 2 7 3 472
0 2 7 5 978
0 4 7 1 1920
0 4 7 3 1526
0 4 7 5 1586
0 8 7 1 3096
0 8 7 3 3100
0 8 7 5 472
0 2 8 10 306
0 2 8 12 950
0 2 8 14 3252
0 4 8 10 1816
0 4 8 12 5392
0 4 8 14 1836
0 8 8 10 988
0 8 8 12 2402
0 8 8 14 146
0 2 9 11 4454
0 2 9 13 430
0 2 9 15 3644
0 4 9 11 4064
0 4 9 13 1788
0 4 9 15 910
0 8 9 11 1806
0 8 9 13 3798
0 8 9 15 3916
0 2 10 8 2428
0 2 10 12 372
0 2 10 14 324
0 4 10 8 2080
0 4 10 12 702
0 4 10 14 744
0 8 10 8 2304
0 8 10 12 2110
0 8 10 14 252
0 2 11 9 1876
0 2 11 13 624
0 2 11 15 258
0 4 11 9 2508
0 4 11 13 796
0 4 11 15 5544
0 8 11 9 2556
0 8 11 13 470
0 8 11 15 450
0 2 12 8 1372
0 2 12 10 494
0 2 12 14 918
0 4 12 8 2274
0 4 12 10 1708
0 4 12 14 4370
0 8 12 8 1700
0 8 12 10 812
0 8 12 14 2436
0 2 13 9 846
0 2 13 11 354
0 2 13 15 2280
0 4 13 9 1864
0 4 13 11 326
0 4 13 15 228
0 8 13 9 3814
0 8 13 11 142
0 8 13 15 2768
0 2 14 8 538
0 2 14 10 5768
0 2 14 12 2754
0 4 14 8 2680
0 4 14 10 218
0 4 14 12 410
0 8 14 8 1496
0 8 14 10 634
0 8 14 12 1032
0 2 15 9 260
0 2 15 11 1186
0 2 15 13 390
0 4 15 9 734
0 4 15 11 1114
0 4 15 13 1010
0 8 15 9 1316
0 8 15 11 1874
0 8 15 13 2424
1 3 0 2 130
1 3 0 4 2796
1 3 0 6 1148
1 5 0 2 2736
1 5 0 4 1476
1 5 0 6 2596
1 9 0 2 1060
1 9 0 4 2628
1 9 0 6 1548
1 3 1 3 1798
1 3 1 5 1608
1 3 1 7 342
1 5 1 3 4598
1 5 1 5 1204
1 5 1 7 1444
1 9 1 3 868
1 9 1 5 904
1 9 1 7 3360
1 3 2 0 2730
1 3 2 4 2524
1 3 2 6 1062
1 5 2 0 1708
1 5 2 4 3932
1 5 2 6 994
1 9 2 0 2094
1 9 2 4 10
1 9 2 6 288
1 3 3 1 2566
1 3 3 5 2692
1 3 3 7 2858
1 5 3 1 1078
1 5 3 5 138
1 5 3 7 2278
1 9 3 1 2346
1 9 3 5 2274
1 9 3 7 710
1 3 4 0 3322
1 3 4 2 2236
1 3 4 6 2308
1 5 4 0 398
1 5 4 2 2348
1 5 4 6 594
1 9 4 0 30
1 9 4 2 840
1 9 4 6 1734
1 3 5 1 274
1 3 5 3 2064
1 3 5 7 1870
1 5 5 1 292
1 5 5 3 328
1 5 5 7 410
1 9 5 1 2268
1 9 5 3 34
1 9 5 7 3884
1 3 6 0 138
1 3 6 2 508
1 3 6 4 1166
1 5 6 0 1550
1 5 6 2 6338
1 5 6 4 2242
1 9 6 0 3352
1 9 6 2 1398
1 9 6 4 3440
1 3 7 1 2578
1 3 7 3 928
1 3 7 5 2538
1 5 7 1 2034
1 5 7 3 1248
1 5 7 5 3420
1 9 7 1 806
1 9 7 3 4098
1 9 7 5 1434
1 3 8 10 5270
1 3 8 12 1054
1 3 8 14 820
1 5 8 10 1560
1 5 8 12 1190
1 5 8 14 218
1 9 8 10 2640
1 9 8 12 1220
1 9 8 14 766
1 3 9 11 1004
1 3 9 13 2490
1 3 9 15 1390
1 5 9 11 1370
1 5 9 13 1950
1 5 9 15 836
1 9 9 11 20
1 9 9 13 954
1 9 9 15 774
1 3 10 8 82
1 3 10 12 418
1 3 10 14 856
1 5 10 8 1816
1 5 10 12 598
1 5 10 14 460
1 9 10 8 2138
1 9 10 12 2604
1 9 10 14 418
1 3 11 9 1956
1 3 11 13 3572
1 3 11 15 2
1 5 11 9 4062
1 5 11 13 460
1 5 11 15 696
1 9 11 9 1200
1 9 11 13 708
1 9 11 15 4932
1 3 12 8 4468
1 3 12 10 1944
1 3 12 14 1254
1 5 12 8 38
1 5 12 10 2384
1 5 12 14 1764
1 9 12 8 3194
1 9 12 10 1074
1 9 12 14 80
1 3 13 9 1582
1 3 13 11 564
1 3 13 15 52
1 5 13 9 60
1 5 13 11 2238
1 5 13 15 358
1 9 13 9 3714
1 9 13 11 2520
1 9 13 15 2646
1 3 14 8 3650
1 3 14 10 334
1 3 14 12 656
1 5 14 8 1284
1 5 14 10 2502
1 5 14 12 1288
1 9 14 8 1756
1 9 14 10 1922
1 9 14 12 1186
1 3 15 9 2206
1 3 15 11 2338
1 3 15 13 3216
1 5 15 9 4600
1 5 15 11 424
1 5 15 13 1066
1 9 15 9 2780
1 9 15 11 4398
1 9 15 13 3198
2 6 0 2 1852
2 6 0 4 502
2 6 0 6 1154
2 10 0 2 2362
2 10 0 4 416
2 10 0 6 1624
2 6 1 3 1616
2 6 1 5 1182
2 6 1 7 3018
2 10 1 3 2062
2 10 1 5 16
2 10 1 7 1480
2 6 2 0 1132
2 6 2 4 70
2 6 2 6 1990
2 10 2 0 2486
2 10 2 4 906
2 10 2 6 2828
2 6 3 1 740
2 6 3 5 5332
2 6 3 7 1390
2 10 3 1 446
2 10 3 5 2402
2 10 3 7 982
2 6 4 0 776
2 6 4 2 880
2 6 4 6 1888
2 10 4 0 2674
2 10 4 2 3248
2 10 4 6 360
2 6 5 1 136
2 6 5 3 630
2 6 5 7 3246
2 10 5 1 890
2 10 5 3 586
2 10 5 7 552
2 6 6 0 310
2 6 6 2 550
2 6 6 4 852
2 10 6 0 1304
2 10 6 2 984
2 10 6 4 958
2 6 7 1 1616
2 6 7 3 358
2 6 7 5 146
2 10 7 1 702
2 10 7 3 1958
2 10 7 5 1236
2 6 8 10 1842
2 6 8 12 1742
2 6 8 14 1068
2 10 8 10 514
2 10 8 12 188
2 10 8 14 1638
2 6 9 11 1736
2 6 9 13 52
2 6 9 15 740
2 10 9 11 788
2 10 9 13 1020
2 10 9 15 2072
2 6 10 8 1346
2 6 10 12 440
2 6 10 14 1004
2 10 10 8 1486
2 10 10 12 1536
2 10 10 14 1084
2 6 11 9 996
2 6 11 13 3248
2 6 11 15 5776
2 10 11 9 2420
2 10 11 13 2234
2 10 11 15 1112
2 6 12 8 2166
2 6 12 10 24
2 6 12 14 322
2 10 12 8 1132
2 10 12 10 660
2 10 12 14 1300
2 6 13 9 1354
2 6 13 11 1788
2 6 13 15 4094
2 10 13 9 1846
2 10 13 11 312
2 10 13 15 5546
2 6 14 8 998
2 6 14 10 2292
2 6 14 12 674
2 10 14 8 74
2 10 14 10 5418
2 10 14 12 3562
2 6 15 9 710
2 6 15 11 2344
2 6 15 13 386
2 10 15 9 1644
2 10 15 11 1302
2 10 15 13 1776
3 7 0 2 2252
3 7 0 4 504
3 7 0 6 2452
3 11 0 2 338
3 11 0 4 226
3 11 0 6 2442
3 7 1 3 158
3 7 1 5 1386
3 7 1 7 1950
3 11 1 3 654
3 11 1 5 1892
3 11 1 7 3454
3 7 2 0 2508
3 7 2 4 166
3 7 2 6 196
3 11 2 0 1794
3 11 2 4 4706
3 11 2 6 2310
3 7 3 1 1880
3 7 3 5 0
3 7 3 7 106
3 11 3 1 3308
3 11 3 5 2588
3 11 3 7 156
3 7 4 0 1950
3 7 4 2 1102
3 7 4 6 998
3 11 4 0 1884
3 11 4 2 1240
3 11 4 6 80
3 7 5 1 840
3 7 5 3 1174
3 7 5 7 1078
3 11 5 1 2870
3 11 5 3 228
3 11 5 7 3114
3 7 6 0 82
3 7 6 2 2318
3 7 6 4 758
3 11 6 0 1360
3 11 6 2 2090
3 11 6 4 1540
3 7 7 1 336
3 7 7 3 3104
3 7 7 5 536
3 11 7 1 624
3 11 7 3 2048
3 11 7 5 496
3 7 8 10 1430
3 7 8 12 2544
3 7 8 14 2102
3 11 8 10 246
3 11 8 12 420
3 11 8 14 646
3 7 9 11 1328
3 7 9 13 1740
3 7 9 15 256
3 11 9 11 2230
3 11 9 13 728
3 11 9 15 850
3 7 10 8 774
3 7 10 12 1264
3 7 10 14 48
3 11 10 8 3548
3 11 10 12 1230
3 11 10 14 490
3 7 11 9 996
3 7 11 13 4110
3 7 11 15 348
3 11 11 9 2104
3 11 11 13 1414
3 11 11 15 1338
3 7 12 8 3468
3 7 12 10 2044
3 7 12 14 1496
3 11 12 8 1286
3 11 12 10 226
3 11 12 14 4812
3 7 13 9 1210
3 7 13 11 6988
3 7 13 15 26
3 11 13 9 1834
3 11 13 11 1046
3 11 13 15 622
3 7 14 8 1072
3 7 14 10 2478
3 7 14 12 3080
3 11 14 8 0
3 11 14 10 1538
3 11 14 12 1928
3 7 15 9 1618
3 7 15 11 2584
3 7 15 13 488
3 11 15 9 2488
3 11 15 11 3648
3 11 15 13 2166
4 6 0 2 346
4 6 0 4 5388
4 6 0 6 2412
4 12 0 2 98
4 12 0 4 2118
4 12 0 6 2232
4 6 1 3 2886
4 6 1 5 940
4 6 1 7 1836
4 12 1 3 1174
4 12 1 5 774
4 12 1 7 176
4 6 2 0 1714
4 6 2 4 504
4 6 2 6 1088
4 12 2 0 966
4 12 2 4 2380
4 12 2 6 544
4 6 3 1 454
4 6 3 5 2658
4 6 3 7 2574
4 12 3 1 3656
4 12 3 5 2862
4 12 3 7 3600
4 6 4 0 3688
4 6 4 2 2186
4 6 4 6 4016
4 12 4 0 1094
4 12 4 2 552
4 12 4 6 890
4 6 5 1 440
4 6 5 3 292
4 6 5 7 1682
4 12 5 1 308
4 12 5 3 2898
4 12 5 7 2098
4 6 6 0 2696
4 6 6 2 174
4 6 6 4 160
4 12 6 0 748
4 12 6 2 268
4 12 6 4 1506
4 6 7 1 2814
4 6 7 3 414
4 6 7 5 3864
4 12 7 1 2200
4 12 7 3 1754
4 12 7 5 1070
4 6 8 10 1794
4 6 8 12 1212
4 6 8 14 436
4 12 8 10 3044
4 12 8 12 2264
4 12 8 14 1890
4 6 9 11 112
4 6 9 13 2884
4 6 9 15 688
4 12 9 11 832
4 12 9 13 994
4 12 9 15 2072
4 6 10 8 2610
4 6 10 12 380
4 6 10 14 1234
4 12 10 8 2836
4 12 10 12 788
4 12 10 14 928
4 6 11 9 1542
4 6 11 13 1518
4 6 11 15 1054
4 12 11 9 1372
4 12 11 13 566
4 12 11 15 816
4 6 12 8 3966
4 6 12 10 1718
4 6 12 14 2484
4 12 12 8 666
4 12 12 10 1716
4 12 12 14 486
4 6 13 9 3154
4 6 13 11 2970
4 6 13 15 482
4 12 13 9 116
4 12 13 11 1420
4 12 13 15 2278
4 6 14 8 3324
4 6 14 10 2490
4 6 14 12 1856
4 12 14 8 2672
4 12 14 10 3878
4 12 14 12 88
4 6 15 9 254
4 6 15 11 2988
4 6 15 13 934
4 12 15 9 3416
4 12 15 11 1020
4 12 15 13 2466
5 7 0 2 726
5 7 0 4 3072
5 7 0 6 648
5 13 0 2 1434
5 13 0 4 2910
5 13 0 6 2054
5 7 1 3 756
5 7 1 5 1392
5 7 1 7 328
5 13 1 3 130
5 13 1 5 1570
5 13 1 7 300
5 7 2 0 882
5 7 2 4 1136
5 7 2 6 2570
5 13 2 0 2238
5 13 2 4 3574
5 13 2 6 1264
5 7 3 1 740
5 7 3 5 304
5 7 3 7 1478
5 13 3 1 636
5 13 3 5 380
5 13 3 7 1204
5 7 4 0 322
5 7 4 2 1456
5 7 4 6 3514
5 13 4 0 1110
5 13 4 2 202
5 13 4 6 2934
5 7 5 1 2060
5 7 5 3 646
5 7 5 7 1636
5 13 5 1 4372
5 13 5 3 844
5 13 5 7 3334
5 7 6 0 2006
5 7 6 2 24
5 7 6 4 1156
5 13 6 0 3538
5 13 6 2 764
5 13 6 4 532
5 7 7 1 2028
5 7 7 3 2258
5 7 7 5 3608
5 13 7 1 1508
5 13 7 3 1302
5 13 7 5 812
5 7 8 10 108
5 7 8 12 3354
5 7 8 14 276
5 13 8 10 878
5 13 8 12 474
5 13 8 14 950
5 7 9 11 26
5 7 9 13 2822
5 7 9 15 448
5 13 9 11 3142
5 13 9 13 1004
5 13 9 15 130
5 7 10 8 910
5 7 10 12 2424
5 7 10 14 3010
5 13 10 8 2522
5 13 10 12 554
5 13 10 14 102
5 7 11 9 644
5 7 11 13 2168
5 7 11 15 1590
5 13 11 9 2978
5 13 11 13 1594
5 13 11 15 4886
5 7 12 8 2258
5 7 12 10 2438
5 7 12 14 412
5 13 12 8 376
5 13 12 10 978
5 13 12 14 2694
5 7 13 9 1808
5 7 13 11 100
5 7 13 15 540
5 13 13 9 400
5 13 13 11 3180
5 13 13 15 3214
5 7 14 8 1584
5 7 14 10 862
5 7 14 12 964
5 13 14 8 1292
5 13 14 10 3736
5 13 14 12 1402
5 7 15 9 1386
5 7 15 11 1250
5 7 15 13 2302
5 13 15 9 676
5 13 15 11 1800
5 13 15 13 2540
6 14 0 2 1754
6 14 0 4 480
6 14 0 6 1116
6 14 1 3 2150
6 14 1 5 2126
6 14 1 7 1518
6 14 2 0 2206
6 14 2 4 450
6 14 2 6 3384
6 14 3 1 2662
6 14 3 5 3858
6 14 3 7 2396
6 14 4 0 3928
6 14 4 2 688
6 14 4 6 392
6 14 5 1 1202
6 14 5 3 868
6 14 5 7 758
6 14 6 0 180
6 14 6 2 2414
6 14 6 4 2716
6 14 7 1 3988
6 14 7 3 1338
6 14 7 5 440
6 14 8 10 944
6 14 8 12 208
6 14 8 14 712
6 14 9 11 86
6 14 9 13 1622
6 14 9 15 622
6 14 10 8 394
6 14 10 12 448
6 14 10 14 2048
6 14 11 9 1026
6 14 11 13 1702
6 14 11 15 2
6 14 12 8 3094
6 14 12 10 1064
6 14 12 14 1840
6 14 13 9 3772
6 14 13 11 3550
6 14 13 15 1506
6 14 14 8 2342
6 14 14 10 2908
6 14 14 12 1200
6 14 15 9 1686
6 14 15 11 1166
6 14 15 13 6134
7 15 0 2 2548
7 15 0 4 1116
7 15 0 6 802
7 15 1 3 22
7 15 1 5 208
7 15 1 7 838
7 15 2 0 740
7 15 2 4 1188
7 15 2 6 20
7 15 3 1 492
7 15 3 5 1694
7 15 3 7 1228
7 15 4 0 2562
7 15 4 2 2064
7 15 4 6 686
7 15 5 1 852
7 15 5 3 3458
7 15 5 7 526
7 15 6 0 2438
7 15 6 2 348
7 15 6 4 352
7 15 7 1 1502
7 15 7 3 1134
7 15 7 5 98
7 15 8 10 262
7 15 8 12 2842
7 15 8 14 1828
7 15 9 11 3494
7 15 9 13 290
7 15 9 15 1564
7 15 10 8 1456
7 15 10 12 316
7 15 10 14 578
7 15 11 9 46
7 15 11 13 1156
7 15 11 15 1708
7 15 12 8 2270
7 15 12 10 454
7 15 12 14 2236
7 15 13 9 3534
7 15 13 11 3216
7 15 13 15 54
7 15 14 8 376
7 15 14 10 208
7 15 14 12 358
7 15 15 9 1242
7 15 15 11 1228
7 15 15 13 1362
8 10 0 2 284
8 10 0 4 224
8 10 0 6 14
8 12 0 2 1018
8 12 0 4 608
8 12 0 6 328
8 10 1 3 1392
8 10 1 5 2340
8 10 1 7 816
8 12 1 3 1234
8 12 1 5 140
8 12 1 7 90
8 10 2 0 4324
8 10 2 4 682
8 10 2 6 1254
8 12 2 0 1248
8 12 2 4 1390
8 12 2 6 300
8 10 3 1 238
8 10 3 5 1236
8 10 3 7 4046
8 12 3 1 1144
8 12 3 5 2164
8 12 3 7 578
8 10 4 0 1306
8 10 4 2 2556
8 10 4 6 1754
8 12 4 0 1208
8 12 4 2 1188
8 12 4 6 4528
8 10 5 1 332
8 10 5 3 208
8 10 5 7 276
8 12 5 1 980
8 12 5 3 2004
8 12 5 7 1958
8 10 6 0 1952
8 10 6 2 546
8 10 6 4 2116
8 12 6 0 618
8 12 6 2 3718
8 12 6 4 7110
8 10 7 1 1590
8 10 7 3 458
8 10 7 5 1836
8 12 7 1 4144
8 12 7 3 3790
8 12 7 5 1528
8 10 8 10 1534
8 10 8 12 660
8 10 8 14 1882
8 12 8 10 350
8 12 8 12 3268
8 12 8 14 286
8 10 9 11 316
8 10 9 13 1522
8 10 9 15 1748
8 12 9 11 2360
8 12 9 13 112
8 12 9 15 942
8 10 10 8 1336
8 10 10 12 114
8 10 10 14 886
8 12 10 8 970
8 12 10 12 796
8 12 10 14 2060
8 10 11 9 430
8 10 11 13 1944
8 10 11 15 1598
8 12 11 9 1242
8 12 11 13 1626
8 12 11 15 6
8 10 12 8 312
8 10 12 10 1042
8 10 12 14 1330
8 12 12 8 1828
8 12 12 10 1108
8 12 12 14 3920
8 10 13 9 5246
8 10 13 11 2472
8 10 13 15 2406
8 12 13 9 4222
8 12 13 11 50
8 12 13 15 2524
8 10 14 8 1600
8 10 14 10 2480
8 10 14 12 738
8 12 14 8 3434
8 12 14 10 2696
8 12 14 12 2072
8 10 15 9 94
8 10 15 11 1992
8 10 15 13 232
8 12 15 9 988
8 12 15 11 2584
8 12 15 13 32
9 11 0 2 244
9 11 0 4 30
9 11 0 6 1912
9 13 0 2 80
9 13 0 4 2318
9 13 0 6 1376
9 11 1 3 1094
9 11 1 5 826
9 11 1 7 578
9 13 1 3 2744
9 13 1 5 4872
9 13 1 7 4054
9 11 2 0 2280
9 11 2 4 1122
9 11 2 6 1816
9 13 2 0 160
9 13 2 4 3098
9 13 2 6 1944
9 11 3 1 3142
9 11 3 5 3382
9 11 3 7 1928
9 13 3 1 1068
9 13 3 5 2238
9 13 3 7 2354
9 11 4 0 1428
9 11 4 2 658
9 11 4 6 1596
9 13 4 0 2746
9 13 4 2 40
9 13 4 6 2038
9 11 5 1 510
9 11 5 3 592
9 11 5 7 1464
9 13 5 1 1196
9 13 5 3 682
9 13 5 7 2958
9 11 6 0 2128
9 11 6 2 1872
9 11 6 4 84
9 13 6 0 774
9 13 6 2 2886
9 13 6 4 430
9 11 7 1 334
9 11 7 3 530
9 11 7 5 808
9 13 7 1 3738
9 13 7 3 1538
9 13 7 5 1760
9 11 8 10 40
9 11 8 12 4720
9 11 8 14 958
9 13 8 10 206
9 13 8 12 792
9 13 8 14 3282
9 11 9 11 140
9 11 9 13 2844
9 11 9 15 492
9 13 9 11 182
9 13 9 13 24
9 13 9 15 172
9 11 10 8 3212
9 11 10 12 816
9 11 10 14 852
9 13 10 8 2730
9 13 10 12 400
9 13 10 14 3790
9 11 11 9 3852
9 11 11 13 3146
9 11 11 15 2586
9 13 11 9 172
9 13 11 13 514
9 13 11 15 452
9 11 12 8 296
9 11 12 10 4840
9 11 12 14 2692
9 13 12 8 528
9 13 12 10 1700
9 13 12 14 798
9 11 13 9 1196
9 11 13 11 2588
9 11 13 15 4156
9 13 13 9 960
9 13 13 11 4902
9 13 13 15 1094
9 11 14 8 1618
9 11 14 10 2584
9 11 14 12 1256
9 13 14 8 3010
9 13 14 10 566
9 13 14 12 1472
9 11 15 9 2284
9 11 15 11 2992
9 11 15 13 3324
9 13 15 9 3000
9 13 15 11 3436
9 13 15 13 762
10 14 0 2 328
10 14 0 4 400
10 14 0 6 70
10 14 1 3 784
10 14 1 5 2892
10 14 1 7 1906
10 14 2 0 3066
10 14 2 4 846
10 14 2 6 5522
10 14 3 1 4154
10 14 3 5 2808
10 14 3 7 2156
10 14 4 0 3866
10 14 4 2 1570
10 14 4 6 1324
10 14 5 1 268
10 14 5 3 2628
10 14 5 7 3658
10 14 6 0 1512
10 14 6 2 3490
10 14 6 4 2542
10 14 7 1 992
10 14 7 3 1880
10 14 7 5 634
10 14 8 10 1628
10 14 8 12 702
10 14 8 14 2288
10 14 9 11 3162
10 14 9 13 370
10 14 9 15 1644
10 14 10 8 888
10 14 10 12 534
10 14 10 14 622
10 14 11 9 1140
10 14 11 13 2156
10 14 11 15 704
10 14 12 8 190
10 14 12 10 1842
10 14 12 14 3082
10 14 13 9 1828
10 14 13 11 1620
10 14 13 15 3622
10 14 14 8 1016
10 14 14 10 1346
10 14 14 12 708
10 14 15 9 4514
10 14 15 11 316
10 14 15 13 762
11 15 0 2 446
11 15 0 4 1728
11 15 0 6 910
11 15 1 3 1402
11 15 1 5 3890
11 15 1 7 2306
11 15 2 0 1664
11 15 2 4 1164
11 15 2 6 2008
11 15 3 1 2156
11 15 3 5 2724
11 15 3 7 2344
11 15 4 0 2344
11 15 4 2 496
11 15 4 6 3942
11 15 5 1 1138
11 15 5 3 326
11 15 5 7 1642
11 15 6 0 2242
11 15 6 2 268
11 15 6 4 3084
11 15 7 1 2906
11 15 7 3 878
11 15 7 5 1048
11 15 8 10 1350
11 15 8 12 2680
11 15 8 14 3176
11 15 9 11 3404
11 15 9 13 1088
11 15 9 15 1206
11 15 10 8 1288
11 15 10 12 100
11 15 10 14 566
11 15 11 9 2776
11 15 11 13 596
11 15 11 15 888
11 15 12 8 2494
11 15 12 10 716
11 15 12 14 436
11 15 13 9 498
11 15 13 11 356
11 15 13 15 626
11 15 14 8 202
11 15 14 10 826
11 15 14 12 2976
11 15 15 9 860
11 15 15 11 1824
11 15 15 13 626
12 14 0 2 940
12 14 0 4 4046
12 14 0 6 4406
12 14 1 3 668
12 14 1 5 4590
12 14 1 7 2596
12 14 2 0 2630
12 14 2 4 1402
12 14 2 6 2332
12 14 3 1 1748
12 14 3 5 1332
12 14 3 7 2946
12 14 4 0 1152
12 14 4 2 1280
12 14 4 6 838
12 14 5 1 826
12 14 5 3 780
12 14 5 7 1848
12 14 6 0 304
12 14 6 2 174
12 14 6 4 2954
12 14 7 1 1986
12 14 7 3 1028
12 14 7 5 1290
12 14 8 10 522
12 14 8 12 1182
12 14 8 14 4192
12 14 9 11 242
12 14 9 13 1282
12 14 9 15 380
12 14 10 8 1158
12 14 10 12 2634
12 14 10 14 340
12 14 11 9 3402
12 14 11 13 3722
12 14 11 15 644
12 14 12 8 986
12 14 12 10 2600
12 14 12 14 900
12 14 13 9 2588
12 14 13 11 864
12 14 13 15 156
12 14 14 8 126
12 14 14 10 474
12 14 14 12 1326
12 14 15 9 882
12 14 15 11 574
12 14 15 13 1600
13 15 0 2 1556
13 15 0 4 928
13 15 0 6 750
13 15 1 3 3758
13 15 1 5 1646
13 15 1 7 428
13 15 2 0 48
13 15 2 4 866
13 15 2 6 440
13 15 3 1 3096
13 15 3 5 1116
13 15 3 7 2022
13 15 4 0 1456
13 15 4 2 3278
13 15 4 6 2198
13 15 5 1 514
13 15 5 3 1050
13 15 5 7 644
13 15 6 0 772
13 15 6 2 1636
13 15 6 4 1948
13 15 7 1 2336
13 15 7 3 1644
13 15 7 5 512
13 15 8 10 952
13 15 8 12 1280
13 15 8 14 2586
13 15 9 11 114
13 15 9 13 854
13 15 9 15 1062
13 15 10 8 1508
13 15 10 12 1714
13 15 10 14 1098
13 15 11 9 966
13 15 11 13 1664
13 15 11 15 1072
13 15 12 8 412
13 15 12 10 1304
13 15 12 14 176
13 15 13 9 762
13 15 13 11 218
13 15 13 15 1108
13 15 14 8 1522
13 15 14 10 3576
13 15 14 12 2678
13 15 15 9 1206
13 15 15 11 2432
13 15 15 13 1802
