# KEY left=0x0f right=0x74
# GOOD_PAIRS_BEGIN count=4
# GOOD_PAIR 0xc5 0xe7
# GOOD_PAIR 0xc7 0xe5
# GOOD_PAIR 0x15 0x57
# GOOD_PAIR 0x17 0x55
# GOOD_PAIRS_END
0 2 0 2 220
0 2 0 4 3474
0 2 0 6 898
0 4 0 2 146
0 4 0 4 1086
0 4 0 6 672
0 8 0 2 1860
0 8 0 4 1572
0 8 0 6 1144
0 2 1 3 1702
0 2 1 5 1532
0 2 1 7 3096
0 4 1 3 376
0 4 1 5 952
0 4 1 7 944
0 8 1 3 544
0 8 1 5 1416
0 8 1 7 24
0 2 2 0 1694
0 2 2 4 270
0 2 2 6 750
0 4 2 0 1190
0 4 2 4 378
0 4 2 6 1472
0 8 2 0 304
0 8 2 4 228
0 8 2 6 182
0 2 3 1 2798
0 2 3 5 984
0 2 3 7 2436
0 4 3 1 710
0 4 3 5 4354
0 4 3 7 1816
0 8 3 1 1628
0 8 3 5 1360
0 8 3 7 1426
0 2 4 0 1008
0 2 4 2 450
0 2 4 6 4814
0 4 4 0 52
0 4 4 2 546
0 4 4 6 568
0 8 4 0 1684
0 8 4 2 1582
0 8 4 6 4006
0 2 5 1 910
0 2 5 3 2912
0 2 5 7 426
0 4 5 1 614
0 4 5 3 1174
0 4 5 7 280
0 8 5 1 2544
0 8 5 3 732
0 8 5 7 2528
0 2 6 0 1996
0 2 6 2 682
0 2 6 4 740
0 4 6 0 2958
0 4 6 2 1222
0 4 6 4 2524
0 8 6 0 118
0 8 6 2 920
0 8 6 4 4066
0 2 7 1 554
0 2 7 3 3258
0 2 7 5 3368
0 4 7 1 226
0 4 7 3 1262
0 4 7 5 868
0 8 7 1 720
0 8 7 3 262
0 8 7 5 2164
0 2 8 10 2320
0 2 8 12 2028
0 2 8 14 2354
0 4 8 10 2312
0 4 8 12 236
0 4 8 14 3196
0 8 8 10 1930
0 8 8 12 1710
0 8 8 14 26
0 2 9 11 644
0 2 9 13 282
0 2 9 15 1208
0 4 9 11 154
0 4 9 13 1284
0 4 9 15 1992
0 8 9 11 2410
0 8 9 13 488
0 8 9 15 942
0 2 10 8 1602
0 2 10 12 10
0 2 10 14 2716
0 4 10 8 462
0 4 10 12 2006
0 4 10 14 220
0 8 10 8 164
0 8 10 12 934
0 8 10 14 240
0 2 11 9 636
0 2 11 13 454
0 2 11 15 870
0 4 11 9 1228
0 4 11 13 2026
0 4 11 15 2154
0 8 11 9 2928
0 8 11 13 810
0 8 11 15 3240
0 2 12 8 2434
0 2 12 10 1552
0 2 12 14 2010
0 4 12 8 3896
0 4 12 10 260
0 4 12 14 3706
0 8 12 8 1768
0 8 12 10 658
0 8 12 14 3724
0 2 13 9 276
0 2 13 11 2920
0 2 13 15 342
0 4 13 9 384
0 4 13 11 1590
0 4 13 15 1908
0 8 13 9 1804
0 8 13 11 846
0 8 13 15 176
0 2 14 8 2576
0 2 14 10 314
0 2 14 12 814
0 4 14 8 1810
0 4 14 10 214
0 4 14 12 5226
0 8 14 8 1934
0 8 14 10 1632
0 8 14 12 2210
0 2 15 9 508
0 2 15 11 1564
0 2 15 13 884
0 4 15 9 3326
0 4 15 11 3106
0 4 15 13 794
0 8 15 9 2896
0 8 15 11 1486
0 8 15 13 2514
1 3 0 2 894
1 3 0 4 2788
1 3 0 6 370
1 5 0 2 4482
1 5 0 4 122
1 5 0 6 2294
1 9 0 2 2860
1 9 0 4 2014
1 9 0 6 2274
1 3 1 3 334
1 3 1 5 3020
1 3 1 7 3904
1 5 1 3 1782
1 5 1 5 878
1 5 1 7 94
1 9 1 3 1642
1 9 1 5 470
1 9 1 7 2352
1 3 2 0 808
1 3 2 4 432
1 3 2 6 1814
1 5 2 0 1414
1 5 2 4 540
1 5 2 6 1806
1 9 2 0 436
1 9 2 4 656
1 9 2 6 2292
1 3 3 1 1062
1 3 3 5 1588
1 3 3 7 1452
1 5 3 1 3196
1 5 3 5 1302
1 5 3 7 878
1 9 3 1 1926
1 9 3 5 526
1 9 3 7 228
1 3 4 0 884
1 3 4 2 1596
1 3 4 6 502
1 5 4 0 1866
1 5 4 2 918
1 5 4 6 2434
1 9 4 0 1822
1 9 4 2 1108
1 9 4 6 1012
1 3 5 1 1182
1 3 5 3 1672
1 3 5 7 2118
1 5 5 1 1296
1 5 5 3 538
1 5 5 7 580
1 9 5 1 1390
1 9 5 3 3212
1 9 5 7 3918
1 3 6 0 3366
1 3 6 2 2494
1 3 6 4 1058
1 5 6 0 1964
1 5 6 2 1900
1 5 6 4 2218
1 9 6 0 1014
1 9 6 2 606
1 9 6 4 986
1 3 7 1 736
1 3 7 3 2912
1 3 7 5 1556
1 5 7 1 1496
1 5 7 3 752
1 5 7 5 3374
1 9 7 1 564
1 9 7 3 1226
1 9 7 5 248
1 3 8 10 382
1 3 8 12 2324
1 3 8 14 476
1 5 8 10 298
1 5 8 12 2692
1 5 8 14 2216
1 9 8 10 3890
1 9 8 12 702
1 9 8 14 106
1 3 9 11 684
1 3 9 13 2040
1 3 9 15 882
1 5 9 11 3400
1 5 9 13 616
1 5 9 15 1842
1 9 9 11 1282
1 9 9 13 584
1 9 9 15 2168
1 3 10 8 2794
1 3 10 12 3662
1 3 10 14 372
1 5 10 8 1180
1 5 10 12 2286
1 5 10 14 610
1 9 10 8 618
1 9 10 12 16
1 9 10 14 608
1 3 11 9 3478
1 3 11 13 1058
1 3 11 15 2364
1 5 11 9 2848
1 5 11 13 808
1 5 11 15 1664
1 9 11 9 492
1 9 11 13 582
1 9 11 15 1608
1 3 12 8 1044
1 3 12 10 392
1 3 12 14 2440
1 5 12 8 638
1 5 12 10 1608
1 5 12 14 676
1 9 12 8 1656
1 9 12 10 1762
1 9 12 14 464
1 3 13 9 358
1 3 13 11 4794
1 3 13 15 840
1 5 13 9 1598
1 5 13 11 1910
1 5 13 15 2186
1 9 13 9 176
1 9 13 11 264
1 9 13 15 2230
1 3 14 8 140
1 3 14 10 3924
1 3 14 12 2728
1 5 14 8 908
1 5 14 10 50
1 5 14 12 1014
1 9 14 8 2298
1 9 14 10 1324
1 9 14 12 846
1 3 15 9 2262
1 3 15 11 3130
1 3 15 13 56
1 5 15 9 58
1 5 15 11 276
1 5 15 13 2006
1 9 15 9 3674
1 9 15 11 380
1 9 15 13 788
2 6 0 2 906
2 6 0 4 1656
2 6 0 6 314
2 10 0 2 1014
2 10 0 4 3826
2 10 0 6 294
2 6 1 3 610
2 6 1 5 1880
2 6 1 7 2768
2 10 1 3 900
2 10 1 5 1718
2 10 1 7 364
2 6 2 0 5064
2 6 2 4 1730
2 6 2 6 1856
2 10 2 0 2894
2 10 2 4 4106
2 10 2 6 4416
2 6 3 1 1106
2 6 3 5 5698
2 6 3 7 328
2 10 3 1 446
2 10 3 5 3840
2 10 3 7 992
2 6 4 0 1344
2 6 4 2 3304
2 6 4 6 3010
2 10 4 0 2468
2 10 4 2 1784
2 10 4 6 8
2 6 5 1 1076
2 6 5 3 1362
2 6 5 7 164
2 10 5 1 100
2 10 5 3 1914
2 10 5 7 518
2 6 6 0 2368
2 6 6 2 2194
2 6 6 4 2070
2 10 6 0 982
2 10 6 2 196
2 10 6 4 3988
2 6 7 1 576
2 6 7 3 1036
2 6 7 5 186
2 10 7 1 818
2 10 7 3 3154
2 10 7 5 2890
2 6 8 10 1702
2 6 8 12 788
2 6 8 14 1092
2 10 8 10 944
2 10 8 12 304
2 10 8 14 778
2 6 9 11 3434
2 6 9 13 770
2 6 9 15 1472
2 10 9 11 76
2 10 9 13 2292
2 10 9 15 548
2 6 10 8 4072
2 6 10 12 2078
2 6 10 14 818
2 10 10 8 1638
2 10 10 12 2122
2 10 10 14 2642
2 6 11 9 190
2 6 11 13 3822
2 6 11 15 1182
2 10 11 9 2462
2 10 11 13 1766
2 10 11 15 1650
2 6 12 8 214
2 6 12 10 986
2 6 12 14 2054
2 10 12 8 1988
2 10 12 10 2242
2 10 12 14 262
2 6 13 9 1932
2 6 13 11 420
2 6 13 15 2320
2 10 13 9 650
2 10 13 11 2086
2 10 13 15 756
2 6 14 8 276
2 6 14 10 1306
2 6 14 12 1546
2 10 14 8 2440
2 10 14 10 1172
2 10 14 12 3304
2 6 15 9 3642
2 6 15 11 1224
2 6 15 13 4484
2 10 15 9 2726
2 10 15 11 2130
2 10 15 13 1310
3 7 0 2 3468
3 7 0 4 368
3 7 0 6 1868
3 11 0 2 1106
3 11 0 4 176
3 11 0 6 1396
3 7 1 3 2718
3 7 1 5 200
3 7 1 7 1258
3 11 1 3 6
3 11 1 5 536
3 11 1 7 1538
3 7 2 0 1812
3 7 2 4 1968
3 7 2 6 26
3 11 2 0 2210
3 11 2 4 94
3 11 2 6 790
3 7 3 1 1006
3 7 3 5 1632
3 7 3 7 578
3 11 3 1 1002
3 11 3 5 202
3 11 3 7 338
3 7 4 0 3440
3 7 4 2 1920
3 7 4 6 134
3 11 4 0 1208
3 11 4 2 3456
3 11 4 6 108
3 7 5 1 2120
3 7 5 3 464
3 7 5 7 148
3 11 5 1 1968
3 11 5 3 2354
3 11 5 7 312
3 7 6 0 1864
3 7 6 2 4462
3 7 6 4 2794
3 11 6 0 216
3 11 6 2 2810
3 11 6 4 42
3 7 7 1 414
3 7 7 3 34
3 7 7 5 404
3 11 7 1 1706
3 11 7 3 2498
3 11 7 5 1528
3 7 8 10 2426
3 7 8 12 2860
3 7 8 14 34
3 11 8 10 692
3 11 8 12 2360
3 11 8 14 1330
3 7 9 11 3434
3 7 9 13 3668
3 7 9 15 2580
3 11 9 11 1008
3 11 9 13 4128
3 11 9 15 730
3 7 10 8 1024
3 7 10 12 2124
3 7 10 14 912
3 11 10 8 1294
3 11 10 12 624
3 11 10 14 1768
3 7 11 9 1418
3 7 11 13 1104
3 7 11 15 456
3 11 11 9 458
3 11 11 13 624
3 11 11 15 154
3 7 12 8 3338
3 7 12 10 710
3 7 12 14 3496
3 11 12 8 660
3 11 12 10 2092
3 11 12 14 5140
3 7 13 9 398
3 7 13 11 586
3 7 13 15 1438
3 11 13 9 1058
3 11 13 11 4158
3 11 13 15 1096
3 7 14 8 1220
3 7 14 10 2958
3 7 14 12 810
3 11 14 8 604
3 11 14 10 2000
3 11 14 12 1744
3 7 15 9 206
3 7 15 11 1880
3 7 15 13 202
3 11 15 9 600
3 11 15 11 1796
3 11 15 13 150
4 6 0 2 334
4 6 0 4 4408
4 6 0 6 44
4 12 0 2 2394
4 12 0 4 3466
4 12 0 6 1584
4 6 1 3 200
4 6 1 5 1194
4 6 1 7 2902
4 12 1 3 3658
4 12 1 5 236
4 12 1 7 654
4 6 2 0 1764
4 6 2 4 1000
4 6 2 6 1172
4 12 2 0 1696
4 12 2 4 1934
4 12 2 6 3368
4 6 3 1 1024
4 6 3 5 3850
4 6 3 7 1074
4 12 3 1 1244
4 12 3 5 1440
4 12 3 7 62
4 6 4 0 1342
4 6 4 2 818
4 6 4 6 100
4 12 4 0 210
4 12 4 2 6286
4 12 4 6 568
4 6 5 1 2250
4 6 5 3 1676
4 6 5 7 446
4 12 5 1 514
4 12 5 3 332
4 12 5 7 80
4 6 6 0 3508
4 6 6 2 2438
4 6 6 4 1530
4 12 6 0 4532
4 12 6 2 408
4 12 6 4 2796
4 6 7 1 924
4 6 7 3 848
4 6 7 5 292
4 12 7 1 2210
4 12 7 3 1204
4 12 7 5 1118
4 6 8 10 1622
4 6 8 12 1446
4 6 8 14 4244
4 12 8 10 38
4 12 8 12 1090
4 12 8 14 1328
4 6 9 11 1558
4 6 9 13 246
4 6 9 15 3062
4 12 9 11 4562
4 12 9 13 1236
4 12 9 15 4304
4 6 10 8 6
4 6 10 12 1048
4 6 10 14 1084
4 12 10 8 968
4 12 10 12 3378
4 12 10 14 1194
4 6 11 9 888
4 6 11 13 3878
4 6 11 15 538
4 12 11 9 3346
4 12 11 13 2296
4 12 11 15 3712
4 6 12 8 664
4 6 12 10 244
4 6 12 14 3474
4 12 12 8 2602
4 12 12 10 562
4 12 12 14 760
4 6 13 9 2874
4 6 13 11 1794
4 6 13 15 148
4 12 13 9 1692
4 12 13 11 444
4 12 13 15 870
4 6 14 8 4880
4 6 14 10 590
4 6 14 12 4420
4 12 14 8 1326
4 12 14 10 540
4 12 14 12 4320
4 6 15 9 1808
4 6 15 11 2652
4 6 15 13 1546
4 12 15 9 2030
4 12 15 11 28
4 12 15 13 224
5 7 0 2 2710
5 7 0 4 2322
5 7 0 6 470
5 13 0 2 4896
5 13 0 4 2546
5 13 0 6 342
5 7 1 3 986
5 7 1 5 970
5 7 1 7 726
5 13 1 3 1280
5 13 1 5 3354
5 13 1 7 2220
5 7 2 0 24
5 7 2 4 2954
5 7 2 6 276
5 13 2 0 648
5 13 2 4 3914
5 13 2 6 186
5 7 3 1 1442
5 7 3 5 904
5 7 3 7 3250
5 13 3 1 232
5 13 3 5 2174
5 13 3 7 618
5 7 4 0 744
5 7 4 2 1214
5 7 4 6 1346
5 13 4 0 1930
5 13 4 2 2018
5 13 4 6 3372
5 7 5 1 962
5 7 5 3 108
5 7 5 7 1176
5 13 5 1 796
5 13 5 3 1394
5 13 5 7 1432
5 7 6 0 1486
5 7 6 2 1466
5 7 6 4 3174
5 13 6 0 1214
5 13 6 2 3984
5 13 6 4 2468
5 7 7 1 1556
5 7 7 3 5572
5 7 7 5 3562
5 13 7 1 648
5 13 7 3 840
5 13 7 5 92
5 7 8 10 3004
5 7 8 12 426
5 7 8 14 2248
5 13 8 10 208
5 13 8 12 872
5 13 8 14 4748
5 7 9 11 4262
5 7 9 13 602
5 7 9 15 4626
5 13 9 11 1856
5 13 9 13 222
5 13 9 15 2492
5 7 10 8 2220
5 7 10 12 2050
5 7 10 14 1558
5 13 10 8 492
5 13 10 12 2684
5 13 10 14 2186
5 7 11 9 2112
5 7 11 13 434
5 7 11 15 1736
5 13 11 9 974
5 13 11 13 662
5 13 11 15 2170
5 7 12 8 158
5 7 12 10 2582
5 7 12 14 3330
5 13 12 8 2644
5 13 12 10 1540
5 13 12 14 2494
5 7 13 9 2560
5 7 13 11 354
5 7 13 15 324
5 13 13 9 2944
5 13 13 11 546
5 13 13 15 2498
5 7 14 8 916
5 7 14 10 2804
5 7 14 12 862
5 13 14 8 802
5 13 14 10 1710
5 13 14 12 2770
5 7 15 9 1014
5 7 15 11 362
5 7 15 13 1866
5 13 15 9 466
5 13 15 11 810
5 13 15 13 3260
6 14 0 2 1116
6 14 0 4 2668
6 14 0 6 302
6 14 1 3 790
6 14 1 5 2134
6 14 1 7 1948
6 14 2 0 5678
6 14 2 4 1324
6 14 2 6 494
6 14 3 1 870
6 14 3 5 1444
6 14 3 7 306
6 14 4 0 708
6 14 4 2 1440
6 14 4 6 276
6 14 5 1 1942
6 14 5 3 2680
6 14 5 7 3494
6 14 6 0 1374
6 14 6 2 1720
6 14 6 4 182
6 14 7 1 422
6 14 7 3 2048
6 14 7 5 3990
6 14 8 10 4644
6 14 8 12 308
6 14 8 14 1680
6 14 9 11 2
6 14 9 13 3682
6 14 9 15 2622
6 14 10 8 416
6 14 10 12 1752
6 14 10 14 694
6 14 11 9 1918
6 14 11 13 2600
6 14 11 15 638
6 14 12 8 950
6 14 12 10 4450
6 14 12 14 2486
6 14 13 9 580
6 14 13 11 1536
6 14 13 15 2326
6 14 14 8 46
6 14 14 10 626
6 14 14 12 242
6 14 15 9 2362
6 14 15 11 652
6 14 15 13 1646
7 15 0 2 3048
7 15 0 4 1754
7 15 0 6 92
7 15 1 3 3590
7 15 1 5 168
7 15 1 7 452
7 15 2 0 720
7 15 2 4 2412
7 15 2 6 1580
7 15 3 1 630
7 15 3 5 2794
7 15 3 7 2538
7 15 4 0 1072
7 15 4 2 3356
7 15 4 6 602
7 15 5 1 4158
7 15 5 3 436
7 15 5 7 682
7 15 6 0 1214
7 15 6 2 152
7 15 6 4 244
7 15 7 1 2358
7 15 7 3 5136
7 15 7 5 2438
7 15 8 10 1440
7 15 8 12 2094
7 15 8 14 266
7 15 9 11 2008
7 15 9 13 1304
7 15 9 15 3882
7 15 10 8 2010
7 15 10 12 3148
7 15 10 14 2992
7 15 11 9 1640
7 15 11 13 1268
7 15 11 15 678
7 15 12 8 988
7 15 12 10 3840
7 15 12 14 802
7 15 13 9 2466
7 15 13 11 3062
7 15 13 15 412
7 15 14 8 1800
7 15 14 10 278
7 15 14 12 1526
7 15 15 9 3806
7 15 15 11 1108
7 15 15 13 3548
8 10 0 2 154
8 10 0 4 3342
8 10 0 6 862
8 12 0 2 1436
8 12 0 4 2878
8 12 0 6 670
8 10 1 3 2492
8 10 1 5 4092
8 10 1 7 942
8 12 1 3 2160
8 12 1 5 154
8 12 1 7 1200
8 10 2 0 924
8 10 2 4 1340
8 10 2 6 94
8 12 2 0 926
8 12 2 4 1416
8 12 2 6 436
8 10 3 1 436
8 10 3 5 1304
8 10 3 7 678
8 12 3 1 2266
8 12 3 5 2540
8 12 3 7 82
8 10 4 0 1028
8 10 4 2 3806
8 10 4 6 2604
8 12 4 0 810
8 12 4 2 2754
8 12 4 6 1392
8 10 5 1 3594
8 10 5 3 3954
8 10 5 7 2570
8 12 5 1 382
8 12 5 3 4242
8 12 5 7 3842
8 10 6 0 3150
8 10 6 2 146
8 10 6 4 182
8 12 6 0 1156
8 12 6 2 890
8 12 6 4 600
8 10 7 1 1788
8 10 7 3 2400
8 10 7 5 414
8 12 7 1 224
8 12 7 3 734
8 12 7 5 182
8 10 8 10 1744
8 10 8 12 846
8 10 8 14 1578
8 12 8 10 2388
8 12 8 12 3846
8 12 8 14 2190
8 10 9 11 1506
8 10 9 13 2498
8 10 9 15 724
8 12 9 11 1534
8 12 9 13 2094
8 12 9 15 3116
8 10 10 8 440
8 10 10 12 654
8 10 10 14 1284
8 12 10 8 1174
8 12 10 12 960
8 12 10 14 3330
8 10 11 9 1392
8 10 11 13 2554
8 10 11 15 326
8 12 11 9 754
8 12 11 13 3282
8 12 11 15 1108
8 10 12 8 3186
8 10 12 10 1284
8 10 12 14 1170
8 12 12 8 4850
8 12 12 10 2820
8 12 12 14 1168
8 10 13 9 962
8 10 13 11 760
8 10 13 15 1926
8 12 13 9 100
8 12 13 11 288
8 12 13 15 5672
8 10 14 8 138
8 10 14 10 1102
8 10 14 12 6540
8 12 14 8 3098
8 12 14 10 1104
8 12 14 12 3640
8 10 15 9 1062
8 10 15 11 3822
8 10 15 13 918
8 12 15 9 126
8 12 15 11 2086
8 12 15 13 722
9 11 0 2 1054
9 11 0 4 3776
9 11 0 6 2012
9 13 0 2 6878
9 13 0 4 766
9 13 0 6 474
9 11 1 3 734
9 11 1 5 988
9 11 1 7 1300
9 13 1 3 2330
9 13 1 5 922
9 13 1 7 270
9 11 2 0 1166
9 11 2 4 472
9 11 2 6 2766
9 13 2 0 3620
9 13 2 4 720
9 13 2 6 3220
9 11 3 1 1462
9 11 3 5 2160
9 11 3 7 2272
9 13 3 1 2614
9 13 3 5 1368
9 13 3 7 688
9 11 4 0 2534
9 11 4 2 378
9 11 4 6 5456
9 13 4 0 1362
9 13 4 2 1206
9 13 4 6 3276
9 11 5 1 1828
9 11 5 3 4304
9 11 5 7 1108
9 13 5 1 3488
9 13 5 3 3508
9 13 5 7 2028
9 11 6 0 1830
9 11 6 2 194
9 11 6 4 1874
9 13 6 0 890
9 13 6 2 304
9 13 6 4 2600
9 11 7 1 2472
9 11 7 3 1558
9 11 7 5 5088
9 13 7 1 2518
9 13 7 3 1294
9 13 7 5 314
9 11 8 10 1990
9 11 8 12 354
9 11 8 14 172
9 13 8 10 516
9 13 8 12 1646
9 13 8 14 672
9 11 9 11 2268
9 11 9 13 1864
9 11 9 15 3564
9 13 9 11 2924
9 13 9 13 242
9 13 9 15 86
9 11 10 8 812
9 11 10 12 924
9 11 10 14 684
9 13 10 8 2996
9 13 10 12 3414
9 13 10 14 1122
9 11 11 9 1028
9 11 11 13 1726
9 11 11 15 1144
9 13 11 9 456
9 13 11 13 436
9 13 11 15 1234
9 11 12 8 1470
9 11 12 10 852
9 11 12 14 4550
9 13 12 8 690
9 13 12 10 1414
9 13 12 14 2670
9 11 13 9 1310
9 11 13 11 312
9 11 13 15 3098
9 13 13 9 432
9 13 13 11 2920
9 13 13 15 1582
9 11 14 8 1804
9 11 14 10 2648
9 11 14 12 3178
9 13 14 8 2950
9 13 14 10 3054
9 13 14 12 472
9 11 15 9 2514
9 11 15 11 298
9 11 15 13 1838
9 13 15 9 1048
9 13 15 11 2028
9 13 15 13 646
10 14 0 2 4888
10 14 0 4 1034
10 14 0 6 4386
10 14 1 3 2688
10 14 1 5 1628
10 14 1 7 1378
10 14 2 0 1142
10 14 2 4 2276
10 14 2 6 1750
10 14 3 1 1778
10 14 3 5 1300
10 14 3 7 1130
10 14 4 0 614
10 14 4 2 2676
10 14 4 6 606
10 14 5 1 436
10 14 5 3 928
10 14 5 7 524
10 14 6 0 3218
10 14 6 2 1724
10 14 6 4 3002
10 14 7 1 1424
10 14 7 3 1456
10 14 7 5 176
10 14 8 10 664
10 14 8 12 332
10 14 8 14 3362
10 14 9 11 452
10 14 9 13 2414
10 14 9 15 1324
10 14 10 8 104
10 14 10 12 2856
10 14 10 14 402
10 14 11 9 2582
10 14 11 13 4126
10 14 11 15 1408
10 14 12 8 2578
10 14 12 10 908
10 14 12 14 192
10 14 13 9 716
10 14 13 11 1866
10 14 13 15 1174
10 14 14 8 1834
10 14 14 10 120
10 14 14 12 2104
10 14 15 9 4572
10 14 15 11 2826
10 14 15 13 1448
11 15 0 2 1128
11 15 0 4 1236
11 15 0 6 398
11 15 1 3 1402
11 15 1 5 1116
11 15 1 7 2446
11 15 2 0 336
11 15 2 4 602
11 15 2 6 2086
11 15 3 1 1066
11 15 3 5 3552
11 15 3 7 1488
11 15 4 0 54
11 15 4 2 2098
11 15 4 6 2038
11 15 5 1 860
11 15 5 3 1628
11 15 5 7 3294
11 15 6 0 1668
11 15 6 2 2388
11 15 6 4 128
11 15 7 1 1688
11 15 7 3 562
11 15 7 5 730
11 15 8 10 1882
11 15 8 12 4204
11 15 8 14 540
11 15 9 11 1564
11 15 9 13 562
11 15 9 15 112
11 15 10 8 174
11 15 10 12 3930
11 15 10 14 532
11 15 11 9 2628
11 15 11 13 548
11 15 11 15 138
11 15 12 8 2588
11 15 12 10 2758
11 15 12 14 378
11 15 13 9 2890
11 15 13 11 1318
11 15 13 15 1654
11 15 14 8 132
11 15 14 10 58
11 15 14 12 922
11 15 15 9 656
11 15 15 11 1550
11 15 15 13 1236
12 14 0 2 2010
12 14 0 4 3906
12 14 0 6 5334
12 14 1 3 368
12 14 1 5 696
12 14 1 7 1526
12 14 2 0 628
12 14 2 4 1908
12 14 2 6 584
12 14 3 1 2916
12 14 3 5 1242
12 14 3 7 1618
12 14 4 0 1536
12 14 4 2 2220
12 14 4 6 1226
12 14 5 1 2552
12 14 5 3 744
12 14 5 7 1394
12 14 6 0 2026
12 14 6 2 2062
12 14 6 4 1370
12 14 7 1 1546
12 14 7 3 220
12 14 7 5 1142
12 14 8 10 1880
12 14 8 12 566
12 14 8 14 360
12 14 9 11 2336
12 14 9 13 3874
12 14 9 15 2930
12 14 10 8 760
12 14 10 12 1554
12 14 10 14 1002
12 14 11 9 970
12 14 11 13 88
12 14 11 15 1590
12 14 12 8 960
12 14 12 10 1948
12 14 12 14 254
12 14 13 9 2188
12 14 13 11 2214
12 14 13 15 142
12 14 14 8 1302
12 14 14 10 1428
12 14 14 12 872
12 14 15 9 2978
12 14 15 11 248
12 14 15 13 754
13 15 0 2 1464
13 15 0 4 3546
13 15 0 6 398
13 15 1 3 1264
13 15 1 5 1362
13 15 1 7 1724
13 15 2 0 248
13 15 2 4 366
13 15 2 6 4036
13 15 3 1 1206
13 15 3 5 1334
13 15 3 7 1528
13 15 4 0 20
13 15 4 2 204
13 15 4 6 768
13 15 5 1 2048
13 15 5 3 2398
13 15 5 7 1222
13 15 6 0 1790
13 15 6 2 946
13 15 6 4 1902
13 15 7 1 1568
13 15 7 3 266
13 15 7 5 902
13 15 8 10 434
13 15 8 12 2134
13 15 8 14 4198
13 15 9 11 1094
13 15 9 13 212
13 15 9 15 1354
13 15 10 8 964
13 15 10 12 826
13 15 10 14 3352
13 15 11 9 4944
13 15 11 13 2634
13 15 11 15 3082
13 15 12 8 3272
13 15 12 10 1978
13 15 12 14 740
13 15 13 9 832
13 15 13 11 22
13 15 13 15 94
13 15 14 8 2448
13 15 14 10 1076
13 15 14 12 2040
13 15 15 9 1938
13 15 15 11 1190
13 15 15 13 324
