# KEY left=0x6a right=0x43
# GOOD_PAIRS_BEGIN count=2
# GOOD_PAIR 0x10 0x92
# GOOD_PAIR 0x12 0x90
# GOOD_PAIRS_END
0 2 0 2 3716
0 2 0 4 1332
0 2 0 6 1000
0 4 0 2 3620
0 4 0 4 80
0 4 0 6 6252
0 8 0 2 1626
0 8 0 4 1178
0 8 0 6 2150
0 2 1 3 882
0 2 1 5 3618
0 2 1 7 2440
0 4 1 3 1892
0 4 1 5 1764
0 4 1 7 3234
0 8 1 3 2632
0 8 1 5 1608
0 8 1 7 5156
0 2 2 0 48
0 2 2 4 6928
0 2 2 6 356
0 4 2 0 4054
0 4 2 4 6062
0 4 2 6 10028
0 8 2 0 3946
0 8 2 4 198
0 8 2 6 1576
0 2 3 1 8396
0 2 3 5 6752
0 2 3 7 2100
0 4 3 1 1558
0 4 3 5 860
0 4 3 7 3972
0 8 3 1 674
0 8 3 5 13640
0 8 3 7 868
0 2 4 0 90
0 2 4 2 242
0 2 4 6 4400
0 4 4 0 2416
0 4 4 2 388
0 4 4 6 1420
0 8 4 0 3862
0 8 4 2 4276
0 8 4 6 7766
0 2 5 1 2162
0 2 5 3 1246
0 2 5 7 3866
0 4 5 1 1356
0 4 5 3 11284
0 4 5 7 14028
0 8 5 1 5558
0 8 5 3 390
0 8 5 7 380
0 2 6 0 2928
0 2 6 2 6806
0 2 6 4 6774
0 4 6 0 3114
0 4 6 2 8162
0 4 6 4 2560
0 8 6 0 9590
0 8 6 2 5740
0 8 6 4 2862
0 2 7 1 8846
0 2 7 3 5560
0 2 7 5 2458
0 4 7 1 5270
0 4 7 3 2614
0 4 7 5 1260
0 8 7 1 1978
0 8 7 3 7534
0 8 7 5 4470
0 2 8 10 3420
0 2 8 12 2486
0 2 8 14 2462
0 4 8 10 7522
0 4 8 12 15130
0 4 8 14 3704
0 8 8 10 750
0 8 8 12 180
0 8 8 14 5342
0 2 9 11 2542
0 2 9 13 6238
0 2 9 15 7584
0 4 9 11 4756
0 4 9 13 9102
0 4 9 15 1058
0 8 9 11 6512
0 8 9 13 5844
0 8 9 15 6594
0 2 10 8 10696
0 2 10 12 8070
0 2 10 14 3646
0 4 10 8 8068
0 4 10 12 9748
0 4 10 14 13120
0 8 10 8 1078
0 8 10 12 5062
0 8 10 14 6210
0 2 11 9 2834
0 2 11 13 8166
0 2 11 15 724
0 4 11 9 1166
0 4 11 13 5862
0 4 11 15 4584
0 8 11 9 5930
0 8 11 13 7982
0 8 11 15 5700
0 2 12 8 678
0 2 12 10 1122
0 2 12 14 3970
0 4 12 8 904
0 4 12 10 2394
0 4 12 14 1350
0 8 12 8 6896
0 8 12 10 12988
0 8 12 14 8196
0 2 13 9 3862
0 2 13 11 3014
0 2 13 15 4674
0 4 13 9 3480
0 4 13 11 1548
0 4 13 15 3442
0 8 13 9 4670
0 8 13 11 4054
0 8 13 15 3014
0 2 14 8 5662
0 2 14 10 4528
0 2 14 12 2226
0 4 14 8 488
0 4 14 10 10658
0 4 14 12 7352
0 8 14 8 7624
0 8 14 10 1654
0 8 14 12 744
0 2 15 9 10104
0 2 15 11 3024
0 2 15 13 2878
0 4 15 9 1482
0 4 15 11 414
0 4 15 13 2196
0 8 15 9 13788
0 8 15 11 3006
0 8 15 13 5948
1 3 0 2 9212
1 3 0 4 4230
1 3 0 6 11872
1 5 0 2 4908
1 5 0 4 9040
1 5 0 6 4832
1 9 0 2 20704
1 9 0 4 6516
1 9 0 6 5430
1 3 1 3 1306
1 3 1 5 13352
1 3 1 7 1792
1 5 1 3 2314
1 5 1 5 2402
1 5 1 7 5654
1 9 1 3 8712
1 9 1 5 5772
1 9 1 7 1704
1 3 2 0 1950
1 3 2 4 10718
1 3 2 6 908
1 5 2 0 324
1 5 2 4 2530
1 5 2 6 1342
1 9 2 0 16480
1 9 2 4 1888
1 9 2 6 6892
1 3 3 1 1522
1 3 3 5 856
1 3 3 7 1812
1 5 3 1 568
1 5 3 5 1542
1 5 3 7 754
1 9 3 1 4358
1 9 3 5 2716
1 9 3 7 8348
1 3 4 0 3940
1 3 4 2 13322
1 3 4 6 2128
1 5 4 0 2604
1 5 4 2 3016
1 5 4 6 708
1 9 4 0 1662
1 9 4 2 1458
1 9 4 6 782
1 3 5 1 2682
1 3 5 3 5640
1 3 5 7 8564
1 5 5 1 4820
1 5 5 3 1972
1 5 5 7 4334
1 9 5 1 2352
1 9 5 3 5280
1 9 5 7 4006
1 3 6 0 3016
1 3 6 2 6226
1 3 6 4 4566
1 5 6 0 4546
1 5 6 2 4034
1 5 6 4 1470
1 9 6 0 3686
1 9 6 2 7190
1 9 6 4 990
1 3 7 1 5644
1 3 7 3 6994
1 3 7 5 3604
1 5 7 1 2986
1 5 7 3 2314
1 5 7 5 9660
1 9 7 1 12914
1 9 7 3 5454
1 9 7 5 12644
1 3 8 10 1114
1 3 8 12 3648
1 3 8 14 4248
1 5 8 10 2276
1 5 8 12 3326
1 5 8 14 4322
1 9 8 10 1934
1 9 8 12 6168
1 9 8 14 578
1 3 9 11 2424
1 3 9 13 44
1 3 9 15 1182
1 5 9 11 4112
1 5 9 13 3018
1 5 9 15 5368
1 9 9 11 1550
1 9 9 13 3072
1 9 9 15 2030
1 3 10 8 9546
1 3 10 12 8188
1 3 10 14 624
1 5 10 8 5932
1 5 10 12 4640
1 5 10 14 6572
1 9 10 8 5844
1 9 10 12 1276
1 9 10 14 1780
1 3 11 9 1118
1 3 11 13 1172
1 3 11 15 2550
1 5 11 9 2658
1 5 11 13 3080
1 5 11 15 1264
1 9 11 9 8892
1 9 11 13 6042
1 9 11 15 4050
1 3 12 8 1250
1 3 12 10 1480
1 3 12 14 8910
1 5 12 8 1746
1 5 12 10 6310
1 5 12 14 5780
1 9 12 8 10538
1 9 12 10 1160
1 9 12 14 11304
1 3 13 9 4914
1 3 13 11 96
1 3 13 15 9082
1 5 13 9 1654
1 5 13 11 7514
1 5 13 15 1614
1 9 13 9 1856
1 9 13 11 1606
1 9 13 15 12344
1 3 14 8 378
1 3 14 10 10578
1 3 14 12 364
1 5 14 8 3194
1 5 14 10 3122
1 5 14 12 2394
1 9 14 8 1552
1 9 14 10 872
1 9 14 12 6006
1 3 15 9 1952
1 3 15 11 4936
1 3 15 13 2384
1 5 15 9 808
1 5 15 11 4826
1 5 15 13 3734
1 9 15 9 6460
1 9 15 11 2290
1 9 15 13 13074
2 6 0 2 10574
2 6 0 4 5694
2 6 0 6 4346
2 10 0 2 1162
2 10 0 4 2984
2 10 0 6 3078
2 6 1 3 3468
2 6 1 5 1316
2 6 1 7 14112
2 10 1 3 6364
2 10 1 5 2146
2 10 1 7 1162
2 6 2 0 11602
2 6 2 4 1962
2 6 2 6 2744
2 10 2 0 1458
2 10 2 4 3816
2 10 2 6 1774
2 6 3 1 4706
2 6 3 5 188
2 6 3 7 100
2 10 3 1 1658
2 10 3 5 2102
2 10 3 7 9330
2 6 4 0 462
2 6 4 2 1886
2 6 4 6 2432
2 10 4 0 10266
2 10 4 2 11050
2 10 4 6 3088
2 6 5 1 6006
2 6 5 3 11466
2 6 5 7 2898
2 10 5 1 788
2 10 5 3 14082
2 10 5 7 10604
2 6 6 0 8556
2 6 6 2 1798
2 6 6 4 2788
2 10 6 0 3216
2 10 6 2 1872
2 10 6 4 1736
2 6 7 1 574
2 6 7 3 6388
2 6 7 5 5866
2 10 7 1 502
2 10 7 3 4134
2 10 7 5 900
2 6 8 10 4676
2 6 8 12 54
2 6 8 14 1028
2 10 8 10 5022
2 10 8 12 11524
2 10 8 14 4402
2 6 9 11 4178
2 6 9 13 986
2 6 9 15 4238
2 10 9 11 7584
2 10 9 13 1180
2 10 9 15 124
2 6 10 8 3406
2 6 10 12 8880
2 6 10 14 4928
2 10 10 8 5638
2 10 10 12 7260
2 10 10 14 262
2 6 11 9 8428
2 6 11 13 914
2 6 11 15 2706
2 10 11 9 462
2 10 11 13 730
2 10 11 15 10694
2 6 12 8 8276
2 6 12 10 8054
2 6 12 14 5458
2 10 12 8 2726
2 10 12 10 1870
2 10 12 14 354
2 6 13 9 596
2 6 13 11 5430
2 6 13 15 4908
2 10 13 9 5862
2 10 13 11 266
2 10 13 15 4240
2 6 14 8 3326
2 6 14 10 2186
2 6 14 12 11196
2 10 14 8 5144
2 10 14 10 2356
2 10 14 12 9364
2 6 15 9 310
2 6 15 11 298
2 6 15 13 50
2 10 15 9 2094
2 10 15 11 7926
2 10 15 13 4810
3 7 0 2 10932
3 7 0 4 864
3 7 0 6 878
3 11 0 2 3672
3 11 0 4 7614
3 11 0 6 2966
3 7 1 3 6286
3 7 1 5 8854
3 7 1 7 5650
3 11 1 3 258
3 11 1 5 4040
3 11 1 7 2562
3 7 2 0 3956
3 7 2 4 1968
3 7 2 6 792
3 11 2 0 7448
3 11 2 4 3066
3 11 2 6 1162
3 7 3 1 5104
3 7 3 5 4700
3 7 3 7 3472
3 11 3 1 13554
3 11 3 5 1832
3 11 3 7 11314
3 7 4 0 5696
3 7 4 2 2314
3 7 4 6 2930
3 11 4 0 9870
3 11 4 2 924
3 11 4 6 5914
3 7 5 1 8284
3 7 5 3 1852
3 7 5 7 5696
3 11 5 1 1924
3 11 5 3 1442
3 11 5 7 9486
3 7 6 0 7248
3 7 6 2 6928
3 7 6 4 5628
3 11 6 0 884
3 11 6 2 1636
3 11 6 4 12196
3 7 7 1 3478
3 7 7 3 7670
3 7 7 5 2832
3 11 7 1 4610
3 11 7 3 212
3 11 7 5 2692
3 7 8 10 4876
3 7 8 12 9536
3 7 8 14 12926
3 11 8 10 4906
3 11 8 12 13636
3 11 8 14 676
3 7 9 11 6044
3 7 9 13 2362
3 7 9 15 10036
3 11 9 11 2734
3 11 9 13 2416
3 11 9 15 2724
3 7 10 8 5262
3 7 10 12 2280
3 7 10 14 8472
3 11 10 8 2404
3 11 10 12 7274
3 11 10 14 3524
3 7 11 9 5760
3 7 11 13 5092
3 7 11 15 7422
3 11 11 9 1280
3 11 11 13 8348
3 11 11 15 11188
3 7 12 8 7714
3 7 12 10 2974
3 7 12 14 2190
3 11 12 8 3746
3 11 12 10 912
3 11 12 14 8810
3 7 13 9 4774
3 7 13 11 11160
3 7 13 15 4168
3 11 13 9 38
3 11 13 11 6686
3 11 13 15 2102
3 7 14 8 3968
3 7 14 10 658
3 7 14 12 9470
3 11 14 8 840
3 11 14 10 1198
3 11 14 12 578
3 7 15 9 1916
3 7 15 11 1770
3 7 15 13 5458
3 11 15 9 3190
3 11 15 11 1508
3 11 15 13 1232
4 6 0 2 5694
4 6 0 4 7020
4 6 0 6 1832
4 12 0 2 5390
4 12 0 4 1474
4 12 0 6 7094
4 6 1 3 9898
4 6 1 5 1208
4 6 1 7 5222
4 12 1 3 16906
4 12 1 5 7750
4 12 1 7 14146
4 6 2 0 4270
4 6 2 4 2628
4 6 2 6 2996
4 12 2 0 2172
4 12 2 4 126
4 12 2 6 9954
4 6 3 1 1554
4 6 3 5 7358
4 6 3 7 2618
4 12 3 1 1450
4 12 3 5 916
4 12 3 7 2614
4 6 4 0 928
4 6 4 2 4758
4 6 4 6 13104
4 12 4 0 4504
4 12 4 2 2758
4 12 4 6 8702
4 6 5 1 2648
4 6 5 3 5274
4 6 5 7 4920
4 12 5 1 6028
4 12 5 3 10590
4 12 5 7 13162
4 6 6 0 6402
4 6 6 2 11190
4 6 6 4 10320
4 12 6 0 2734
4 12 6 2 226
4 12 6 4 2236
4 6 7 1 4948
4 6 7 3 8222
4 6 7 5 5690
4 12 7 1 1390
4 12 7 3 2822
4 12 7 5 12588
4 6 8 10 17242
4 6 8 12 4978
4 6 8 14 9862
4 12 8 10 2968
4 12 8 12 82
4 12 8 14 5968
4 6 9 11 8624
4 6 9 13 6690
4 6 9 15 5686
4 12 9 11 1508
4 12 9 13 162
4 12 9 15 1576
4 6 10 8 994
4 6 10 12 1080
4 6 10 14 5522
4 12 10 8 1228
4 12 10 12 5844
4 12 10 14 2256
4 6 11 9 11770
4 6 11 13 6146
4 6 11 15 2220
4 12 11 9 6166
4 12 11 13 1602
4 12 11 15 6252
4 6 12 8 3220
4 6 12 10 2680
4 6 12 14 826
4 12 12 8 2876
4 12 12 10 670
4 12 12 14 3940
4 6 13 9 3706
4 6 13 11 10438
4 6 13 15 2202
4 12 13 9 5052
4 12 13 11 6358
4 12 13 15 4140
4 6 14 8 4276
4 6 14 10 7422
4 6 14 12 6148
4 12 14 8 3118
4 12 14 10 4656
4 12 14 12 4516
4 6 15 9 1394
4 6 15 11 874
4 6 15 13 13494
4 12 15 9 3524
4 12 15 11 6218
4 12 15 13 1866
5 7 0 2 1112
5 7 0 4 6386
5 7 0 6 594
5 13 0 2 6390
5 13 0 4 8582
5 13 0 6 3408
5 7 1 3 3626
5 7 1 5 884
5 7 1 7 76
5 13 1 3 4820
5 13 1 5 3034
5 13 1 7 164
5 7 2 0 1212
5 7 2 4 9460
5 7 2 6 1346
5 13 2 0 1236
5 13 2 4 4952
5 13 2 6 7496
5 7 3 1 5768
5 7 3 5 3252
5 7 3 7 4410
5 13 3 1 3880
5 13 3 5 3262
5 13 3 7 9968
5 7 4 0 8848
5 7 4 2 5648
5 7 4 6 7802
5 13 4 0 4960
5 13 4 2 7750
5 13 4 6 5042
5 7 5 1 2250
5 7 5 3 9876
5 7 5 7 3488
5 13 5 1 6974
5 13 5 3 4578
5 13 5 7 8696
5 7 6 0 4818
5 7 6 2 7410
5 7 6 4 240
5 13 6 0 4662
5 13 6 2 5398
5 13 6 4 3374
5 7 7 1 1562
5 7 7 3 3390
5 7 7 5 2520
5 13 7 1 10044
5 13 7 3 7386
5 13 7 5 5438
5 7 8 10 1800
5 7 8 12 9010
5 7 8 14 4740
5 13 8 10 1680
5 13 8 12 3662
5 13 8 14 4274
5 7 9 11 12392
5 7 9 13 5294
5 7 9 15 138
5 13 9 11 4354
5 13 9 13 3010
5 13 9 15 6324
5 7 10 8 6162
5 7 10 12 8080
5 7 10 14 2728
5 13 10 8 5178
5 13 10 12 9862
5 13 10 14 1432
5 7 11 9 2190
5 7 11 13 1782
5 7 11 15 226
5 13 11 9 5156
5 13 11 13 1358
5 13 11 15 836
5 7 12 8 4668
5 7 12 10 3790
5 7 12 14 3922
5 13 12 8 1788
5 13 12 10 440
5 13 12 14 2628
5 7 13 9 8674
5 7 13 11 1144
5 7 13 15 10146
5 13 13 9 364
5 13 13 11 13082
5 13 13 15 456
5 7 14 8 6642
5 7 14 10 3224
5 7 14 12 1736
5 13 14 8 1524
5 13 14 10 5506
5 13 14 12 156
5 7 15 9 8112
5 7 15 11 4800
5 7 15 13 1688
5 13 15 9 8364
5 13 15 11 5804
5 13 15 13 734
6 14 0 2 2048
6 14 0 4 4976
6 14 0 6 782
6 14 1 3 4890
6 14 1 5 3306
6 14 1 7 4788
6 14 2 0 3824
6 14 2 4 628
6 14 2 6 2352
6 14 3 1 2080
6 14 3 5 10236
6 14 3 7 4238
6 14 4 0 4576
6 14 4 2 2770
6 14 4 6 3896
6 14 5 1 13034
6 14 5 3 8060
6 14 5 7 7828
6 14 6 0 4308
6 14 6 2 1718
6 14 6 4 6422
6 14 7 1 1952
6 14 7 3 8458
6 14 7 5 8732
6 14 8 10 6648
6 14 8 12 854
6 14 8 14 13924
6 14 9 11 6216
6 14 9 13 3512
6 14 9 15 7350
6 14 10 8 12296
6 14 10 12 3870
6 14 10 14 8172
6 14 11 9 10214
6 14 11 13 4940
6 14 11 15 1508
6 14 12 8 7874
6 14 12 10 2382
6 14 12 14 9922
6 14 13 9 1154
6 14 13 11 216
6 14 13 15 8114
6 14 14 8 2262
6 14 14 10 2982
6 14 14 12 90
6 14 15 9 5374
6 14 15 11 6040
6 14 15 13 6076
7 15 0 2 5548
7 15 0 4 7200
7 15 0 6 5696
7 15 1 3 8370
7 15 1 5 9346
7 15 1 7 5810
7 15 2 0 9748
7 15 2 4 3660
7 15 2 6 2594
7 15 3 1 4782
7 15 3 5 11526
7 15 3 7 5700
7 15 4 0 6666
7 15 4 2 1934
7 15 4 6 2034
7 15 5 1 3212
7 15 5 3 2016
7 15 5 7 446
7 15 6 0 7182
7 15 6 2 2460
7 15 6 4 3726
7 15 7 1 774
7 15 7 3 4274
7 15 7 5 11976
7 15 8 10 510
7 15 8 12 5400
7 15 8 14 4952
7 15 9 11 6450
7 15 9 13 6278
7 15 9 15 2474
7 15 10 8 2868
7 15 10 12 11882
7 15 10 14 3366
7 15 11 9 6728
7 15 11 13 304
7 15 11 15 3672
7 15 12 8 2988
7 15 12 10 818
7 15 12 14 5114
7 15 13 9 460
7 15 13 11 9122
7 15 13 15 4692
7 15 14 8 9178
7 15 14 10 10250
7 15 14 12 3174
7 15 15 9 3162
7 15 15 11 1568
7 15 15 13 858
8 10 0 2 10268
8 10 0 4 970
8 10 0 6 4360
8 12 0 2 4728
8 12 0 4 7370
8 12 0 6 698
8 10 1 3 678
8 10 1 5 9182
8 10 1 7 10022
8 12 1 3 1942
8 12 1 5 6780
8 12 1 7 5568
8 10 2 0 3756
8 10 2 4 9202
8 10 2 6 3224
8 12 2 0 1040
8 12 2 4 9286
8 12 2 6 1076
8 10 3 1 7036
8 10 3 5 3282
8 10 3 7 2864
8 12 3 1 3656
8 12 3 5 5590
8 12 3 7 2568
8 10 4 0 9760
8 10 4 2 5156
8 10 4 6 1494
8 12 4 0 13740
8 12 4 2 8966
8 12 4 6 5454
8 10 5 1 2962
8 10 5 3 2142
8 10 5 7 52
8 12 5 1 2434
8 12 5 3 2060
8 12 5 7 138
8 10 6 0 84
8 10 6 2 6094
8 10 6 4 4668
8 12 6 0 3776
8 12 6 2 3142
8 12 6 4 3192
8 10 7 1 2628
8 10 7 3 9618
8 10 7 5 6344
8 12 7 1 2956
8 12 7 3 7648
8 12 7 5 5450
8 10 8 10 10442
8 10 8 12 11142
8 10 8 14 4760
8 12 8 10 2946
8 12 8 12 794
8 12 8 14 6480
8 10 9 11 3434
8 10 9 13 3852
8 10 9 15 5034
8 12 9 11 3108
8 12 9 13 4836
8 12 9 15 634
8 10 10 8 3100
8 10 10 12 7174
8 10 10 14 5484
8 12 10 8 2296
8 12 10 12 6574
8 12 10 14 7734
8 10 11 9 7766
8 10 11 13 3090
8 10 11 15 5936
8 12 11 9 4822
8 12 11 13 1722
8 12 11 15 1148
8 10 12 8 512
8 10 12 10 5982
8 10 12 14 1334
8 12 12 8 2284
8 12 12 10 11686
8 12 12 14 1452
8 10 13 9 6118
8 10 13 11 1396
8 10 13 15 6456
8 12 13 9 1278
8 12 13 11 1504
8 12 13 15 2522
8 10 14 8 1706
8 10 14 10 1972
8 10 14 12 1270
8 12 14 8 3614
8 12 14 10 26
8 12 14 12 2008
8 10 15 9 354
8 10 15 11 1072
8 10 15 13 8542
8 12 15 9 1132
8 12 15 11 3946
8 12 15 13 446
9 11 0 2 6156
9 11 0 4 3886
9 11 0 6 6438
9 13 0 2 5544
9 13 0 4 740
9 13 0 6 10398
9 11 1 3 1076
9 11 1 5 5366
9 11 1 7 6222
9 13 1 3 976
9 13 1 5 52
9 13 1 7 10552
9 11 2 0 2
9 11 2 4 6952
9 11 2 6 1398
9 13 2 0 10140
9 13 2 4 7880
9 13 2 6 84
9 11 3 1 5018
9 11 3 5 9542
9 11 3 7 6594
9 13 3 1 4558
9 13 3 5 898
9 13 3 7 3452
9 11 4 0 4988
9 11 4 2 1116
9 11 4 6 6868
9 13 4 0 2166
9 13 4 2 8944
9 13 4 6 3632
9 11 5 1 7386
9 11 5 3 14182
9 11 5 7 2482
9 13 5 1 3298
9 13 5 3 12510
9 13 5 7 1644
9 11 6 0 296
9 11 6 2 1964
9 11 6 4 6622
9 13 6 0 5350
9 13 6 2 1908
9 13 6 4 3838
9 11 7 1 736
9 11 7 3 126
9 11 7 5 12158
9 13 7 1 1126
9 13 7 3 3938
9 13 7 5 3682
9 11 8 10 3046
9 11 8 12 3932
9 11 8 14 1162
9 13 8 10 5216
9 13 8 12 1548
9 13 8 14 9006
9 11 9 11 6786
9 11 9 13 6772
9 11 9 15 698
9 13 9 11 1922
9 13 9 13 3638
9 13 9 15 9288
9 11 10 8 406
9 11 10 12 2444
9 11 10 14 7822
9 13 10 8 2552
9 13 10 12 8720
9 13 10 14 222
9 11 11 9 1880
9 11 11 13 5104
9 11 11 15 2948
9 13 11 9 5102
9 13 11 13 160
9 13 11 15 4988
9 11 12 8 948
9 11 12 10 5752
9 11 12 14 4266
9 13 12 8 8176
9 13 12 10 2492
9 13 12 14 566
9 11 13 9 6750
9 11 13 11 262
9 11 13 15 2336
9 13 13 9 2330
9 13 13 11 8448
9 13 13 15 7890
9 11 14 8 2718
9 11 14 10 2584
9 11 14 12 9410
9 13 14 8 3114
9 13 14 10 920
9 13 14 12 5808
9 11 15 9 1536
9 11 15 11 2284
9 11 15 13 3420
9 13 15 9 378
9 13 15 11 7984
9 13 15 13 6400
10 14 0 2 5224
10 14 0 4 718
10 14 0 6 4670
10 14 1 3 5850
10 14 1 5 3272
10 14 1 7 9444
10 14 2 0 3576
10 14 2 4 2654
10 14 2 6 6266
10 14 3 1 2096
10 14 3 5 7100
10 14 3 7 6490
10 14 4 0 6806
10 14 4 2 4008
10 14 4 6 4282
10 14 5 1 4344
10 14 5 3 1158
10 14 5 7 74
10 14 6 0 3614
10 14 6 2 238
10 14 6 4 524
10 14 7 1 3894
10 14 7 3 10364
10 14 7 5 8844
10 14 8 10 7464
10 14 8 12 3480
10 14 8 14 1902
10 14 9 11 696
10 14 9 13 6082
10 14 9 15 4926
10 14 10 8 2776
10 14 10 12 3510
10 14 10 14 6886
10 14 11 9 4210
10 14 11 13 4884
10 14 11 15 6924
10 14 12 8 5746
10 14 12 10 4968
10 14 12 14 7108
10 14 13 9 260
10 14 13 11 4140
10 14 13 15 4800
10 14 14 8 3080
10 14 14 10 8582
10 14 14 12 6482
10 14 15 9 3956
10 14 15 11 4486
10 14 15 13 1364
11 15 0 2 3940
11 15 0 4 5490
11 15 0 6 1744
11 15 1 3 1610
11 15 1 5 2194
11 15 1 7 1394
11 15 2 0 9828
11 15 2 4 13476
11 15 2 6 7482
11 15 3 1 11298
11 15 3 5 8862
11 15 3 7 3918
11 15 4 0 11766
11 15 4 2 5910
11 15 4 6 6634
11 15 5 1 3896
11 15 5 3 5148
11 15 5 7 4406
11 15 6 0 6300
11 15 6 2 2520
11 15 6 4 5532
11 15 7 1 2712
11 15 7 3 8066
11 15 7 5 1794
11 15 8 10 8198
11 15 8 12 8622
11 15 8 14 1862
11 15 9 11 2204
11 15 9 13 5016
11 15 9 15 2540
11 15 10 8 4034
11 15 10 12 2190
11 15 10 14 4590
11 15 11 9 1770
11 15 11 13 910
11 15 11 15 764
11 15 12 8 3150
11 15 12 10 352
11 15 12 14 7888
11 15 13 9 4790
11 15 13 11 194
11 15 13 15 2404
11 15 14 8 6478
11 15 14 10 3774
11 15 14 12 4050
11 15 15 9 480
11 15 15 11 10724
11 15 15 13 7198
12 14 0 2 1810
12 14 0 4 1970
12 14 0 6 4032
12 14 1 3 7650
12 14 1 5 3208
12 14 1 7 6644
12 14 2 0 9808
12 14 2 4 8134
12 14 2 6 5948
12 14 3 1 4032
12 14 3 5 644
12 14 3 7 15476
12 14 4 0 752
12 14 4 2 184
12 14 4 6 3310
12 14 5 1 1232
12 14 5 3 8528
12 14 5 7 4196
12 14 6 0 4448
12 14 6 2 2766
12 14 6 4 2478
12 14 7 1 2670
12 14 7 3 2930
12 14 7 5 3194
12 14 8 10 11812
12 14 8 12 1342
12 14 8 14 6030
12 14 9 11 7774
12 14 9 13 10494
12 14 9 15 3416
12 14 10 8 3742
12 14 10 12 5222
12 14 10 14 2492
12 14 11 9 1196
12 14 11 13 4174
12 14 11 15 2896
12 14 12 8 7764
12 14 12 10 5424
12 14 12 14 7930
12 14 13 9 3118
12 14 13 11 2396
12 14 13 15 460
12 14 14 8 6950
12 14 14 10 982
12 14 14 12 3832
12 14 15 9 3014
12 14 15 11 3786
12 14 15 13 13280
13 15 0 2 5478
13 15 0 4 8322
13 15 0 6 6668
13 15 1 3 8378
13 15 1 5 10330
13 15 1 7 9360
13 15 2 0 1178
13 15 2 4 1240
13 15 2 6 808
13 15 3 1 14
13 15 3 5 994
13 15 3 7 3948
13 15 4 0 4388
13 15 4 2 306
13 15 4 6 1348
13 15 5 1 2040
13 15 5 3 6538
13 15 5 7 7142
13 15 6 0 4532
13 15 6 2 1850
13 15 6 4 5606
13 15 7 1 1230
13 15 7 3 806
13 15 7 5 3748
13 15 8 10 7138
13 15 8 12 12948
13 15 8 14 5120
13 15 9 11 2712
13 15 9 13 3862
13 15 9 15 4766
13 15 10 8 240
13 15 10 12 5048
13 15 10 14 1326
13 15 11 9 4988
13 15 11 13 3140
13 15 11 15 2474
13 15 12 8 9250
13 15 12 10 2138
13 15 12 14 5778
13 15 13 9 4572
13 15 13 11 7306
13 15 13 15 3784
13 15 14 8 11450
13 15 14 10 6732
13 15 14 12 942
13 15 15 9 852
13 15 15 11 13218
13 15 15 13 3880
