# KEY left=0xf1 right=0x57
# GOOD_PAIRS_BEGIN count=2
# GOOD_PAIR 0x01 0x85
# GOOD_PAIR 0x05 0x81
# GOOD_PAIRS_END
0 2 0 2 3264
0 2 0 4 4616
0 2 0 6 2702
0 4 0 2 4414
0 4 0 4 3734
0 4 0 6 5128
0 8 0 2 4666
0 8 0 4 10730
0 8 0 6 13982
0 2 1 3 8784
0 2 1 5 3616
0 2 1 7 5430
0 4 1 3 514
0 4 1 5 9362
0 4 1 7 1630
0 8 1 3 1004
0 8 1 5 28150
0 8 1 7 8050
0 2 2 0 8714
0 2 2 4 4690
0 2 2 6 5928
0 4 2 0 9878
0 4 2 4 3140
0 4 2 6 11962
0 8 2 0 5670
0 8 2 4 7182
0 8 2 6 3484
0 2 3 1 3546
0 2 3 5 5522
0 2 3 7 2076
0 4 3 1 5066
0 4 3 5 10786
0 4 3 7 7822
0 8 3 1 4070
0 8 3 5 4696
0 8 3 7 5964
0 2 4 0 5860
0 2 4 2 11390
0 2 4 6 1954
0 4 4 0 7106
0 4 4 2 1816
0 4 4 6 414
0 8 4 0 11268
0 8 4 2 590
0 8 4 6 10108
0 2 5 1 3892
0 2 5 3 4630
0 2 5 7 6820
0 4 5 1 4354
0 4 5 3 4806
0 4 5 7 6258
0 8 5 1 13190
0 8 5 3 1072
0 8 5 7 11076
0 2 6 0 1828
0 2 6 2 8286
0 2 6 4 1034
0 4 6 0 5856
0 4 6 2 38
0 4 6 4 12580
0 8 6 0 4718
0 8 6 2 838
0 8 6 4 9770
0 2 7 1 2304
0 2 7 3 2866
0 2 7 5 2888
0 4 7 1 6584
0 4 7 3 6072
0 4 7 5 1958
0 8 7 1 3866
0 8 7 3 3306
0 8 7 5 5276
0 2 8 10 512
0 2 8 12 4560
0 2 8 14 2370
0 4 8 10 1676
0 4 8 12 3192
0 4 8 14 5836
0 8 8 10 6824
0 8 8 12 6512
0 8 8 14 3410
0 2 9 11 4578
0 2 9 13 2052
0 2 9 15 2410
0 4 9 11 3668
0 4 9 13 8610
0 4 9 15 4286
0 8 9 11 2024
0 8 9 13 1936
0 8 9 15 950
0 2 10 8 11328
0 2 10 12 11178
0 2 10 14 12442
0 4 10 8 196
0 4 10 12 7234
0 4 10 14 11624
0 8 10 8 9768
0 8 10 12 70
0 8 10 14 1940
0 2 11 9 3424
0 2 11 13 844
0 2 11 15 6856
0 4 11 9 8436
0 4 11 13 1946
0 4 11 15 2202
0 8 11 9 3990
0 8 11 13 4900
0 8 11 15 2604
0 2 12 8 574
0 2 12 10 10284
0 2 12 14 8658
0 4 12 8 7236
0 4 12 10 3548
0 4 12 14 5374
0 8 12 8 4030
0 8 12 10 3412
0 8 12 14 2150
0 2 13 9 3720
0 2 13 11 1304
0 2 13 15 11682
0 4 13 9 3184
0 4 13 11 20
0 4 13 15 502
0 8 13 9 11156
0 8 13 11 8170
0 8 13 15 3426
0 2 14 8 4484
0 2 14 10 3646
0 2 14 12 2098
0 4 14 8 284
0 4 14 10 5160
0 4 14 12 5918
0 8 14 8 84
0 8 14 10 2006
0 8 14 12 1610
0 2 15 9 2130
0 2 15 11 6376
0 2 15 13 1074
0 4 15 9 6164
0 4 15 11 8024
0 4 15 13 10928
0 8 15 9 4956
0 8 15 11 5758
0 8 15 13 6056
1 3 0 2 582
1 3 0 4 3644
1 3 0 6 8582
1 5 0 2 958
1 5 0 4 5662
1 5 0 6 5356
1 9 0 2 990
1 9 0 4 9480
1 9 0 6 1648
1 3 1 3 228
1 3 1 5 1176
1 3 1 7 8644
1 5 1 3 6502
1 5 1 5 4670
1 5 1 7 8008
1 9 1 3 280
1 9 1 5 4622
1 9 1 7 3568
1 3 2 0 10522
1 3 2 4 3438
1 3 2 6 5874
1 5 2 0 4946
1 5 2 4 3480
1 5 2 6 14588
1 9 2 0 4882
1 9 2 4 1148
1 9 2 6 2726
1 3 3 1 8472
1 3 3 5 3092
1 3 3 7 2176
1 5 3 1 1716
1 5 3 5 11270
1 5 3 7 8712
1 9 3 1 5978
1 9 3 5 2724
1 9 3 7 7224
1 3 4 0 194
1 3 4 2 3478
1 3 4 6 4568
1 5 4 0 3654
1 5 4 2 3238
1 5 4 6 2226
1 9 4 0 478
1 9 4 2 734
1 9 4 6 7858
1 3 5 1 5460
1 3 5 3 4064
1 3 5 7 6976
1 5 5 1 3740
1 5 5 3 6494
1 5 5 7 1110
1 9 5 1 10946
1 9 5 3 9010
1 9 5 7 262
1 3 6 0 9874
1 3 6 2 3004
1 3 6 4 1430
1 5 6 0 2930
1 5 6 2 4318
1 5 6 4 936
1 9 6 0 8506
1 9 6 2 3654
1 9 6 4 664
1 3 7 1 400
1 3 7 3 4828
1 3 7 5 2470
1 5 7 1 9562
1 5 7 3 7638
1 5 7 5 748
1 9 7 1 2656
1 9 7 3 1914
1 9 7 5 2902
1 3 8 10 1872
1 3 8 12 7494
1 3 8 14 4930
1 5 8 10 1820
1 5 8 12 6958
1 5 8 14 1862
1 9 8 10 1534
1 9 8 12 17714
1 9 8 14 11410
1 3 9 11 3270
1 3 9 13 506
1 3 9 15 748
1 5 9 11 8930
1 5 9 13 1862
1 5 9 15 4360
1 9 9 11 768
1 9 9 13 12790
1 9 9 15 9468
1 3 10 8 7002
1 3 10 12 6306
1 3 10 14 9276
1 5 10 8 5894
1 5 10 12 6574
1 5 10 14 486
1 9 10 8 2594
1 9 10 12 9474
1 9 10 14 7184
1 3 11 9 1878
1 3 11 13 846
1 3 11 15 1542
1 5 11 9 3464
1 5 11 13 10978
1 5 11 15 2486
1 9 11 9 7782
1 9 11 13 4806
1 9 11 15 6658
1 3 12 8 5760
1 3 12 10 3964
1 3 12 14 858
1 5 12 8 7366
1 5 12 10 1400
1 5 12 14 4686
1 9 12 8 7532
1 9 12 10 4174
1 9 12 14 3176
1 3 13 9 7992
1 3 13 11 8020
1 3 13 15 12394
1 5 13 9 1632
1 5 13 11 7328
1 5 13 15 3858
1 9 13 9 1182
1 9 13 11 5802
1 9 13 15 248
1 3 14 8 8594
1 3 14 10 3774
1 3 14 12 6590
1 5 14 8 5936
1 5 14 10 7370
1 5 14 12 6672
1 9 14 8 9906
1 9 14 10 4772
1 9 14 12 1018
1 3 15 9 12960
1 3 15 11 8934
1 3 15 13 1036
1 5 15 9 400
1 5 15 11 6096
1 5 15 13 9154
1 9 15 9 6024
1 9 15 11 2272
1 9 15 13 6100
2 6 0 2 94
2 6 0 4 3780
2 6 0 6 508
2 10 0 2 6538
2 10 0 4 1696
2 10 0 6 572
2 6 1 3 18450
2 6 1 5 460
2 6 1 7 10024
2 10 1 3 3988
2 10 1 5 3022
2 10 1 7 4534
2 6 2 0 2924
2 6 2 4 6358
2 6 2 6 5124
2 10 2 0 94
2 10 2 4 6342
2 10 2 6 1188
2 6 3 1 6320
2 6 3 5 5708
2 6 3 7 2224
2 10 3 1 1510
2 10 3 5 3542
2 10 3 7 3834
2 6 4 0 4492
2 6 4 2 8476
2 6 4 6 8288
2 10 4 0 714
2 10 4 2 6296
2 10 4 6 4406
2 6 5 1 5564
2 6 5 3 7864
2 6 5 7 556
2 10 5 1 12240
2 10 5 3 5814
2 10 5 7 1204
2 6 6 0 716
2 6 6 2 1198
2 6 6 4 5230
2 10 6 0 2440
2 10 6 2 3604
2 10 6 4 664
2 6 7 1 4844
2 6 7 3 3262
2 6 7 5 2240
2 10 7 1 8728
2 10 7 3 420
2 10 7 5 6462
2 6 8 10 1614
2 6 8 12 3114
2 6 8 14 2962
2 10 8 10 5700
2 10 8 12 9098
2 10 8 14 1010
2 6 9 11 8948
2 6 9 13 630
2 6 9 15 7684
2 10 9 11 6014
2 10 9 13 14424
2 10 9 15 10380
2 6 10 8 12290
2 6 10 12 3362
2 6 10 14 10762
2 10 10 8 4984
2 10 10 12 304
2 10 10 14 5370
2 6 11 9 2880
2 6 11 13 850
2 6 11 15 6518
2 10 11 9 30
2 10 11 13 1650
2 10 11 15 5540
2 6 12 8 9708
2 6 12 10 8092
2 6 12 14 5050
2 10 12 8 2776
2 10 12 10 3416
2 10 12 14 1286
2 6 13 9 10290
2 6 13 11 3348
2 6 13 15 12704
2 10 13 9 5936
2 10 13 11 5454
2 10 13 15 1526
2 6 14 8 790
2 6 14 10 5928
2 6 14 12 2034
2 10 14 8 7682
2 10 14 10 68
2 10 14 12 5030
2 6 15 9 1844
2 6 15 11 7006
2 6 15 13 6748
2 10 15 9 8092
2 10 15 11 1252
2 10 15 13 3856
3 7 0 2 990
3 7 0 4 1106
3 7 0 6 838
3 11 0 2 3938
3 11 0 4 570
3 11 0 6 8206
3 7 1 3 5176
3 7 1 5 6364
3 7 1 7 9624
3 11 1 3 2842
3 11 1 5 822
3 11 1 7 5306
3 7 2 0 7182
3 7 2 4 1502
3 7 2 6 2238
3 11 2 0 5764
3 11 2 4 6842
3 11 2 6 8650
3 7 3 1 4730
3 7 3 5 1116
3 7 3 7 10604
3 11 3 1 1826
3 11 3 5 3004
3 11 3 7 8674
3 7 4 0 21236
3 7 4 2 11568
3 7 4 6 9298
3 11 4 0 4000
3 11 4 2 1620
3 11 4 6 2064
3 7 5 1 6708
3 7 5 3 1050
3 7 5 7 3042
3 11 5 1 680
3 11 5 3 7886
3 11 5 7 4524
3 7 6 0 1256
3 7 6 2 2324
3 7 6 4 2426
3 11 6 0 3394
3 11 6 2 9942
3 11 6 4 8058
3 7 7 1 2624
3 7 7 3 2390
3 7 7 5 512
3 11 7 1 3908
3 11 7 3 12032
3 11 7 5 2278
3 7 8 10 7446
3 7 8 12 3378
3 7 8 14 5204
3 11 8 10 1154
3 11 8 12 4278
3 11 8 14 4848
3 7 9 11 9438
3 7 9 13 6160
3 7 9 15 3192
3 11 9 11 1812
3 11 9 13 2480
3 11 9 15 11406
3 7 10 8 4742
3 7 10 12 2302
3 7 10 14 6052
3 11 10 8 1062
3 11 10 12 3718
3 11 10 14 818
3 7 11 9 1460
3 7 11 13 3362
3 7 11 15 3412
3 11 11 9 9334
3 11 11 13 8086
3 11 11 15 428
3 7 12 8 404
3 7 12 10 3458
3 7 12 14 2792
3 11 12 8 380
3 11 12 10 2030
3 11 12 14 2084
3 7 13 9 1852
3 7 13 11 848
3 7 13 15 3838
3 11 13 9 6302
3 11 13 11 10392
3 11 13 15 454
3 7 14 8 6434
3 7 14 10 7326
3 7 14 12 4126
3 11 14 8 124
3 11 14 10 1872
3 11 14 12 12264
3 7 15 9 13732
3 7 15 11 3098
3 7 15 13 3556
3 11 15 9 1014
3 11 15 11 172
3 11 15 13 2038
4 6 0 2 2458
4 6 0 4 14932
4 6 0 6 2898
4 12 0 2 3736
4 12 0 4 730
4 12 0 6 3018
4 6 1 3 3314
4 6 1 5 6346
4 6 1 7 6834
4 12 1 3 5028
4 12 1 5 1624
4 12 1 7 7990
4 6 2 0 82
4 6 2 4 568
4 6 2 6 4992
4 12 2 0 2722
4 12 2 4 3278
4 12 2 6 4110
4 6 3 1 3542
4 6 3 5 13172
4 6 3 7 2166
4 12 3 1 8766
4 12 3 5 2066
4 12 3 7 4440
4 6 4 0 5982
4 6 4 2 1686
4 6 4 6 2780
4 12 4 0 3812
4 12 4 2 768
4 12 4 6 10410
4 6 5 1 392
4 6 5 3 1854
4 6 5 7 6012
4 12 5 1 946
4 12 5 3 2174
4 12 5 7 3516
4 6 6 0 3530
4 6 6 2 17104
4 6 6 4 16774
4 12 6 0 2152
4 12 6 2 12404
4 12 6 4 3996
4 6 7 1 9834
4 6 7 3 14308
4 6 7 5 1560
4 12 7 1 1990
4 12 7 3 1726
4 12 7 5 482
4 6 8 10 4396
4 6 8 12 8886
4 6 8 14 4030
4 12 8 10 5994
4 12 8 12 11120
4 12 8 14 3098
4 6 9 11 2740
4 6 9 13 3194
4 6 9 15 13336
4 12 9 11 6436
4 12 9 13 6592
4 12 9 15 2384
4 6 10 8 5738
4 6 10 12 10022
4 6 10 14 7258
4 12 10 8 1244
4 12 10 12 5134
4 12 10 14 10544
4 6 11 9 980
4 6 11 13 4174
4 6 11 15 772
4 12 11 9 5782
4 12 11 13 10572
4 12 11 15 1446
4 6 12 8 552
4 6 12 10 5344
4 6 12 14 8648
4 12 12 8 3274
4 12 12 10 5192
4 12 12 14 6384
4 6 13 9 1308
4 6 13 11 2594
4 6 13 15 13286
4 12 13 9 4716
4 12 13 11 3084
4 12 13 15 3042
4 6 14 8 5108
4 6 14 10 3606
4 6 14 12 4060
4 12 14 8 6958
4 12 14 10 9192
4 12 14 12 8320
4 6 15 9 5020
4 6 15 11 7512
4 6 15 13 6218
4 12 15 9 6016
4 12 15 11 4550
4 12 15 13 4878
5 7 0 2 5594
5 7 0 4 630
5 7 0 6 3960
5 13 0 2 2606
5 13 0 4 66
5 13 0 6 11348
5 7 1 3 5140
5 7 1 5 1202
5 7 1 7 12
5 13 1 3 5046
5 13 1 5 2912
5 13 1 7 2310
5 7 2 0 4268
5 7 2 4 470
5 7 2 6 1220
5 13 2 0 6900
5 13 2 4 3804
5 13 2 6 282
5 7 3 1 6018
5 7 3 5 2474
5 7 3 7 6018
5 13 3 1 5444
5 13 3 5 2490
5 13 3 7 8012
5 7 4 0 4118
5 7 4 2 1552
5 7 4 6 10614
5 13 4 0 3168
5 13 4 2 7792
5 13 4 6 8514
5 7 5 1 480
5 7 5 3 4196
5 7 5 7 10464
5 13 5 1 7444
5 13 5 3 4204
5 13 5 7 11264
5 7 6 0 2678
5 7 6 2 1502
5 7 6 4 5786
5 13 6 0 7840
5 13 6 2 2808
5 13 6 4 1178
5 7 7 1 1762
5 7 7 3 6462
5 7 7 5 834
5 13 7 1 6008
5 13 7 3 1022
5 13 7 5 8540
5 7 8 10 2134
5 7 8 12 1836
5 7 8 14 10098
5 13 8 10 374
5 13 8 12 922
5 13 8 14 8224
5 7 9 11 5538
5 7 9 13 2206
5 7 9 15 962
5 13 9 11 5258
5 13 9 13 6024
5 13 9 15 6722
5 7 10 8 1764
5 7 10 12 3906
5 7 10 14 1204
5 13 10 8 2430
5 13 10 12 1810
5 13 10 14 1810
5 7 11 9 1506
5 7 11 13 3954
5 7 11 15 11834
5 13 11 9 6848
5 13 11 13 6712
5 13 11 15 14962
5 7 12 8 3606
5 7 12 10 3820
5 7 12 14 618
5 13 12 8 4912
5 13 12 10 3404
5 13 12 14 886
5 7 13 9 5068
5 7 13 11 4368
5 7 13 15 194
5 13 13 9 400
5 13 13 11 1114
5 13 13 15 7166
5 7 14 8 7486
5 7 14 10 1164
5 7 14 12 1650
5 13 14 8 4184
5 13 14 10 3812
5 13 14 12 7218
5 7 15 9 10230
5 7 15 11 1426
5 7 15 13 9838
5 13 15 9 14456
5 13 15 11 1632
5 13 15 13 2686
6 14 0 2 7962
6 14 0 4 10374
6 14 0 6 8880
6 14 1 3 200
6 14 1 5 3464
6 14 1 7 526
6 14 2 0 5268
6 14 2 4 4214
6 14 2 6 8716
6 14 3 1 424
6 14 3 5 5896
6 14 3 7 8222
6 14 4 0 6786
6 14 4 2 5492
6 14 4 6 5544
6 14 5 1 4522
6 14 5 3 814
6 14 5 7 1422
6 14 6 0 3802
6 14 6 2 3714
6 14 6 4 13078
6 14 7 1 1724
6 14 7 3 912
6 14 7 5 1066
6 14 8 10 6918
6 14 8 12 3618
6 14 8 14 3526
6 14 9 11 2124
6 14 9 13 2294
6 14 9 15 5016
6 14 10 8 5046
6 14 10 12 1188
6 14 10 14 9514
6 14 11 9 1314
6 14 11 13 6580
6 14 11 15 6158
6 14 12 8 2732
6 14 12 10 10198
6 14 12 14 1090
6 14 13 9 2478
6 14 13 11 8696
6 14 13 15 8578
6 14 14 8 6774
6 14 14 10 1942
6 14 14 12 4466
6 14 15 9 2954
6 14 15 11 15084
6 14 15 13 7728
7 15 0 2 4108
7 15 0 4 2548
7 15 0 6 6904
7 15 1 3 1266
7 15 1 5 3772
7 15 1 7 4286
7 15 2 0 2368
7 15 2 4 7914
7 15 2 6 3908
7 15 3 1 806
7 15 3 5 11752
7 15 3 7 6542
7 15 4 0 6800
7 15 4 2 1956
7 15 4 6 2236
7 15 5 1 262
7 15 5 3 1280
7 15 5 7 1560
7 15 6 0 650
7 15 6 2 4582
7 15 6 4 4160
7 15 7 1 10338
7 15 7 3 5708
7 15 7 5 732
7 15 8 10 6418
7 15 8 12 7790
7 15 8 14 6116
7 15 9 11 6134
7 15 9 13 1660
7 15 9 15 3060
7 15 10 8 8690
7 15 10 12 4480
7 15 10 14 2536
7 15 11 9 280
7 15 11 13 4522
7 15 11 15 8404
7 15 12 8 1694
7 15 12 10 4100
7 15 12 14 6210
7 15 13 9 2274
7 15 13 11 11102
7 15 13 15 2822
7 15 14 8 5062
7 15 14 10 8194
7 15 14 12 14310
7 15 15 9 6170
7 15 15 11 1044
7 15 15 13 2008
8 10 0 2 5356
8 10 0 4 392
8 10 0 6 7764
8 12 0 2 2370
8 12 0 4 776
8 12 0 6 3162
8 10 1 3 9238
8 10 1 5 526
8 10 1 7 610
8 12 1 3 2060
8 12 1 5 1542
8 12 1 7 230
8 10 2 0 6990
8 10 2 4 7532
8 10 2 6 7736
8 12 2 0 4092
8 12 2 4 3330
8 12 2 6 3088
8 10 3 1 1572
8 10 3 5 7208
8 10 3 7 5242
8 12 3 1 5554
8 12 3 5 1688
8 12 3 7 6112
8 10 4 0 5546
8 10 4 2 2566
8 10 4 6 8820
8 12 4 0 294
8 12 4 2 580
8 12 4 6 1352
8 10 5 1 5766
8 10 5 3 4944
8 10 5 7 3286
8 12 5 1 470
8 12 5 3 222
8 12 5 7 1136
8 10 6 0 1734
8 10 6 2 8156
8 10 6 4 5610
8 12 6 0 8162
8 12 6 2 2312
8 12 6 4 6454
8 10 7 1 16586
8 10 7 3 7778
8 10 7 5 12096
8 12 7 1 1664
8 12 7 3 4440
8 12 7 5 4732
8 10 8 10 3316
8 10 8 12 14070
8 10 8 14 4220
8 12 8 10 7024
8 12 8 12 3728
8 12 8 14 4764
8 10 9 11 3180
8 10 9 13 304
8 10 9 15 5300
8 12 9 11 4142
8 12 9 13 6232
8 12 9 15 3766
8 10 10 8 4700
8 10 10 12 1336
8 10 10 14 5452
8 12 10 8 7408
8 12 10 12 2542
8 12 10 14 2420
8 10 11 9 1166
8 10 11 13 4174
8 10 11 15 9398
8 12 11 9 7516
8 12 11 13 5356
8 12 11 15 2338
8 10 12 8 2966
8 10 12 10 3518
8 10 12 14 13372
8 12 12 8 1244
8 12 12 10 280
8 12 12 14 2738
8 10 13 9 4174
8 10 13 11 268
8 10 13 15 6448
8 12 13 9 3288
8 12 13 11 9594
8 12 13 15 4428
8 10 14 8 5268
8 10 14 10 7160
8 10 14 12 7136
8 12 14 8 6962
8 12 14 10 11620
8 12 14 12 146
8 10 15 9 2576
8 10 15 11 2792
8 10 15 13 308
8 12 15 9 16402
8 12 15 11 4848
8 12 15 13 7260
9 11 0 2 9844
9 11 0 4 562
9 11 0 6 7552
9 13 0 2 5948
9 13 0 4 9384
9 13 0 6 4838
9 11 1 3 1608
9 11 1 5 368
9 11 1 7 9934
9 13 1 3 1932
9 13 1 5 86
9 13 1 7 2322
9 11 2 0 2702
9 11 2 4 688
9 11 2 6 3388
9 13 2 0 17702
9 13 2 4 384
9 13 2 6 8040
9 11 3 1 2054
9 11 3 5 4132
9 11 3 7 5802
9 13 3 1 2952
9 13 3 5 4570
9 13 3 7 4260
9 11 4 0 11984
9 11 4 2 1768
9 11 4 6 2038
9 13 4 0 3342
9 13 4 2 4796
9 13 4 6 4298
9 11 5 1 11372
9 11 5 3 8318
9 11 5 7 7460
9 13 5 1 6598
9 13 5 3 4682
9 13 5 7 872
9 11 6 0 2312
9 11 6 2 3214
9 11 6 4 7498
9 13 6 0 6958
9 13 6 2 5582
9 13 6 4 5370
9 11 7 1 12364
9 11 7 3 4506
9 11 7 5 2568
9 13 7 1 3466
9 13 7 3 586
9 13 7 5 2578
9 11 8 10 10038
9 11 8 12 8400
9 11 8 14 1326
9 13 8 10 15570
9 13 8 12 6852
9 13 8 14 2826
9 11 9 11 3762
9 11 9 13 2288
9 11 9 15 3328
9 13 9 11 8180
9 13 9 13 14500
9 13 9 15 4500
9 11 10 8 3070
9 11 10 12 2942
9 11 10 14 4668
9 13 10 8 3826
9 13 10 12 8122
9 13 10 14 644
9 11 11 9 1544
9 11 11 13 5820
9 11 11 15 258
9 13 11 9 3278
9 13 11 13 528
9 13 11 15 4978
9 11 12 8 1984
9 11 12 10 6514
9 11 12 14 14706
9 13 12 8 1644
9 13 12 10 11894
9 13 12 14 5350
9 11 13 9 14384
9 11 13 11 2716
9 11 13 15 5482
9 13 13 9 17728
9 13 13 11 2104
9 13 13 15 1780
9 11 14 8 464
9 11 14 10 2944
9 11 14 12 3702
9 13 14 8 834
9 13 14 10 1642
9 13 14 12 1838
9 11 15 9 6140
9 11 15 11 806
9 11 15 13 6874
9 13 15 9 5874
9 13 15 11 4050
9 13 15 13 4830
10 14 0 2 9736
10 14 0 4 9684
10 14 0 6 3628
10 14 1 3 8844
10 14 1 5 3338
10 14 1 7 6504
10 14 2 0 1952
10 14 2 4 832
10 14 2 6 11178
10 14 3 1 4660
10 14 3 5 856
10 14 3 7 8464
10 14 4 0 962
10 14 4 2 4940
10 14 4 6 3370
10 14 5 1 986
10 14 5 3 5422
10 14 5 7 5168
10 14 6 0 2656
10 14 6 2 3592
10 14 6 4 346
10 14 7 1 6276
10 14 7 3 916
10 14 7 5 532
10 14 8 10 1586
10 14 8 12 6648
10 14 8 14 3462
10 14 9 11 1724
10 14 9 13 4808
10 14 9 15 1126
10 14 10 8 6706
10 14 10 12 2468
10 14 10 14 368
10 14 11 9 1412
10 14 11 13 2632
10 14 11 15 5476
10 14 12 8 1282
10 14 12 10 2090
10 14 12 14 3080
10 14 13 9 4900
10 14 13 11 7676
10 14 13 15 4976
10 14 14 8 1742
10 14 14 10 7944
10 14 14 12 8306
10 14 15 9 2410
10 14 15 11 4432
10 14 15 13 4972
11 15 0 2 2034
11 15 0 4 5636
11 15 0 6 2836
11 15 1 3 2540
11 15 1 5 2132
11 15 1 7 9334
11 15 2 0 10912
11 15 2 4 4406
11 15 2 6 288
11 15 3 1 754
11 15 3 5 7700
11 15 3 7 882
11 15 4 0 13894
11 15 4 2 4382
11 15 4 6 4254
11 15 5 1 4992
11 15 5 3 3902
11 15 5 7 4834
11 15 6 0 7400
11 15 6 2 1798
11 15 6 4 254
11 15 7 1 1966
11 15 7 3 4158
11 15 7 5 9264
11 15 8 10 436
11 15 8 12 450
11 15 8 14 1220
11 15 9 11 3924
11 15 9 13 4232
11 15 9 15 9884
11 15 10 8 7628
11 15 10 12 4174
11 15 10 14 8408
11 15 11 9 106
11 15 11 13 10414
11 15 11 15 3246
11 15 12 8 8622
11 15 12 10 1230
11 15 12 14 2416
11 15 13 9 6264
11 15 13 11 2494
11 15 13 15 5126
11 15 14 8 5312
11 15 14 10 3654
11 15 14 12 2600
11 15 15 9 1280
11 15 15 11 4620
11 15 15 13 596
12 14 0 2 7428
12 14 0 4 6808
12 14 0 6 4552
12 14 1 3 5456
12 14 1 5 6370
12 14 1 7 2548
12 14 2 0 2188
12 14 2 4 5466
12 14 2 6 8672
12 14 3 1 3870
12 14 3 5 1020
12 14 3 7 5844
12 14 4 0 3806
12 14 4 2 9270
12 14 4 6 340
12 14 5 1 1730
12 14 5 3 6012
12 14 5 7 3976
12 14 6 0 3446
12 14 6 2 1770
12 14 6 4 4414
12 14 7 1 730
12 14 7 3 1226
12 14 7 5 1854
12 14 8 10 868
12 14 8 12 6706
12 14 8 14 9898
12 14 9 11 12
12 14 9 13 50
12 14 9 15 7934
12 14 10 8 992
12 14 10 12 1514
12 14 10 14 488
12 14 11 9 30
12 14 11 13 1750
12 14 11 15 6092
12 14 12 8 5568
12 14 12 10 2764
12 14 12 14 3230
12 14 13 9 4032
12 14 13 11 6520
12 14 13 15 654
12 14 14 8 2796
12 14 14 10 3088
12 14 14 12 8526
12 14 15 9 6898
12 14 15 11 9548
12 14 15 13 2334
13 15 0 2 4724
13 15 0 4 3406
13 15 0 6 4782
13 15 1 3 7916
13 15 1 5 7498
13 15 1 7 1566
13 15 2 0 10504
13 15 2 4 9688
13 15 2 6 4068
13 15 3 1 996
13 15 3 5 1298
13 15 3 7 8464
13 15 4 0 1872
13 15 4 2 1842
13 15 4 6 3666
13 15 5 1 1466
13 15 5 3 9596
13 15 5 7 2798
13 15 6 0 5278
13 15 6 2 9022
13 15 6 4 10940
13 15 7 1 7728
13 15 7 3 1020
13 15 7 5 1704
13 15 8 10 4818
13 15 8 12 544
13 15 8 14 3802
13 15 9 11 2412
13 15 9 13 8544
13 15 9 15 9684
13 15 10 8 1078
13 15 10 12 2674
13 15 10 14 5582
13 15 11 9 1408
13 15 11 13 9278
13 15 11 15 4992
13 15 12 8 1378
13 15 12 10 722
13 15 12 14 5984
13 15 13 9 1354
13 15 13 11 2464
13 15 13 15 2346
13 15 14 8 3650
13 15 14 10 4958
13 15 14 12 8562
13 15 15 9 8838
13 15 15 11 6212
13 15 15 13 5728
