# KEY left=0xd4 right=0x87
# GOOD_PAIRS_BEGIN count=4
# GOOD_PAIR 0x1c 0x3e
# GOOD_PAIR 0x1e 0x3c
# GOOD_PAIR 0x5c 0xde
# GOOD_PAIR 0x5e 0xdc
# GOOD_PAIRS_END
0 2 0 2 3710
0 2 0 4 3226
0 2 0 6 7640
0 4 0 2 5258
0 4 0 4 11838
0 4 0 6 3000
0 8 0 2 3410
0 8 0 4 14808
0 8 0 6 2368
0 2 1 3 5156
0 2 1 5 8610
0 2 1 7 5728
0 4 1 3 164
0 4 1 5 8912
0 4 1 7 2184
0 8 1 3 6572
0 8 1 5 8770
0 8 1 7 10070
0 2 2 0 2260
0 2 2 4 5834
0 2 2 6 1376
0 4 2 0 8608
0 4 2 4 1600
0 4 2 6 768
0 8 2 0 4196
0 8 2 4 210
0 8 2 6 7692
0 2 3 1 6530
0 2 3 5 2234
0 2 3 7 5444
0 4 3 1 522
0 4 3 5 4800
0 4 3 7 7762
0 8 3 1 3280
0 8 3 5 554
0 8 3 7 5908
0 2 4 0 5150
0 2 4 2 7498
0 2 4 6 2264
0 4 4 0 842
0 4 4 2 436
0 4 4 6 9390
0 8 4 0 5206
0 8 4 2 3966
0 8 4 6 1106
0 2 5 1 1394
0 2 5 3 3474
0 2 5 7 9540
0 4 5 1 4778
0 4 5 3 5180
0 4 5 7 1434
0 8 5 1 6082
0 8 5 3 2246
0 8 5 7 7630
0 2 6 0 36
0 2 6 2 1716
0 2 6 4 332
0 4 6 0 7540
0 4 6 2 2738
0 4 6 4 5202
0 8 6 0 790
0 8 6 2 6996
0 8 6 4 588
0 2 7 1 1300
0 2 7 3 6108
0 2 7 5 3946
0 4 7 1 7348
0 4 7 3 6260
0 4 7 5 706
0 8 7 1 1338
0 8 7 3 6714
0 8 7 5 1212
0 2 8 10 4742
0 2 8 12 5026
0 2 8 14 1272
0 4 8 10 248
0 4 8 12 3566
0 4 8 14 1162
0 8 8 10 2018
0 8 8 12 3156
0 8 8 14 5158
0 2 9 11 6956
0 2 9 13 2956
0 2 9 15 7804
0 4 9 11 354
0 4 9 13 2274
0 4 9 15 3272
0 8 9 11 4168
0 8 9 13 1768
0 8 9 15 1378
0 2 10 8 4116
0 2 10 12 8124
0 2 10 14 3992
0 4 10 8 1904
0 4 10 12 3290
0 4 10 14 3106
0 8 10 8 6076
0 8 10 12 648
0 8 10 14 2448
0 2 11 9 7070
0 2 11 13 11554
0 2 11 15 2552
0 4 11 9 3634
0 4 11 13 4342
0 4 11 15 15302
0 8 11 9 7790
0 8 11 13 3678
0 8 11 15 11822
0 2 12 8 6560
0 2 12 10 4314
0 2 12 14 2704
0 4 12 8 776
0 4 12 10 7114
0 4 12 14 1672
0 8 12 8 1298
0 8 12 10 188
0 8 12 14 11650
0 2 13 9 10596
0 2 13 11 2558
0 2 13 15 3264
0 4 13 9 1200
0 4 13 11 4348
0 4 13 15 2814
0 8 13 9 5572
0 8 13 11 5108
0 8 13 15 1998
0 2 14 8 126
0 2 14 10 2648
0 2 14 12 422
0 4 14 8 4398
0 4 14 10 428
0 4 14 12 2894
0 8 14 8 102
0 8 14 10 4386
0 8 14 12 7112
0 2 15 9 2212
0 2 15 11 3200
0 2 15 13 9108
0 4 15 9 4216
0 4 15 11 1832
0 4 15 13 10736
0 8 15 9 1022
0 8 15 11 4296
0 8 15 13 5068
1 3 0 2 890
1 3 0 4 10630
1 3 0 6 2902
1 5 0 2 4714
1 5 0 4 15414
1 5 0 6 5354
1 9 0 2 6260
1 9 0 4 9054
1 9 0 6 2538
1 3 1 3 4898
1 3 1 5 17478
1 3 1 7 3092
1 5 1 3 1902
1 5 1 5 7208
1 5 1 7 6992
1 9 1 3 5248
1 9 1 5 5042
1 9 1 7 7390
1 3 2 0 11628
1 3 2 4 7880
1 3 2 6 6000
1 5 2 0 2876
1 5 2 4 15620
1 5 2 6 5236
1 9 2 0 4802
1 9 2 4 3336
1 9 2 6 2284
1 3 3 1 2562
1 3 3 5 4502
1 3 3 7 8202
1 5 3 1 2816
1 5 3 5 8258
1 5 3 7 9438
1 9 3 1 2868
1 9 3 5 7288
1 9 3 7 6652
1 3 4 0 12582
1 3 4 2 1004
1 3 4 6 6114
1 5 4 0 2760
1 5 4 2 504
1 5 4 6 1548
1 9 4 0 11172
1 9 4 2 4028
1 9 4 6 3282
1 3 5 1 8062
1 3 5 3 2684
1 3 5 7 2800
1 5 5 1 3248
1 5 5 3 2264
1 5 5 7 2564
1 9 5 1 782
1 9 5 3 452
1 9 5 7 10466
1 3 6 0 3952
1 3 6 2 8090
1 3 6 4 15716
1 5 6 0 1916
1 5 6 2 11694
1 5 6 4 4900
1 9 6 0 4482
1 9 6 2 2964
1 9 6 4 9026
1 3 7 1 5088
1 3 7 3 184
1 3 7 5 3140
1 5 7 1 11752
1 5 7 3 5124
1 5 7 5 1772
1 9 7 1 3540
1 9 7 3 3912
1 9 7 5 9798
1 3 8 10 14810
1 3 8 12 2022
1 3 8 14 5088
1 5 8 10 2590
1 5 8 12 596
1 5 8 14 11004
1 9 8 10 5282
1 9 8 12 3440
1 9 8 14 6772
1 3 9 11 5086
1 3 9 13 352
1 3 9 15 1672
1 5 9 11 9564
1 5 9 13 6978
1 5 9 15 11076
1 9 9 11 2132
1 9 9 13 6436
1 9 9 15 5746
1 3 10 8 5360
1 3 10 12 3546
1 3 10 14 6080
1 5 10 8 10660
1 5 10 12 3718
1 5 10 14 9992
1 9 10 8 7086
1 9 10 12 1808
1 9 10 14 3838
1 3 11 9 6108
1 3 11 13 200
1 3 11 15 5116
1 5 11 9 1444
1 5 11 13 1752
1 5 11 15 2520
1 9 11 9 10340
1 9 11 13 7428
1 9 11 15 632
1 3 12 8 14444
1 3 12 10 3656
1 3 12 14 19864
1 5 12 8 4224
1 5 12 10 6642
1 5 12 14 244
1 9 12 8 8356
1 9 12 10 13734
1 9 12 14 2844
1 3 13 9 3344
1 3 13 11 2460
1 3 13 15 74
1 5 13 9 446
1 5 13 11 4798
1 5 13 15 10194
1 9 13 9 1048
1 9 13 11 1398
1 9 13 15 15794
1 3 14 8 1784
1 3 14 10 3454
1 3 14 12 20102
1 5 14 8 122
1 5 14 10 4762
1 5 14 12 4198
1 9 14 8 2460
1 9 14 10 14910
1 9 14 12 1632
1 3 15 9 3224
1 3 15 11 6042
1 3 15 13 6338
1 5 15 9 16876
1 5 15 11 4696
1 5 15 13 4010
1 9 15 9 18592
1 9 15 11 5570
1 9 15 13 1802
2 6 0 2 5272
2 6 0 4 5998
2 6 0 6 14996
2 10 0 2 3548
2 10 0 4 3118
2 10 0 6 188
2 6 1 3 1162
2 6 1 5 6870
2 6 1 7 4258
2 10 1 3 6372
2 10 1 5 1206
2 10 1 7 10804
2 6 2 0 512
2 6 2 4 5132
2 6 2 6 276
2 10 2 0 9134
2 10 2 4 1904
2 10 2 6 3244
2 6 3 1 3110
2 6 3 5 8028
2 6 3 7 8832
2 10 3 1 9294
2 10 3 5 9122
2 10 3 7 12188
2 6 4 0 4584
2 6 4 2 7534
2 6 4 6 212
2 10 4 0 2162
2 10 4 2 1274
2 10 4 6 3152
2 6 5 1 3688
2 6 5 3 328
2 6 5 7 5896
2 10 5 1 2832
2 10 5 3 3658
2 10 5 7 1966
2 6 6 0 11800
2 6 6 2 3132
2 6 6 4 8382
2 10 6 0 1298
2 10 6 2 2050
2 10 6 4 524
2 6 7 1 6246
2 6 7 3 5562
2 6 7 5 3482
2 10 7 1 2238
2 10 7 3 4670
2 10 7 5 9320
2 6 8 10 5006
2 6 8 12 8638
2 6 8 14 5770
2 10 8 10 4380
2 10 8 12 6874
2 10 8 14 964
2 6 9 11 5876
2 6 9 13 4404
2 6 9 15 3902
2 10 9 11 1828
2 10 9 13 1946
2 10 9 15 5578
2 6 10 8 6802
2 6 10 12 3834
2 6 10 14 10310
2 10 10 8 990
2 10 10 12 7736
2 10 10 14 6910
2 6 11 9 2164
2 6 11 13 308
2 6 11 15 1406
2 10 11 9 916
2 10 11 13 6716
2 10 11 15 3876
2 6 12 8 7908
2 6 12 10 8482
2 6 12 14 754
2 10 12 8 338
2 10 12 10 7146
2 10 12 14 8802
2 6 13 9 3758
2 6 13 11 8656
2 6 13 15 7836
2 10 13 9 7128
2 10 13 11 3470
2 10 13 15 15260
2 6 14 8 3200
2 6 14 10 2020
2 6 14 12 5536
2 10 14 8 3152
2 10 14 10 886
2 10 14 12 6912
2 6 15 9 3416
2 6 15 11 11746
2 6 15 13 6582
2 10 15 9 78
2 10 15 11 5040
2 10 15 13 1446
3 7 0 2 2982
3 7 0 4 4370
3 7 0 6 1862
3 11 0 2 11184
3 11 0 4 1862
3 11 0 6 122
3 7 1 3 14732
3 7 1 5 6610
3 7 1 7 504
3 11 1 3 2506
3 11 1 5 2574
3 11 1 7 234
3 7 2 0 144
3 7 2 4 1540
3 7 2 6 4902
3 11 2 0 9724
3 11 2 4 4554
3 11 2 6 2762
3 7 3 1 7028
3 7 3 5 4698
3 7 3 7 1152
3 11 3 1 1800
3 11 3 5 8542
3 11 3 7 6204
3 7 4 0 9526
3 7 4 2 1844
3 7 4 6 3556
3 11 4 0 10620
3 11 4 2 3658
3 11 4 6 1404
3 7 5 1 7614
3 7 5 3 6156
3 7 5 7 1380
3 11 5 1 3348
3 11 5 3 3578
3 11 5 7 2742
3 7 6 0 9290
3 7 6 2 1026
3 7 6 4 12500
3 11 6 0 8110
3 11 6 2 984
3 11 6 4 218
3 7 7 1 11116
3 7 7 3 982
3 7 7 5 3174
3 11 7 1 2076
3 11 7 3 4374
3 11 7 5 4812
3 7 8 10 1330
3 7 8 12 14
3 7 8 14 6470
3 11 8 10 3742
3 11 8 12 172
3 11 8 14 2594
3 7 9 11 5140
3 7 9 13 564
3 7 9 15 9624
3 11 9 11 11248
3 11 9 13 5810
3 11 9 15 3218
3 7 10 8 524
3 7 10 12 7534
3 7 10 14 12062
3 11 10 8 2176
3 11 10 12 2204
3 11 10 14 2426
3 7 11 9 546
3 7 11 13 3808
3 7 11 15 7144
3 11 11 9 2714
3 11 11 13 1696
3 11 11 15 4864
3 7 12 8 2832
3 7 12 10 5094
3 7 12 14 278
3 11 12 8 9090
3 11 12 10 658
3 11 12 14 1792
3 7 13 9 4314
3 7 13 11 248
3 7 13 15 1854
3 11 13 9 2760
3 11 13 11 8760
3 11 13 15 2370
3 7 14 8 9946
3 7 14 10 1052
3 7 14 12 10046
3 11 14 8 3966
3 11 14 10 882
3 11 14 12 1260
3 7 15 9 8184
3 7 15 11 5820
3 7 15 13 6760
3 11 15 9 3660
3 11 15 11 738
3 11 15 13 4584
4 6 0 2 7402
4 6 0 4 700
4 6 0 6 1814
4 12 0 2 11926
4 12 0 4 1868
4 12 0 6 1396
4 6 1 3 13522
4 6 1 5 3508
4 6 1 7 2882
4 12 1 3 864
4 12 1 5 1026
4 12 1 7 4244
4 6 2 0 306
4 6 2 4 9330
4 6 2 6 2392
4 12 2 0 2828
4 12 2 4 9924
4 12 2 6 548
4 6 3 1 6680
4 6 3 5 2900
4 6 3 7 1166
4 12 3 1 5306
4 12 3 5 3496
4 12 3 7 510
4 6 4 0 5792
4 6 4 2 5016
4 6 4 6 420
4 12 4 0 8688
4 12 4 2 10110
4 12 4 6 9900
4 6 5 1 1428
4 6 5 3 4448
4 6 5 7 464
4 12 5 1 7274
4 12 5 3 3454
4 12 5 7 1886
4 6 6 0 4774
4 6 6 2 3466
4 6 6 4 822
4 12 6 0 216
4 12 6 2 3948
4 12 6 4 6622
4 6 7 1 1090
4 6 7 3 6030
4 6 7 5 11544
4 12 7 1 1136
4 12 7 3 15462
4 12 7 5 1534
4 6 8 10 10254
4 6 8 12 6214
4 6 8 14 3196
4 12 8 10 7464
4 12 8 12 854
4 12 8 14 876
4 6 9 11 818
4 6 9 13 7846
4 6 9 15 7244
4 12 9 11 6272
4 12 9 13 324
4 12 9 15 4338
4 6 10 8 4266
4 6 10 12 2702
4 6 10 14 4772
4 12 10 8 596
4 12 10 12 4822
4 12 10 14 6972
4 6 11 9 5138
4 6 11 13 4764
4 6 11 15 3494
4 12 11 9 6198
4 12 11 13 5762
4 12 11 15 3014
4 6 12 8 3368
4 6 12 10 4616
4 6 12 14 10092
4 12 12 8 2970
4 12 12 10 3354
4 12 12 14 16316
4 6 13 9 4404
4 6 13 11 4636
4 6 13 15 3212
4 12 13 9 2158
4 12 13 11 11022
4 12 13 15 10784
4 6 14 8 9464
4 6 14 10 3272
4 6 14 12 4314
4 12 14 8 9740
4 12 14 10 14348
4 12 14 12 4884
4 6 15 9 5932
4 6 15 11 6230
4 6 15 13 8018
4 12 15 9 2160
4 12 15 11 3554
4 12 15 13 13804
5 7 0 2 308
5 7 0 4 748
5 7 0 6 86
5 13 0 2 472
5 13 0 4 2002
5 13 0 6 5432
5 7 1 3 14740
5 7 1 5 1168
5 7 1 7 14320
5 13 1 3 2812
5 13 1 5 1818
5 13 1 7 1778
5 7 2 0 10626
5 7 2 4 964
5 7 2 6 3294
5 13 2 0 1390
5 13 2 4 5862
5 13 2 6 3310
5 7 3 1 8488
5 7 3 5 4492
5 7 3 7 1484
5 13 3 1 5224
5 13 3 5 376
5 13 3 7 3636
5 7 4 0 6472
5 7 4 2 1220
5 7 4 6 2624
5 13 4 0 760
5 13 4 2 1776
5 13 4 6 668
5 7 5 1 10952
5 7 5 3 7796
5 7 5 7 4652
5 13 5 1 2308
5 13 5 3 4318
5 13 5 7 3196
5 7 6 0 8582
5 7 6 2 2516
5 7 6 4 7850
5 13 6 0 10410
5 13 6 2 1284
5 13 6 4 12574
5 7 7 1 8928
5 7 7 3 7790
5 7 7 5 2878
5 13 7 1 74
5 13 7 3 1524
5 13 7 5 4172
5 7 8 10 170
5 7 8 12 1434
5 7 8 14 228
5 13 8 10 1842
5 13 8 12 3674
5 13 8 14 5646
5 7 9 11 2606
5 7 9 13 4500
5 7 9 15 3692
5 13 9 11 2032
5 13 9 13 6116
5 13 9 15 3690
5 7 10 8 2172
5 7 10 12 3050
5 7 10 14 5954
5 13 10 8 3098
5 13 10 12 8378
5 13 10 14 1808
5 7 11 9 11192
5 7 11 13 13382
5 7 11 15 3918
5 13 11 9 4612
5 13 11 13 5468
5 13 11 15 1186
5 7 12 8 3452
5 7 12 10 796
5 7 12 14 2362
5 13 12 8 3282
5 13 12 10 1156
5 13 12 14 14726
5 7 13 9 4350
5 7 13 11 6372
5 7 13 15 2550
5 13 13 9 2404
5 13 13 11 2250
5 13 13 15 1974
5 7 14 8 1822
5 7 14 10 546
5 7 14 12 790
5 13 14 8 24
5 13 14 10 5392
5 13 14 12 17874
5 7 15 9 11492
5 7 15 11 1464
5 7 15 13 1696
5 13 15 9 3442
5 13 15 11 6916
5 13 15 13 228
6 14 0 2 2492
6 14 0 4 8412
6 14 0 6 2248
6 14 1 3 7570
6 14 1 5 1260
6 14 1 7 228
6 14 2 0 10696
6 14 2 4 1922
6 14 2 6 2502
6 14 3 1 4272
6 14 3 5 4756
6 14 3 7 268
6 14 4 0 2814
6 14 4 2 5840
6 14 4 6 4398
6 14 5 1 1750
6 14 5 3 276
6 14 5 7 1220
6 14 6 0 974
6 14 6 2 11442
6 14 6 4 5160
6 14 7 1 7914
6 14 7 3 222
6 14 7 5 4020
6 14 8 10 8370
6 14 8 12 800
6 14 8 14 3844
6 14 9 11 4444
6 14 9 13 1412
6 14 9 15 6542
6 14 10 8 1244
6 14 10 12 6628
6 14 10 14 24
6 14 11 9 7550
6 14 11 13 7032
6 14 11 15 4646
6 14 12 8 9226
6 14 12 10 4762
6 14 12 14 800
6 14 13 9 16050
6 14 13 11 1782
6 14 13 15 3266
6 14 14 8 5684
6 14 14 10 4896
6 14 14 12 4626
6 14 15 9 4074
6 14 15 11 30
6 14 15 13 3160
7 15 0 2 6924
7 15 0 4 4374
7 15 0 6 3256
7 15 1 3 11138
7 15 1 5 7594
7 15 1 7 820
7 15 2 0 4876
7 15 2 4 838
7 15 2 6 2748
7 15 3 1 6020
7 15 3 5 2278
7 15 3 7 7930
7 15 4 0 10448
7 15 4 2 212
7 15 4 6 10044
7 15 5 1 3234
7 15 5 3 3452
7 15 5 7 654
7 15 6 0 4356
7 15 6 2 2682
7 15 6 4 3038
7 15 7 1 5320
7 15 7 3 3684
7 15 7 5 2908
7 15 8 10 4990
7 15 8 12 11022
7 15 8 14 4234
7 15 9 11 5568
7 15 9 13 8518
7 15 9 15 8742
7 15 10 8 1468
7 15 10 12 4278
7 15 10 14 158
7 15 11 9 2976
7 15 11 13 2392
7 15 11 15 686
7 15 12 8 1222
7 15 12 10 8112
7 15 12 14 4016
7 15 13 9 9372
7 15 13 11 3606
7 15 13 15 1850
7 15 14 8 1448
7 15 14 10 4666
7 15 14 12 10036
7 15 15 9 5378
7 15 15 11 7218
7 15 15 13 10890
8 10 0 2 978
8 10 0 4 5382
8 10 0 6 1416
8 12 0 2 4934
8 12 0 4 2618
8 12 0 6 5080
8 10 1 3 6374
8 10 1 5 904
8 10 1 7 10014
8 12 1 3 4330
8 12 1 5 4900
8 12 1 7 1724
8 10 2 0 4266
8 10 2 4 5138
8 10 2 6 10056
8 12 2 0 1736
8 12 2 4 2764
8 12 2 6 8530
8 10 3 1 2886
8 10 3 5 5140
8 10 3 7 228
8 12 3 1 2576
8 12 3 5 2974
8 12 3 7 4742
8 10 4 0 5798
8 10 4 2 2830
8 10 4 6 7702
8 12 4 0 5210
8 12 4 2 1572
8 12 4 6 3650
8 10 5 1 10132
8 10 5 3 3280
8 10 5 7 4000
8 12 5 1 2280
8 12 5 3 860
8 12 5 7 6444
8 10 6 0 7612
8 10 6 2 11610
8 10 6 4 3652
8 12 6 0 12684
8 12 6 2 1790
8 12 6 4 120
8 10 7 1 1444
8 10 7 3 6932
8 10 7 5 6186
8 12 7 1 1322
8 12 7 3 13886
8 12 7 5 4886
8 10 8 10 14532
8 10 8 12 1384
8 10 8 14 3778
8 12 8 10 1442
8 12 8 12 2216
8 12 8 14 9326
8 10 9 11 4176
8 10 9 13 4170
8 10 9 15 2904
8 12 9 11 5034
8 12 9 13 3814
8 12 9 15 4638
8 10 10 8 1380
8 10 10 12 172
8 10 10 14 3792
8 12 10 8 11780
8 12 10 12 6572
8 12 10 14 438
8 10 11 9 7274
8 10 11 13 4596
8 10 11 15 388
8 12 11 9 2776
8 12 11 13 11044
8 12 11 15 7114
8 10 12 8 4254
8 10 12 10 9346
8 10 12 14 4154
8 12 12 8 4738
8 12 12 10 3366
8 12 12 14 8292
8 10 13 9 8440
8 10 13 11 8848
8 10 13 15 4446
8 12 13 9 3324
8 12 13 11 3270
8 12 13 15 732
8 10 14 8 15634
8 10 14 10 8182
8 10 14 12 1558
8 12 14 8 8300
8 12 14 10 3584
8 12 14 12 596
8 10 15 9 7620
8 10 15 11 4944
8 10 15 13 6442
8 12 15 9 3530
8 12 15 11 3736
8 12 15 13 5406
9 11 0 2 10738
9 11 0 4 13236
9 11 0 6 2690
9 13 0 2 4384
9 13 0 4 6780
9 13 0 6 858
9 11 1 3 10364
9 11 1 5 4208
9 11 1 7 4240
9 13 1 3 7096
9 13 1 5 2028
9 13 1 7 224
9 11 2 0 2530
9 11 2 4 15258
9 11 2 6 3888
9 13 2 0 12026
9 13 2 4 82
9 13 2 6 5362
9 11 3 1 830
9 11 3 5 4788
9 11 3 7 808
9 13 3 1 9010
9 13 3 5 3584
9 13 3 7 3820
9 11 4 0 5300
9 11 4 2 6346
9 11 4 6 2070
9 13 4 0 906
9 13 4 2 426
9 13 4 6 554
9 11 5 1 3732
9 11 5 3 11366
9 11 5 7 5178
9 13 5 1 2942
9 13 5 3 1712
9 13 5 7 1032
9 11 6 0 11444
9 11 6 2 370
9 11 6 4 10716
9 13 6 0 8
9 13 6 2 3968
9 13 6 4 7540
9 11 7 1 240
9 11 7 3 6750
9 11 7 5 1740
9 13 7 1 5720
9 13 7 3 2872
9 13 7 5 1828
9 11 8 10 354
9 11 8 12 12738
9 11 8 14 4698
9 13 8 10 3166
9 13 8 12 3400
9 13 8 14 12440
9 11 9 11 11122
9 11 9 13 3048
9 11 9 15 7886
9 13 9 11 2628
9 13 9 13 4806
9 13 9 15 4754
9 11 10 8 7942
9 11 10 12 2944
9 11 10 14 8406
9 13 10 8 9192
9 13 10 12 9474
9 13 10 14 2538
9 11 11 9 1562
9 11 11 13 13004
9 11 11 15 1152
9 13 11 9 5912
9 13 11 13 3888
9 13 11 15 512
9 11 12 8 1148
9 11 12 10 1112
9 11 12 14 4488
9 13 12 8 2652
9 13 12 10 2100
9 13 12 14 1956
9 11 13 9 5648
9 11 13 11 6020
9 11 13 15 4928
9 13 13 9 2722
9 13 13 11 1140
9 13 13 15 1534
9 11 14 8 5764
9 11 14 10 3204
9 11 14 12 3980
9 13 14 8 11598
9 13 14 10 9118
9 13 14 12 3914
9 11 15 9 8078
9 11 15 11 2152
9 11 15 13 1680
9 13 15 9 1242
9 13 15 11 9814
9 13 15 13 6364
10 14 0 2 980
10 14 0 4 6726
10 14 0 6 10638
10 14 1 3 3448
10 14 1 5 5920
10 14 1 7 9350
10 14 2 0 540
10 14 2 4 1856
10 14 2 6 1552
10 14 3 1 3520
10 14 3 5 8428
10 14 3 7 1850
10 14 4 0 11716
10 14 4 2 11128
10 14 4 6 1818
10 14 5 1 3426
10 14 5 3 4214
10 14 5 7 864
10 14 6 0 3316
10 14 6 2 9988
10 14 6 4 7986
10 14 7 1 13486
10 14 7 3 6516
10 14 7 5 132
10 14 8 10 40
10 14 8 12 380
10 14 8 14 7316
10 14 9 11 8476
10 14 9 13 5634
10 14 9 15 6300
10 14 10 8 15208
10 14 10 12 6352
10 14 10 14 1350
10 14 11 9 14340
10 14 11 13 1490
10 14 11 15 5202
10 14 12 8 12244
10 14 12 10 3618
10 14 12 14 1560
10 14 13 9 4042
10 14 13 11 3870
10 14 13 15 5552
10 14 14 8 508
10 14 14 10 2654
10 14 14 12 5126
10 14 15 9 9230
10 14 15 11 5986
10 14 15 13 6848
11 15 0 2 840
11 15 0 4 4204
11 15 0 6 7664
11 15 1 3 1588
11 15 1 5 3726
11 15 1 7 10680
11 15 2 0 10786
11 15 2 4 1240
11 15 2 6 11838
11 15 3 1 6264
11 15 3 5 3792
11 15 3 7 10106
11 15 4 0 188
11 15 4 2 2948
11 15 4 6 5124
11 15 5 1 3146
11 15 5 3 7384
11 15 5 7 1676
11 15 6 0 506
11 15 6 2 778
11 15 6 4 13004
11 15 7 1 1148
11 15 7 3 316
11 15 7 5 4492
11 15 8 10 3560
11 15 8 12 8964
11 15 8 14 10630
11 15 9 11 3996
11 15 9 13 7472
11 15 9 15 6182
11 15 10 8 264
11 15 10 12 6236
11 15 10 14 6806
11 15 11 9 2098
11 15 11 13 5474
11 15 11 15 7718
11 15 12 8 3532
11 15 12 10 5144
11 15 12 14 2674
11 15 13 9 1580
11 15 13 11 384
11 15 13 15 1068
11 15 14 8 2838
11 15 14 10 2080
11 15 14 12 8280
11 15 15 9 3964
11 15 15 11 3994
11 15 15 13 5154
12 14 0 2 12134
12 14 0 4 4540
12 14 0 6 3512
12 14 1 3 1096
12 14 1 5 744
12 14 1 7 8540
12 14 2 0 1644
12 14 2 4 9500
12 14 2 6 4272
12 14 3 1 782
12 14 3 5 2670
12 14 3 7 9036
12 14 4 0 6020
12 14 4 2 5412
12 14 4 6 7122
12 14 5 1 4758
12 14 5 3 378
12 14 5 7 3546
12 14 6 0 1254
12 14 6 2 2660
12 14 6 4 12150
12 14 7 1 2772
12 14 7 3 3840
12 14 7 5 2596
12 14 8 10 2732
12 14 8 12 3504
12 14 8 14 18698
12 14 9 11 3708
12 14 9 13 2632
12 14 9 15 7832
12 14 10 8 714
12 14 10 12 2662
12 14 10 14 9070
12 14 11 9 240
12 14 11 13 11374
12 14 11 15 7452
12 14 12 8 5772
12 14 12 10 14492
12 14 12 14 580
12 14 13 9 404
12 14 13 11 7816
12 14 13 15 548
12 14 14 8 3782
12 14 14 10 440
12 14 14 12 6842
12 14 15 9 11114
12 14 15 11 4306
12 14 15 13 6428
13 15 0 2 1910
13 15 0 4 1252
13 15 0 6 7656
13 15 1 3 5934
13 15 1 5 8166
13 15 1 7 9902
13 15 2 0 2742
13 15 2 4 1688
13 15 2 6 3082
13 15 3 1 5698
13 15 3 5 5768
13 15 3 7 7746
13 15 4 0 3952
13 15 4 2 4282
13 15 4 6 1428
13 15 5 1 924
13 15 5 3 2576
13 15 5 7 3104
13 15 6 0 4910
13 15 6 2 6558
13 15 6 4 7366
13 15 7 1 5422
13 15 7 3 1058
13 15 7 5 6802
13 15 8 10 4686
13 15 8 12 3268
13 15 8 14 8978
13 15 9 11 106
13 15 9 13 6268
13 15 9 15 1340
13 15 10 8 8696
13 15 10 12 12122
13 15 10 14 5012
13 15 11 9 7062
13 15 11 13 11488
13 15 11 15 6
13 15 12 8 2624
13 15 12 10 3502
13 15 12 14 2734
13 15 13 9 14240
13 15 13 11 9506
13 15 13 15 12724
13 15 14 8 7344
13 15 14 10 5036
13 15 14 12 7582
13 15 15 9 444
13 15 15 11 3586
13 15 15 13 3340
