# KEY left=0x11 right=0x28
# GOOD_PAIRS_BEGIN count=2
# GOOD_PAIR 0x09 0x4b
# GOOD_PAIR 0x0b 0x49
# GOOD_PAIRS_END
0 2 0 2 1866
0 2 0 4 5848
0 2 0 6 1504
0 4 0 2 1046
0 4 0 4 1434
0 4 0 6 3842
0 8 0 2 946
0 8 0 4 2306
0 8 0 6 1872
0 2 1 3 8984
0 2 1 5 3344
0 2 1 7 13196
0 4 1 3 7346
0 4 1 5 6914
0 4 1 7 4584
0 8 1 3 3388
0 8 1 5 11412
0 8 1 7 6716
0 2 2 0 1484
0 2 2 4 8810
0 2 2 6 654
0 4 2 0 4468
0 4 2 4 1918
0 4 2 6 2678
0 8 2 0 2008
0 8 2 4 2588
0 8 2 6 64
0 2 3 1 8524
0 2 3 5 1938
0 2 3 7 2370
0 4 3 1 4440
0 4 3 5 3222
0 4 3 7 3046
0 8 3 1 5324
0 8 3 5 1602
0 8 3 7 8938
0 2 4 0 2860
0 2 4 2 762
0 2 4 6 3502
0 4 4 0 11132
0 4 4 2 11808
0 4 4 6 3880
0 8 4 0 4380
0 8 4 2 2722
0 8 4 6 694
0 2 5 1 3784
0 2 5 3 8180
0 2 5 7 1882
0 4 5 1 1680
0 4 5 3 8120
0 4 5 7 10488
0 8 5 1 7342
0 8 5 3 1142
0 8 5 7 506
0 2 6 0 10250
0 2 6 2 10932
0 2 6 4 1058
0 4 6 0 1062
0 4 6 2 910
0 4 6 4 4958
0 8 6 0 10418
0 8 6 2 9622
0 8 6 4 3368
0 2 7 1 924
0 2 7 3 646
0 2 7 5 5994
0 4 7 1 7466
0 4 7 3 8010
0 4 7 5 2132
0 8 7 1 3598
0 8 7 3 4742
0 8 7 5 1644
0 2 8 10 1626
0 2 8 12 4054
0 2 8 14 4738
0 4 8 10 2504
0 4 8 12 3810
0 4 8 14 1268
0 8 8 10 208
0 8 8 12 130
0 8 8 14 1486
0 2 9 11 2668
0 2 9 13 714
0 2 9 15 2592
0 4 9 11 25954
0 4 9 13 3958
0 4 9 15 6798
0 8 9 11 13330
0 8 9 13 2698
0 8 9 15 4950
0 2 10 8 4974
0 2 10 12 5868
0 2 10 14 26
0 4 10 8 7932
0 4 10 12 4522
0 4 10 14 10178
0 8 10 8 6776
0 8 10 12 934
0 8 10 14 8522
0 2 11 9 11448
0 2 11 13 8260
0 2 11 15 5752
0 4 11 9 16048
0 4 11 13 4926
0 4 11 15 3308
0 8 11 9 1680
0 8 11 13 3720
0 8 11 15 598
0 2 12 8 7546
0 2 12 10 2286
0 2 12 14 8322
0 4 12 8 3200
0 4 12 10 2138
0 4 12 14 8202
0 8 12 8 6806
0 8 12 10 15626
0 8 12 14 154
0 2 13 9 3426
0 2 13 11 11574
0 2 13 15 5716
0 4 13 9 6660
0 4 13 11 3284
0 4 13 15 4430
0 8 13 9 1390
0 8 13 11 3736
0 8 13 15 1060
0 2 14 8 4788
0 2 14 10 2874
0 2 14 12 8882
0 4 14 8 5196
0 4 14 10 2224
0 4 14 12 7740
0 8 14 8 7290
0 8 14 10 6748
0 8 14 12 3158
0 2 15 9 1130
0 2 15 11 10352
0 2 15 13 5494
0 4 15 9 3154
0 4 15 11 10542
0 4 15 13 438
0 8 15 9 5240
0 8 15 11 3066
0 8 15 13 106
1 3 0 2 8104
1 3 0 4 2902
1 3 0 6 7046
1 5 0 2 4616
1 5 0 4 7574
1 5 0 6 4570
1 9 0 2 6322
1 9 0 4 430
1 9 0 6 2556
1 3 1 3 2636
1 3 1 5 1072
1 3 1 7 5722
1 5 1 3 1510
1 5 1 5 7062
1 5 1 7 3300
1 9 1 3 2852
1 9 1 5 7882
1 9 1 7 2672
1 3 2 0 2398
1 3 2 4 1618
1 3 2 6 3130
1 5 2 0 3082
1 5 2 4 1894
1 5 2 6 8380
1 9 2 0 4610
1 9 2 4 7906
1 9 2 6 914
1 3 3 1 9652
1 3 3 5 512
1 3 3 7 7232
1 5 3 1 2946
1 5 3 5 506
1 5 3 7 2730
1 9 3 1 1054
1 9 3 5 11830
1 9 3 7 2330
1 3 4 0 2250
1 3 4 2 5548
1 3 4 6 3314
1 5 4 0 3512
1 5 4 2 12818
1 5 4 6 1006
1 9 4 0 670
1 9 4 2 5426
1 9 4 6 4976
1 3 5 1 2880
1 3 5 3 4714
1 3 5 7 9092
1 5 5 1 778
1 5 5 3 7288
1 5 5 7 2610
1 9 5 1 898
1 9 5 3 2608
1 9 5 7 2774
1 3 6 0 6248
1 3 6 2 6046
1 3 6 4 2768
1 5 6 0 3292
1 5 6 2 7318
1 5 6 4 4198
1 9 6 0 3008
1 9 6 2 4524
1 9 6 4 4016
1 3 7 1 2358
1 3 7 3 5584
1 3 7 5 7874
1 5 7 1 6796
1 5 7 3 5590
1 5 7 5 934
1 9 7 1 1200
1 9 7 3 3122
1 9 7 5 5852
1 3 8 10 15580
1 3 8 12 3590
1 3 8 14 4222
1 5 8 10 976
1 5 8 12 2568
1 5 8 14 10084
1 9 8 10 3248
1 9 8 12 2126
1 9 8 14 1432
1 3 9 11 4308
1 3 9 13 1216
1 3 9 15 4146
1 5 9 11 12986
1 5 9 13 7326
1 5 9 15 3214
1 9 9 11 1908
1 9 9 13 5984
1 9 9 15 4428
1 3 10 8 1534
1 3 10 12 982
1 3 10 14 1098
1 5 10 8 12188
1 5 10 12 8184
1 5 10 14 4212
1 9 10 8 4038
1 9 10 12 2564
1 9 10 14 2428
1 3 11 9 198
1 3 11 13 1132
1 3 11 15 3092
1 5 11 9 5854
1 5 11 13 1132
1 5 11 15 4050
1 9 11 9 1264
1 9 11 13 3468
1 9 11 15 5352
1 3 12 8 1796
1 3 12 10 6722
1 3 12 14 3414
1 5 12 8 138
1 5 12 10 8034
1 5 12 14 6624
1 9 12 8 4238
1 9 12 10 2472
1 9 12 14 6282
1 3 13 9 2146
1 3 13 11 5450
1 3 13 15 3580
1 5 13 9 4974
1 5 13 11 10580
1 5 13 15 1748
1 9 13 9 4940
1 9 13 11 1934
1 9 13 15 6842
1 3 14 8 2142
1 3 14 10 8056
1 3 14 12 3918
1 5 14 8 1284
1 5 14 10 9336
1 5 14 12 1512
1 9 14 8 12686
1 9 14 10 13022
1 9 14 12 9440
1 3 15 9 7424
1 3 15 11 1100
1 3 15 13 2572
1 5 15 9 7024
1 5 15 11 7162
1 5 15 13 2106
1 9 15 9 3322
1 9 15 11 8394
1 9 15 13 8734
2 6 0 2 6970
2 6 0 4 10528
2 6 0 6 3704
2 10 0 2 4900
2 10 0 4 2590
2 10 0 6 3890
2 6 1 3 10284
2 6 1 5 2104
2 6 1 7 8992
2 10 1 3 1120
2 10 1 5 2266
2 10 1 7 3582
2 6 2 0 7064
2 6 2 4 12518
2 6 2 6 5100
2 10 2 0 5260
2 10 2 4 1914
2 10 2 6 716
2 6 3 1 4724
2 6 3 5 1050
2 6 3 7 1844
2 10 3 1 4512
2 10 3 5 1328
2 10 3 7 1074
2 6 4 0 3110
2 6 4 2 1148
2 6 4 6 7332
2 10 4 0 10350
2 10 4 2 5740
2 10 4 6 2052
2 6 5 1 2410
2 6 5 3 1722
2 6 5 7 6612
2 10 5 1 4068
2 10 5 3 4812
2 10 5 7 6040
2 6 6 0 1942
2 6 6 2 1248
2 6 6 4 760
2 10 6 0 9370
2 10 6 2 6806
2 10 6 4 3352
2 6 7 1 7626
2 6 7 3 590
2 6 7 5 154
2 10 7 1 4422
2 10 7 3 5252
2 10 7 5 3050
2 6 8 10 2540
2 6 8 12 10792
2 6 8 14 3484
2 10 8 10 8550
2 10 8 12 596
2 10 8 14 5714
2 6 9 11 9458
2 6 9 13 856
2 6 9 15 12200
2 10 9 11 7052
2 10 9 13 4938
2 10 9 15 658
2 6 10 8 2788
2 6 10 12 9334
2 6 10 14 5732
2 10 10 8 10064
2 10 10 12 2034
2 10 10 14 1394
2 6 11 9 9280
2 6 11 13 1216
2 6 11 15 1476
2 10 11 9 1292
2 10 11 13 1966
2 10 11 15 5324
2 6 12 8 5020
2 6 12 10 7140
2 6 12 14 5994
2 10 12 8 9396
2 10 12 10 5078
2 10 12 14 15368
2 6 13 9 3642
2 6 13 11 4980
2 6 13 15 8384
2 10 13 9 7916
2 10 13 11 1634
2 10 13 15 20106
2 6 14 8 9244
2 6 14 10 11106
2 6 14 12 1322
2 10 14 8 1914
2 10 14 10 4928
2 10 14 12 2240
2 6 15 9 3100
2 6 15 11 2902
2 6 15 13 1732
2 10 15 9 5526
2 10 15 11 5968
2 10 15 13 9650
3 7 0 2 3614
3 7 0 4 2902
3 7 0 6 7096
3 11 0 2 2414
3 11 0 4 8556
3 11 0 6 5748
3 7 1 3 3788
3 7 1 5 5412
3 7 1 7 12150
3 11 1 3 7002
3 11 1 5 3502
3 11 1 7 5708
3 7 2 0 6468
3 7 2 4 604
3 7 2 6 5832
3 11 2 0 2786
3 11 2 4 2364
3 11 2 6 3078
3 7 3 1 6962
3 7 3 5 684
3 7 3 7 476
3 11 3 1 4870
3 11 3 5 12084
3 11 3 7 6006
3 7 4 0 48
3 7 4 2 8036
3 7 4 6 1550
3 11 4 0 4808
3 11 4 2 2712
3 11 4 6 3494
3 7 5 1 1268
3 7 5 3 5472
3 7 5 7 1608
3 11 5 1 824
3 11 5 3 2838
3 11 5 7 566
3 7 6 0 5824
3 7 6 2 9470
3 7 6 4 5630
3 11 6 0 5216
3 11 6 2 14652
3 11 6 4 2156
3 7 7 1 3516
3 7 7 3 1340
3 7 7 5 260
3 11 7 1 1134
3 11 7 3 624
3 11 7 5 190
3 7 8 10 5304
3 7 8 12 4344
3 7 8 14 5922
3 11 8 10 2358
3 11 8 12 7696
3 11 8 14 1958
3 7 9 11 2076
3 7 9 13 2452
3 7 9 15 4506
3 11 9 11 2274
3 11 9 13 7058
3 11 9 15 936
3 7 10 8 6196
3 7 10 12 5302
3 7 10 14 3356
3 11 10 8 496
3 11 10 12 3294
3 11 10 14 4066
3 7 11 9 488
3 7 11 13 404
3 7 11 15 7218
3 11 11 9 3506
3 11 11 13 992
3 11 11 15 3762
3 7 12 8 7606
3 7 12 10 1908
3 7 12 14 962
3 11 12 8 70
3 11 12 10 10808
3 11 12 14 2926
3 7 13 9 10860
3 7 13 11 1380
3 7 13 15 7438
3 11 13 9 5094
3 11 13 11 678
3 11 13 15 1522
3 7 14 8 4210
3 7 14 10 1442
3 7 14 12 14548
3 11 14 8 2728
3 11 14 10 3414
3 11 14 12 2746
3 7 15 9 7048
3 7 15 11 3214
3 7 15 13 1250
3 11 15 9 3308
3 11 15 11 6348
3 11 15 13 2960
4 6 0 2 8366
4 6 0 4 8510
4 6 0 6 11308
4 12 0 2 3542
4 12 0 4 7956
4 12 0 6 278
4 6 1 3 4678
4 6 1 5 372
4 6 1 7 6168
4 12 1 3 3506
4 12 1 5 9652
4 12 1 7 1542
4 6 2 0 10598
4 6 2 4 5926
4 6 2 6 7362
4 12 2 0 3610
4 12 2 4 4646
4 12 2 6 14624
4 6 3 1 1736
4 6 3 5 9326
4 6 3 7 2472
4 12 3 1 2248
4 12 3 5 6812
4 12 3 7 3728
4 6 4 0 1694
4 6 4 2 1178
4 6 4 6 8128
4 12 4 0 1470
4 12 4 2 3620
4 12 4 6 7546
4 6 5 1 6616
4 6 5 3 6030
4 6 5 7 6074
4 12 5 1 4272
4 12 5 3 4340
4 12 5 7 8100
4 6 6 0 9834
4 6 6 2 4112
4 6 6 4 1902
4 12 6 0 1510
4 12 6 2 716
4 12 6 4 6670
4 6 7 1 5884
4 6 7 3 7854
4 6 7 5 2214
4 12 7 1 8094
4 12 7 3 2236
4 12 7 5 11022
4 6 8 10 5462
4 6 8 12 4866
4 6 8 14 10510
4 12 8 10 10498
4 12 8 12 13486
4 12 8 14 7288
4 6 9 11 4680
4 6 9 13 4062
4 6 9 15 5460
4 12 9 11 3936
4 12 9 13 9984
4 12 9 15 7184
4 6 10 8 2092
4 6 10 12 6732
4 6 10 14 1246
4 12 10 8 7812
4 12 10 12 2258
4 12 10 14 58
4 6 11 9 4164
4 6 11 13 2000
4 6 11 15 262
4 12 11 9 932
4 12 11 13 6898
4 12 11 15 3446
4 6 12 8 3210
4 6 12 10 9322
4 6 12 14 282
4 12 12 8 2584
4 12 12 10 694
4 12 12 14 8256
4 6 13 9 7268
4 6 13 11 32
4 6 13 15 3930
4 12 13 9 8434
4 12 13 11 376
4 12 13 15 2756
4 6 14 8 542
4 6 14 10 5456
4 6 14 12 2070
4 12 14 8 918
4 12 14 10 4770
4 12 14 12 6168
4 6 15 9 2928
4 6 15 11 6522
4 6 15 13 1498
4 12 15 9 7674
4 12 15 11 6858
4 12 15 13 6816
5 7 0 2 762
5 7 0 4 3528
5 7 0 6 448
5 13 0 2 1842
5 13 0 4 7016
5 13 0 6 9384
5 7 1 3 2926
5 7 1 5 2970
5 7 1 7 1850
5 13 1 3 5828
5 13 1 5 1604
5 13 1 7 15054
5 7 2 0 1170
5 7 2 4 4550
5 7 2 6 1532
5 13 2 0 2116
5 13 2 4 3062
5 13 2 6 11604
5 7 3 1 4346
5 7 3 5 7912
5 7 3 7 5264
5 13 3 1 1590
5 13 3 5 1534
5 13 3 7 7134
5 7 4 0 4780
5 7 4 2 5780
5 7 4 6 3638
5 13 4 0 1414
5 13 4 2 7976
5 13 4 6 1782
5 7 5 1 298
5 7 5 3 8596
5 7 5 7 32
5 13 5 1 8028
5 13 5 3 6904
5 13 5 7 10566
5 7 6 0 9082
5 7 6 2 448
5 7 6 4 2106
5 13 6 0 1266
5 13 6 2 312
5 13 6 4 3848
5 7 7 1 3864
5 7 7 3 4640
5 7 7 5 348
5 13 7 1 6888
5 13 7 3 2362
5 13 7 5 6934
5 7 8 10 4254
5 7 8 12 4358
5 7 8 14 4760
5 13 8 10 9468
5 13 8 12 4102
5 13 8 14 1148
5 7 9 11 4852
5 7 9 13 6770
5 7 9 15 1824
5 13 9 11 7668
5 13 9 13 9288
5 13 9 15 11064
5 7 10 8 820
5 7 10 12 5522
5 7 10 14 120
5 13 10 8 6288
5 13 10 12 5190
5 13 10 14 3052
5 7 11 9 360
5 7 11 13 0
5 7 11 15 2834
5 13 11 9 202
5 13 11 13 1448
5 13 11 15 2072
5 7 12 8 6878
5 7 12 10 1188
5 7 12 14 2872
5 13 12 8 3128
5 13 12 10 3876
5 13 12 14 4282
5 7 13 9 4780
5 7 13 11 9276
5 7 13 15 18830
5 13 13 9 4586
5 13 13 11 6202
5 13 13 15 5136
5 7 14 8 3312
5 7 14 10 8754
5 7 14 12 430
5 13 14 8 344
5 13 14 10 478
5 13 14 12 4436
5 7 15 9 2210
5 7 15 11 832
5 7 15 13 4374
5 13 15 9 708
5 13 15 11 3134
5 13 15 13 16050
6 14 0 2 694
6 14 0 4 6248
6 14 0 6 7642
6 14 1 3 2962
6 14 1 5 4394
6 14 1 7 2352
6 14 2 0 960
6 14 2 4 4110
6 14 2 6 1752
6 14 3 1 9178
6 14 3 5 1366
6 14 3 7 1474
6 14 4 0 4966
6 14 4 2 2610
6 14 4 6 4842
6 14 5 1 6076
6 14 5 3 6412
6 14 5 7 3156
6 14 6 0 5038
6 14 6 2 2048
6 14 6 4 832
6 14 7 1 1484
6 14 7 3 6908
6 14 7 5 208
6 14 8 10 30
6 14 8 12 7608
6 14 8 14 9060
6 14 9 11 2928
6 14 9 13 3202
6 14 9 15 2470
6 14 10 8 8534
6 14 10 12 5002
6 14 10 14 2772
6 14 11 9 146
6 14 11 13 12150
6 14 11 15 444
6 14 12 8 3676
6 14 12 10 5234
6 14 12 14 4010
6 14 13 9 200
6 14 13 11 2528
6 14 13 15 3702
6 14 14 8 1848
6 14 14 10 3886
6 14 14 12 3338
6 14 15 9 10454
6 14 15 11 160
6 14 15 13 158
7 15 0 2 3406
7 15 0 4 5798
7 15 0 6 6094
7 15 1 3 2264
7 15 1 5 3224
7 15 1 7 2258
7 15 2 0 2080
7 15 2 4 9134
7 15 2 6 3298
7 15 3 1 1144
7 15 3 5 6056
7 15 3 7 688
7 15 4 0 6882
7 15 4 2 4506
7 15 4 6 1648
7 15 5 1 682
7 15 5 3 15124
7 15 5 7 2204
7 15 6 0 14084
7 15 6 2 4610
7 15 6 4 1356
7 15 7 1 15574
7 15 7 3 3772
7 15 7 5 312
7 15 8 10 988
7 15 8 12 9698
7 15 8 14 7160
7 15 9 11 11574
7 15 9 13 6140
7 15 9 15 1434
7 15 10 8 714
7 15 10 12 1152
7 15 10 14 10032
7 15 11 9 3298
7 15 11 13 1874
7 15 11 15 3794
7 15 12 8 9766
7 15 12 10 218
7 15 12 14 5884
7 15 13 9 4970
7 15 13 11 594
7 15 13 15 3008
7 15 14 8 2430
7 15 14 10 384
7 15 14 12 1694
7 15 15 9 5080
7 15 15 11 1352
7 15 15 13 10556
8 10 0 2 1386
8 10 0 4 6338
8 10 0 6 2814
8 12 0 2 4410
8 12 0 4 10030
8 12 0 6 2654
8 10 1 3 1028
8 10 1 5 2186
8 10 1 7 6476
8 12 1 3 3956
8 12 1 5 9978
8 12 1 7 12076
8 10 2 0 3290
8 10 2 4 1734
8 10 2 6 3370
8 12 2 0 10856
8 12 2 4 17366
8 12 2 6 13496
8 10 3 1 14772
8 10 3 5 3948
8 10 3 7 2004
8 12 3 1 3006
8 12 3 5 2226
8 12 3 7 5512
8 10 4 0 7744
8 10 4 2 3458
8 10 4 6 1020
8 12 4 0 724
8 12 4 2 5090
8 12 4 6 10604
8 10 5 1 10124
8 10 5 3 3770
8 10 5 7 16392
8 12 5 1 9094
8 12 5 3 330
8 12 5 7 5768
8 10 6 0 6774
8 10 6 2 3504
8 10 6 4 374
8 12 6 0 9196
8 12 6 2 6340
8 12 6 4 2346
8 10 7 1 110
8 10 7 3 16482
8 10 7 5 6726
8 12 7 1 1204
8 12 7 3 6854
8 12 7 5 5828
8 10 8 10 124
8 10 8 12 1514
8 10 8 14 9706
8 12 8 10 2616
8 12 8 12 4622
8 12 8 14 1172
8 10 9 11 700
8 10 9 13 4184
8 10 9 15 7358
8 12 9 11 950
8 12 9 13 660
8 12 9 15 1958
8 10 10 8 9574
8 10 10 12 5942
8 10 10 14 910
8 12 10 8 1312
8 12 10 12 740
8 12 10 14 1214
8 10 11 9 6532
8 10 11 13 4684
8 10 11 15 2142
8 12 11 9 586
8 12 11 13 1312
8 12 11 15 2442
8 10 12 8 1544
8 10 12 10 1854
8 10 12 14 8256
8 12 12 8 782
8 12 12 10 384
8 12 12 14 8970
8 10 13 9 1882
8 10 13 11 3092
8 10 13 15 702
8 12 13 9 88
8 12 13 11 13484
8 12 13 15 3616
8 10 14 8 6688
8 10 14 10 7086
8 10 14 12 852
8 12 14 8 5416
8 12 14 10 5384
8 12 14 12 4878
8 10 15 9 5494
8 10 15 11 9218
8 10 15 13 1660
8 12 15 9 2028
8 12 15 11 5894
8 12 15 13 8104
9 11 0 2 1346
9 11 0 4 6890
9 11 0 6 13432
9 13 0 2 3534
9 13 0 4 5864
9 13 0 6 2458
9 11 1 3 4212
9 11 1 5 5862
9 11 1 7 6660
9 13 1 3 1468
9 13 1 5 3830
9 13 1 7 1822
9 11 2 0 2238
9 11 2 4 5636
9 11 2 6 3068
9 13 2 0 7564
9 13 2 4 8652
9 13 2 6 3338
9 11 3 1 2228
9 11 3 5 1780
9 11 3 7 14868
9 13 3 1 11728
9 13 3 5 1360
9 13 3 7 444
9 11 4 0 4546
9 11 4 2 5004
9 11 4 6 7400
9 13 4 0 4658
9 13 4 2 5066
9 13 4 6 3432
9 11 5 1 278
9 11 5 3 11690
9 11 5 7 1958
9 13 5 1 1774
9 13 5 3 11738
9 13 5 7 6944
9 11 6 0 6572
9 11 6 2 4538
9 11 6 4 98
9 13 6 0 836
9 13 6 2 7590
9 13 6 4 7124
9 11 7 1 1714
9 11 7 3 5418
9 11 7 5 64
9 13 7 1 5012
9 13 7 3 894
9 13 7 5 478
9 11 8 10 9550
9 11 8 12 1250
9 11 8 14 4664
9 13 8 10 76
9 13 8 12 1016
9 13 8 14 9448
9 11 9 11 1550
9 11 9 13 2738
9 11 9 15 8936
9 13 9 11 3976
9 13 9 13 1692
9 13 9 15 6058
9 11 10 8 1314
9 11 10 12 6042
9 11 10 14 4452
9 13 10 8 7318
9 13 10 12 1140
9 13 10 14 2218
9 11 11 9 9212
9 11 11 13 2446
9 11 11 15 570
9 13 11 9 244
9 13 11 13 9240
9 13 11 15 1038
9 11 12 8 11344
9 11 12 10 2612
9 11 12 14 718
9 13 12 8 1290
9 13 12 10 3028
9 13 12 14 12632
9 11 13 9 6402
9 11 13 11 4764
9 11 13 15 1028
9 13 13 9 5868
9 13 13 11 1518
9 13 13 15 3204
9 11 14 8 1698
9 11 14 10 7950
9 11 14 12 2904
9 13 14 8 1718
9 13 14 10 8352
9 13 14 12 2280
9 11 15 9 3074
9 11 15 11 5354
9 11 15 13 1286
9 13 15 9 2048
9 13 15 11 824
9 13 15 13 4940
10 14 0 2 12180
10 14 0 4 11168
10 14 0 6 4404
10 14 1 3 3734
10 14 1 5 4924
10 14 1 7 7570
10 14 2 0 10896
10 14 2 4 910
10 14 2 6 3086
10 14 3 1 4208
10 14 3 5 222
10 14 3 7 3808
10 14 4 0 1950
10 14 4 2 10988
10 14 4 6 1968
10 14 5 1 10006
10 14 5 3 9860
10 14 5 7 216
10 14 6 0 376
10 14 6 2 10146
10 14 6 4 4212
10 14 7 1 2540
10 14 7 3 5060
10 14 7 5 2734
10 14 8 10 318
10 14 8 12 4888
10 14 8 14 3796
10 14 9 11 4928
10 14 9 13 5414
10 14 9 15 8958
10 14 10 8 2486
10 14 10 12 7384
10 14 10 14 7566
10 14 11 9 6870
10 14 11 13 3312
10 14 11 15 7630
10 14 12 8 11452
10 14 12 10 8908
10 14 12 14 12276
10 14 13 9 5618
10 14 13 11 5156
10 14 13 15 1386
10 14 14 8 1056
10 14 14 10 8120
10 14 14 12 6156
10 14 15 9 1116
10 14 15 11 6492
10 14 15 13 11442
11 15 0 2 498
11 15 0 4 8010
11 15 0 6 7906
11 15 1 3 3970
11 15 1 5 694
11 15 1 7 1506
11 15 2 0 2672
11 15 2 4 2758
11 15 2 6 5398
11 15 3 1 9292
11 15 3 5 3360
11 15 3 7 1036
11 15 4 0 3770
11 15 4 2 12150
11 15 4 6 7068
11 15 5 1 10000
11 15 5 3 152
11 15 5 7 7808
11 15 6 0 1488
11 15 6 2 1530
11 15 6 4 5376
11 15 7 1 1926
11 15 7 3 4446
11 15 7 5 13332
11 15 8 10 1086
11 15 8 12 6398
11 15 8 14 5740
11 15 9 11 2384
11 15 9 13 1746
11 15 9 15 5904
11 15 10 8 3848
11 15 10 12 3988
11 15 10 14 3620
11 15 11 9 6162
11 15 11 13 6120
11 15 11 15 1818
11 15 12 8 6702
11 15 12 10 2052
11 15 12 14 8088
11 15 13 9 3204
11 15 13 11 3006
11 15 13 15 6932
11 15 14 8 2228
11 15 14 10 8662
11 15 14 12 5556
11 15 15 9 5912
11 15 15 11 7936
11 15 15 13 1400
12 14 0 2 1100
12 14 0 4 910
12 14 0 6 7458
12 14 1 3 2582
12 14 1 5 44
12 14 1 7 9046
12 14 2 0 7594
12 14 2 4 6128
12 14 2 6 5692
12 14 3 1 4554
12 14 3 5 5186
12 14 3 7 620
12 14 4 0 4816
12 14 4 2 2024
12 14 4 6 2438
12 14 5 1 10640
12 14 5 3 4996
12 14 5 7 2760
12 14 6 0 3032
12 14 6 2 4792
12 14 6 4 2976
12 14 7 1 7788
12 14 7 3 8346
12 14 7 5 8472
12 14 8 10 3908
12 14 8 12 7552
12 14 8 14 3282
12 14 9 11 2160
12 14 9 13 3272
12 14 9 15 2258
12 14 10 8 2456
12 14 10 12 5246
12 14 10 14 13852
12 14 11 9 13364
12 14 11 13 6080
12 14 11 15 1410
12 14 12 8 3000
12 14 12 10 2516
12 14 12 14 4168
12 14 13 9 8650
12 14 13 11 14
12 14 13 15 1838
12 14 14 8 848
12 14 14 10 4760
12 14 14 12 6156
12 14 15 9 1474
12 14 15 11 1674
12 14 15 13 1164
13 15 0 2 62
13 15 0 4 6736
13 15 0 6 4196
13 15 1 3 3368
13 15 1 5 62
13 15 1 7 3244
13 15 2 0 7574
13 15 2 4 1086
13 15 2 6 5454
13 15 3 1 1624
13 15 3 5 3180
13 15 3 7 1920
13 15 4 0 1588
13 15 4 2 2386
13 15 4 6 4034
13 15 5 1 4150
13 15 5 3 1678
13 15 5 7 2496
13 15 6 0 1702
13 15 6 2 4358
13 15 6 4 7886
13 15 7 1 4802
13 15 7 3 632
13 15 7 5 2718
13 15 8 10 9644
13 15 8 12 3220
13 15 8 14 5622
13 15 9 11 5042
13 15 9 13 3088
13 15 9 15 4100
13 15 10 8 6826
13 15 10 12 9098
13 15 10 14 1278
13 15 11 9 6320
13 15 11 13 8000
13 15 11 15 2280
13 15 12 8 870
13 15 12 10 672
13 15 12 14 2088
13 15 13 9 6150
13 15 13 11 3032
13 15 13 15 4122
13 15 14 8 552
13 15 14 10 1446
13 15 14 12 4798
13 15 15 9 12940
13 15 15 11 1490
13 15 15 13 6396
