0 2 0 2 300
0 2 0 4 3078
0 2 0 6 4648
0 4 0 2 5030
0 4 0 4 2078
0 4 0 6 4356
0 8 0 2 9950
0 8 0 4 2528
0 8 0 6 3432
0 2 1 3 4294
0 2 1 5 2538
0 2 1 7 2474
0 4 1 3 3790
0 4 1 5 1578
0 4 1 7 534
0 8 1 3 2662
0 8 1 5 4476
0 8 1 7 4704
0 2 2 0 34
0 2 2 4 5236
0 2 2 6 3510
0 4 2 0 4060
0 4 2 4 490
0 4 2 6 704
0 8 2 0 3236
0 8 2 4 5260
0 8 2 6 2130
0 2 3 1 54
0 2 3 5 986
0 2 3 7 172
0 4 3 1 994
0 4 3 5 1486
0 4 3 7 1816
0 8 3 1 5306
0 8 3 5 3290
0 8 3 7 8156
0 2 4 0 86
0 2 4 2 1940
0 2 4 6 3510
0 4 4 0 126
0 4 4 2 6128
0 4 4 6 1476
0 8 4 0 1398
0 8 4 2 8572
0 8 4 6 2052
0 2 5 1 14
0 2 5 3 4164
0 2 5 7 20
0 4 5 1 4952
0 4 5 3 4120
0 4 5 7 532
0 8 5 1 5710
0 8 5 3 5448
0 8 5 7 5872
0 2 6 0 452
0 2 6 2 1078
0 2 6 4 600
0 4 6 0 526
0 4 6 2 2330
0 4 6 4 1382
0 8 6 0 672
0 8 6 2 5852
0 8 6 4 6562
0 2 7 1 5150
0 2 7 3 2938
0 2 7 5 2290
0 4 7 1 7346
0 4 7 3 5130
0 4 7 5 3136
0 8 7 1 4918
0 8 7 3 5486
0 8 7 5 124
0 2 8 10 6164
0 2 8 12 4602
0 2 8 14 5848
0 4 8 10 2214
0 4 8 12 5218
0 4 8 14 3316
0 8 8 10 1934
0 8 8 12 4542
0 8 8 14 5566
0 2 9 11 6936
0 2 9 13 2748
0 2 9 15 1632
0 4 9 11 4350
0 4 9 13 3232
0 4 9 15 2462
0 8 9 11 5620
0 8 9 13 3366
0 8 9 15 4638
0 2 10 8 1044
0 2 10 12 118
0 2 10 14 5832
0 4 10 8 1384
0 4 10 12 3424
0 4 10 14 72
0 8 10 8 3332
0 8 10 12 2358
0 8 10 14 8146
0 2 11 9 6654
0 2 11 13 1498
0 2 11 15 1950
0 4 11 9 354
0 4 11 13 9268
0 4 11 15 3158
0 8 11 9 1276
0 8 11 13 1296
0 8 11 15 4466
0 2 12 8 5338
0 2 12 10 3558
0 2 12 14 1474
0 4 12 8 1444
0 4 12 10 1534
0 4 12 14 1078
0 8 12 8 48
0 8 12 10 1320
0 8 12 14 244
0 2 13 9 3004
0 2 13 11 5586
0 2 13 15 1940
0 4 13 9 2058
0 4 13 11 2344
0 4 13 15 4446
0 8 13 9 1856
0 8 13 11 2360
0 8 13 15 4500
0 2 14 8 4366
0 2 14 10 3914
0 2 14 12 874
0 4 14 8 5080
0 4 14 10 1780
0 4 14 12 7522
0 8 14 8 3314
0 8 14 10 6950
0 8 14 12 1254
0 2 15 9 6770
0 2 15 11 11590
0 2 15 13 1448
0 4 15 9 824
0 4 15 11 9118
0 4 15 13 13332
0 8 15 9 412
0 8 15 11 3810
0 8 15 13 274
1 3 0 2 1970
1 3 0 4 6054
1 3 0 6 1602
1 5 0 2 2412
1 5 0 4 4614
1 5 0 6 4062
1 9 0 2 4488
1 9 0 4 2906
1 9 0 6 1410
1 3 1 3 5800
1 3 1 5 44
1 3 1 7 4396
1 5 1 3 5544
1 5 1 5 3634
1 5 1 7 798
1 9 1 3 848
1 9 1 5 3390
1 9 1 7 2312
1 3 2 0 2876
1 3 2 4 76
1 3 2 6 1254
1 5 2 0 4720
1 5 2 4 1374
1 5 2 6 6982
1 9 2 0 8290
1 9 2 4 744
1 9 2 6 5382
1 3 3 1 300
1 3 3 5 2884
1 3 3 7 7684
1 5 3 1 2304
1 5 3 5 2616
1 5 3 7 732
1 9 3 1 1742
1 9 3 5 4562
1 9 3 7 2620
1 3 4 0 4032
1 3 4 2 932
1 3 4 6 2910
1 5 4 0 602
1 5 4 2 122
1 5 4 6 5722
1 9 4 0 3414
1 9 4 2 2894
1 9 4 6 1202
1 3 5 1 2888
1 3 5 3 6454
1 3 5 7 1846
1 5 5 1 8450
1 5 5 3 4620
1 5 5 7 3240
1 9 5 1 208
1 9 5 3 6452
1 9 5 7 5620
1 3 6 0 3502
1 3 6 2 1936
1 3 6 4 3570
1 5 6 0 3054
1 5 6 2 530
1 5 6 4 4806
1 9 6 0 5990
1 9 6 2 614
1 9 6 4 9332
1 3 7 1 5486
1 3 7 3 5176
1 3 7 5 140
1 5 7 1 4302
1 5 7 3 4326
1 5 7 5 9942
1 9 7 1 3836
1 9 7 3 5574
1 9 7 5 566
1 3 8 10 7318
1 3 8 12 3690
1 3 8 14 462
1 5 8 10 3540
1 5 8 12 4480
1 5 8 14 2962
1 9 8 10 178
1 9 8 12 874
1 9 8 14 7562
1 3 9 11 348
1 3 9 13 6902
1 3 9 15 772
1 5 9 11 2284
1 5 9 13 4836
1 5 9 15 2566
1 9 9 11 6134
1 9 9 13 7760
1 9 9 15 1876
1 3 10 8 9100
1 3 10 12 3064
1 3 10 14 712
1 5 10 8 3026
1 5 10 12 7196
1 5 10 14 228
1 9 10 8 4314
1 9 10 12 3688
1 9 10 14 9170
1 3 11 9 5018
1 3 11 13 410
1 3 11 15 3692
1 5 11 9 4464
1 5 11 13 764
1 5 11 15 2724
1 9 11 9 2388
1 9 11 13 308
1 9 11 15 5986
1 3 12 8 416
1 3 12 10 3666
1 3 12 14 3860
1 5 12 8 2862
1 5 12 10 4442
1 5 12 14 3582
1 9 12 8 2202
1 9 12 10 2422
1 9 12 14 2578
1 3 13 9 9112
1 3 13 11 4888
1 3 13 15 1626
1 5 13 9 3480
1 5 13 11 5176
1 5 13 15 2886
1 9 13 9 2240
1 9 13 11 6672
1 9 13 15 6
1 3 14 8 3920
1 3 14 10 92
1 3 14 12 1856
1 5 14 8 456
1 5 14 10 8852
1 5 14 12 916
1 9 14 8 1488
1 9 14 10 4920
1 9 14 12 1114
1 3 15 9 424
1 3 15 11 1930
1 3 15 13 950
1 5 15 9 7650
1 5 15 11 2494
1 5 15 13 2264
1 9 15 9 5196
1 9 15 11 6544
1 9 15 13 2870
2 6 0 2 1610
2 6 0 4 3160
2 6 0 6 4704
2 10 0 2 2136
2 10 0 4 698
2 10 0 6 2458
2 6 1 3 2228
2 6 1 5 8100
2 6 1 7 1906
2 10 1 3 3188
2 10 1 5 2054
2 10 1 7 6920
2 6 2 0 3868
2 6 2 4 4558
2 6 2 6 2014
2 10 2 0 792
2 10 2 4 6302
2 10 2 6 1594
2 6 3 1 438
2 6 3 5 2488
2 6 3 7 6528
2 10 3 1 4308
2 10 3 5 4444
2 10 3 7 7188
2 6 4 0 8448
2 6 4 2 590
2 6 4 6 8588
2 10 4 0 4728
2 10 4 2 9384
2 10 4 6 3630
2 6 5 1 3558
2 6 5 3 1540
2 6 5 7 1244
2 10 5 1 1598
2 10 5 3 54
2 10 5 7 1176
2 6 6 0 2684
2 6 6 2 436
2 6 6 4 2428
2 10 6 0 7124
2 10 6 2 4850
2 10 6 4 2440
2 6 7 1 1022
2 6 7 3 3010
2 6 7 5 324
2 10 7 1 384
2 10 7 3 2294
2 10 7 5 728
2 6 8 10 2512
2 6 8 12 6328
2 6 8 14 4780
2 10 8 10 3782
2 10 8 12 2810
2 10 8 14 5144
2 6 9 11 3560
2 6 9 13 3988
2 6 9 15 1350
2 10 9 11 6294
2 10 9 13 1214
2 10 9 15 2164
2 6 10 8 658
2 6 10 12 6526
2 6 10 14 458
2 10 10 8 3742
2 10 10 12 1664
2 10 10 14 3386
2 6 11 9 1540
2 6 11 13 3734
2 6 11 15 4264
2 10 11 9 5546
2 10 11 13 2598
2 10 11 15 1054
2 6 12 8 5060
2 6 12 10 7054
2 6 12 14 2018
2 10 12 8 7070
2 10 12 10 3130
2 10 12 14 4336
2 6 13 9 50
2 6 13 11 848
2 6 13 15 1232
2 10 13 9 12414
2 10 13 11 5280
2 10 13 15 2270
2 6 14 8 8878
2 6 14 10 2654
2 6 14 12 4086
2 10 14 8 1276
2 10 14 10 6622
2 10 14 12 5104
2 6 15 9 994
2 6 15 11 1656
2 6 15 13 720
2 10 15 9 1142
2 10 15 11 1538
2 10 15 13 1454
3 7 0 2 2764
3 7 0 4 528
3 7 0 6 6392
3 11 0 2 4906
3 11 0 4 5766
3 11 0 6 1426
3 7 1 3 644
3 7 1 5 8150
3 7 1 7 6448
3 11 1 3 5006
3 11 1 5 1498
3 11 1 7 1112
3 7 2 0 1718
3 7 2 4 4786
3 7 2 6 3808
3 11 2 0 6310
3 11 2 4 4532
3 11 2 6 2376
3 7 3 1 4612
3 7 3 5 7300
3 7 3 7 5322
3 11 3 1 3186
3 11 3 5 132
3 11 3 7 3928
3 7 4 0 10040
3 7 4 2 1314
3 7 4 6 4864
3 11 4 0 1258
3 11 4 2 4064
3 11 4 6 1406
3 7 5 1 6772
3 7 5 3 5104
3 7 5 7 2416
3 11 5 1 1982
3 11 5 3 818
3 11 5 7 966
3 7 6 0 3910
3 7 6 2 3752
3 7 6 4 3258
3 11 6 0 364
3 11 6 2 4090
3 11 6 4 3594
3 7 7 1 154
3 7 7 3 1076
3 7 7 5 854
3 11 7 1 4076
3 11 7 3 360
3 11 7 5 430
3 7 8 10 11704
3 7 8 12 2926
3 7 8 14 1362
3 11 8 10 7872
3 11 8 12 3658
3 11 8 14 11632
3 7 9 11 2276
3 7 9 13 2994
3 7 9 15 490
3 11 9 11 658
3 11 9 13 968
3 11 9 15 2408
3 7 10 8 3712
3 7 10 12 2164
3 7 10 14 4706
3 11 10 8 7294
3 11 10 12 4178
3 11 10 14 348
3 7 11 9 3516
3 7 11 13 2598
3 7 11 15 6166
3 11 11 9 5758
3 11 11 13 2582
3 11 11 15 2154
3 7 12 8 8908
3 7 12 10 646
3 7 12 14 966
3 11 12 8 1890
3 11 12 10 186
3 11 12 14 4478
3 7 13 9 1596
3 7 13 11 1986
3 7 13 15 4458
3 11 13 9 12162
3 11 13 11 904
3 11 13 15 2364
3 7 14 8 6542
3 7 14 10 438
3 7 14 12 128
3 11 14 8 2874
3 11 14 10 7560
3 11 14 12 6154
3 7 15 9 398
3 7 15 11 1764
3 7 15 13 4774
3 11 15 9 2858
3 11 15 11 10598
3 11 15 13 1128
4 6 0 2 1968
4 6 0 4 1878
4 6 0 6 2824
4 12 0 2 1040
4 12 0 4 5264
4 12 0 6 2636
4 6 1 3 1760
4 6 1 5 2982
4 6 1 7 968
4 12 1 3 5208
4 12 1 5 1894
4 12 1 7 2218
4 6 2 0 2398
4 6 2 4 2084
4 6 2 6 364
4 12 2 0 9502
4 12 2 4 1156
4 12 2 6 126
4 6 3 1 4840
4 6 3 5 2238
4 6 3 7 2678
4 12 3 1 3918
4 12 3 5 40
4 12 3 7 4822
4 6 4 0 5772
4 6 4 2 5138
4 6 4 6 286
4 12 4 0 688
4 12 4 2 1810
4 12 4 6 5130
4 6 5 1 1538
4 6 5 3 6402
4 6 5 7 5474
4 12 5 1 6750
4 12 5 3 470
4 12 5 7 3146
4 6 6 0 4984
4 6 6 2 3176
4 6 6 4 1670
4 12 6 0 10728
4 12 6 2 324
4 12 6 4 4072
4 6 7 1 2916
4 6 7 3 1504
4 6 7 5 3550
4 12 7 1 6884
4 12 7 3 1980
4 12 7 5 2770
4 6 8 10 1330
4 6 8 12 8288
4 6 8 14 1662
4 12 8 10 4206
4 12 8 12 6260
4 12 8 14 5018
4 6 9 11 666
4 6 9 13 2196
4 6 9 15 4440
4 12 9 11 3538
4 12 9 13 2990
4 12 9 15 3744
4 6 10 8 1938
4 6 10 12 516
4 6 10 14 3682
4 12 10 8 10986
4 12 10 12 4312
4 12 10 14 5408
4 6 11 9 974
4 6 11 13 1386
4 6 11 15 2282
4 12 11 9 3814
4 12 11 13 1086
4 12 11 15 4658
4 6 12 8 1718
4 6 12 10 4330
4 6 12 14 7048
4 12 12 8 3578
4 12 12 10 6584
4 12 12 14 4684
4 6 13 9 324
4 6 13 11 1250
4 6 13 15 10616
4 12 13 9 4476
4 12 13 11 1636
4 12 13 15 578
4 6 14 8 648
4 6 14 10 2422
4 6 14 12 110
4 12 14 8 6586
4 12 14 10 2016
4 12 14 12 8028
4 6 15 9 4872
4 6 15 11 1410
4 6 15 13 1064
4 12 15 9 3966
4 12 15 11 6860
4 12 15 13 2762
5 7 0 2 3750
5 7 0 4 1536
5 7 0 6 1430
5 13 0 2 1834
5 13 0 4 7240
5 13 0 6 1264
5 7 1 3 7500
5 7 1 5 1128
5 7 1 7 2064
5 13 1 3 3224
5 13 1 5 546
5 13 1 7 3926
5 7 2 0 2440
5 7 2 4 6398
5 7 2 6 930
5 13 2 0 9342
5 13 2 4 8600
5 13 2 6 2820
5 7 3 1 234
5 7 3 5 4874
5 7 3 7 308
5 13 3 1 6028
5 13 3 5 380
5 13 3 7 5978
5 7 4 0 4868
5 7 4 2 5552
5 7 4 6 12476
5 13 4 0 3344
5 13 4 2 3448
5 13 4 6 1594
5 7 5 1 1726
5 7 5 3 2744
5 7 5 7 7834
5 13 5 1 7026
5 13 5 3 2694
5 13 5 7 5882
5 7 6 0 4024
5 7 6 2 1904
5 7 6 4 874
5 13 6 0 15400
5 13 6 2 1670
5 13 6 4 2276
5 7 7 1 2942
5 7 7 3 3474
5 7 7 5 4448
5 13 7 1 1808
5 13 7 3 60
5 13 7 5 1132
5 7 8 10 2644
5 7 8 12 10602
5 7 8 14 2694
5 13 8 10 844
5 13 8 12 4706
5 13 8 14 508
5 7 9 11 2738
5 7 9 13 4900
5 7 9 15 2824
5 13 9 11 5868
5 13 9 13 7810
5 13 9 15 2956
5 7 10 8 2540
5 7 10 12 7532
5 7 10 14 2064
5 13 10 8 2100
5 13 10 12 4800
5 13 10 14 618
5 7 11 9 1832
5 7 11 13 994
5 7 11 15 5836
5 13 11 9 1354
5 13 11 13 2934
5 13 11 15 2684
5 7 12 8 246
5 7 12 10 4336
5 7 12 14 3016
5 13 12 8 3194
5 13 12 10 642
5 13 12 14 1760
5 7 13 9 2094
5 7 13 11 1566
5 7 13 15 596
5 13 13 9 2886
5 13 13 11 1632
5 13 13 15 2810
5 7 14 8 2364
5 7 14 10 1536
5 7 14 12 816
5 13 14 8 1468
5 13 14 10 2056
5 13 14 12 6404
5 7 15 9 3936
5 7 15 11 4488
5 7 15 13 34
5 13 15 9 816
5 13 15 11 14
5 13 15 13 924
6 14 0 2 2118
6 14 0 4 1870
6 14 0 6 2134
6 14 1 3 190
6 14 1 5 2542
6 14 1 7 3226
6 14 2 0 2692
6 14 2 4 1186
6 14 2 6 1224
6 14 3 1 1276
6 14 3 5 2848
6 14 3 7 3646
6 14 4 0 5048
6 14 4 2 1910
6 14 4 6 4140
6 14 5 1 422
6 14 5 3 6478
6 14 5 7 6838
6 14 6 0 6308
6 14 6 2 750
6 14 6 4 1226
6 14 7 1 4334
6 14 7 3 7502
6 14 7 5 6334
6 14 8 10 5700
6 14 8 12 5146
6 14 8 14 2716
6 14 9 11 1068
6 14 9 13 126
6 14 9 15 2852
6 14 10 8 1778
6 14 10 12 36
6 14 10 14 520
6 14 11 9 2326
6 14 11 13 2906
6 14 11 15 6496
6 14 12 8 298
6 14 12 10 3012
6 14 12 14 5816
6 14 13 9 2000
6 14 13 11 1534
6 14 13 15 3958
6 14 14 8 674
6 14 14 10 3096
6 14 14 12 4354
6 14 15 9 4612
6 14 15 11 6090
6 14 15 13 1446
7 15 0 2 1818
7 15 0 4 3456
7 15 0 6 4108
7 15 1 3 4404
7 15 1 5 150
7 15 1 7 4708
7 15 2 0 5214
7 15 2 4 1598
7 15 2 6 5748
7 15 3 1 4284
7 15 3 5 1730
7 15 3 7 2074
7 15 4 0 2388
7 15 4 2 4344
7 15 4 6 5794
7 15 5 1 1028
7 15 5 3 4174
7 15 5 7 2584
7 15 6 0 7500
7 15 6 2 1354
7 15 6 4 5370
7 15 7 1 158
7 15 7 3 1492
7 15 7 5 2564
7 15 8 10 2430
7 15 8 12 1870
7 15 8 14 1008
7 15 9 11 1436
7 15 9 13 974
7 15 9 15 2670
7 15 10 8 4912
7 15 10 12 7004
7 15 10 14 3780
7 15 11 9 1318
7 15 11 13 6884
7 15 11 15 2510
7 15 12 8 2864
7 15 12 10 818
7 15 12 14 1642
7 15 13 9 4328
7 15 13 11 5662
7 15 13 15 5316
7 15 14 8 186
7 15 14 10 5124
7 15 14 12 7492
7 15 15 9 4986
7 15 15 11 34
7 15 15 13 1076
8 10 0 2 276
8 10 0 4 5700
8 10 0 6 3700
8 12 0 2 3876
8 12 0 4 3128
8 12 0 6 766
8 10 1 3 10378
8 10 1 5 894
8 10 1 7 4826
8 12 1 3 5484
8 12 1 5 1946
8 12 1 7 398
8 10 2 0 11920
8 10 2 4 1298
8 10 2 6 6146
8 12 2 0 4000
8 12 2 4 5162
8 12 2 6 2422
8 10 3 1 2132
8 10 3 5 2212
8 10 3 7 4828
8 12 3 1 4296
8 12 3 5 2584
8 12 3 7 1610
8 10 4 0 818
8 10 4 2 1326
8 10 4 6 744
8 12 4 0 1966
8 12 4 2 336
8 12 4 6 2236
8 10 5 1 1696
8 10 5 3 1024
8 10 5 7 8566
8 12 5 1 308
8 12 5 3 5134
8 12 5 7 5834
8 10 6 0 2642
8 10 6 2 8350
8 10 6 4 3596
8 12 6 0 1318
8 12 6 2 1444
8 12 6 4 1614
8 10 7 1 1116
8 10 7 3 130
8 10 7 5 5126
8 12 7 1 2024
8 12 7 3 5234
8 12 7 5 572
8 10 8 10 3160
8 10 8 12 1582
8 10 8 14 5126
8 12 8 10 546
8 12 8 12 4664
8 12 8 14 1476
8 10 9 11 2692
8 10 9 13 4900
8 10 9 15 840
8 12 9 11 934
8 12 9 13 2144
8 12 9 15 974
8 10 10 8 2580
8 10 10 12 5620
8 10 10 14 5832
8 12 10 8 3008
8 12 10 12 1434
8 12 10 14 1296
8 10 11 9 6548
8 10 11 13 2650
8 10 11 15 4368
8 12 11 9 6208
8 12 11 13 3730
8 12 11 15 1414
8 10 12 8 4252
8 10 12 10 1014
8 10 12 14 5074
8 12 12 8 6
8 12 12 10 2300
8 12 12 14 1708
8 10 13 9 2622
8 10 13 11 5074
8 10 13 15 4952
8 12 13 9 1836
8 12 13 11 3450
8 12 13 15 3718
8 10 14 8 3344
8 10 14 10 1048
8 10 14 12 608
8 12 14 8 2832
8 12 14 10 976
8 12 14 12 3606
8 10 15 9 1246
8 10 15 11 3252
8 10 15 13 34
8 12 15 9 5744
8 12 15 11 516
8 12 15 13 6736
9 11 0 2 7284
9 11 0 4 872
9 11 0 6 3472
9 13 0 2 4028
9 13 0 4 4702
9 13 0 6 2586
9 11 1 3 3592
9 11 1 5 5984
9 11 1 7 7428
9 13 1 3 9554
9 13 1 5 4588
9 13 1 7 3220
9 11 2 0 2694
9 11 2 4 1662
9 11 2 6 2422
9 13 2 0 8000
9 13 2 4 2132
9 13 2 6 6956
9 11 3 1 1996
9 11 3 5 2572
9 11 3 7 5202
9 13 3 1 6192
9 13 3 5 444
9 13 3 7 4926
9 11 4 0 3068
9 11 4 2 2498
9 11 4 6 628
9 13 4 0 2926
9 13 4 2 2744
9 13 4 6 3950
9 11 5 1 202
9 11 5 3 1250
9 11 5 7 5910
9 13 5 1 6618
9 13 5 3 3726
9 13 5 7 2768
9 11 6 0 9422
9 11 6 2 3500
9 11 6 4 5602
9 13 6 0 9184
9 13 6 2 1538
9 13 6 4 1324
9 11 7 1 240
9 11 7 3 1054
9 11 7 5 6428
9 13 7 1 422
9 13 7 3 8794
9 13 7 5 2488
9 11 8 10 3832
9 11 8 12 360
9 11 8 14 4202
9 13 8 10 2426
9 13 8 12 7440
9 13 8 14 2076
9 11 9 11 5266
9 11 9 13 240
9 11 9 15 526
9 13 9 11 2364
9 13 9 13 8016
9 13 9 15 38
9 11 10 8 6716
9 11 10 12 1336
9 11 10 14 4432
9 13 10 8 5402
9 13 10 12 3314
9 13 10 14 1864
9 11 11 9 404
9 11 11 13 8606
9 11 11 15 7932
9 13 11 9 1544
9 13 11 13 4642
9 13 11 15 1250
9 11 12 8 2418
9 11 12 10 7616
9 11 12 14 1690
9 13 12 8 742
9 13 12 10 1818
9 13 12 14 450
9 11 13 9 3920
9 11 13 11 256
9 11 13 15 5328
9 13 13 9 1034
9 13 13 11 2760
9 13 13 15 1400
9 11 14 8 3776
9 11 14 10 2878
9 11 14 12 1336
9 13 14 8 786
9 13 14 10 1476
9 13 14 12 432
9 11 15 9 942
9 11 15 11 3186
9 11 15 13 524
9 13 15 9 6386
9 13 15 11 3890
9 13 15 13 4390
10 14 0 2 1122
10 14 0 4 1234
10 14 0 6 5410
10 14 1 3 4878
10 14 1 5 4112
10 14 1 7 1646
10 14 2 0 3118
10 14 2 4 5278
10 14 2 6 858
10 14 3 1 7940
10 14 3 5 106
10 14 3 7 5166
10 14 4 0 98
10 14 4 2 580
10 14 4 6 1496
10 14 5 1 3968
10 14 5 3 804
10 14 5 7 4822
10 14 6 0 404
10 14 6 2 3456
10 14 6 4 3242
10 14 7 1 2120
10 14 7 3 462
10 14 7 5 1044
10 14 8 10 3368
10 14 8 12 2148
10 14 8 14 660
10 14 9 11 5016
10 14 9 13 6204
10 14 9 15 5252
10 14 10 8 1314
10 14 10 12 5418
10 14 10 14 2900
10 14 11 9 5470
10 14 11 13 916
10 14 11 15 4476
10 14 12 8 6040
10 14 12 10 6076
10 14 12 14 822
10 14 13 9 60
10 14 13 11 2036
10 14 13 15 1388
10 14 14 8 266
10 14 14 10 4010
10 14 14 12 5112
10 14 15 9 2852
10 14 15 11 2366
10 14 15 13 9396
11 15 0 2 2724
11 15 0 4 7676
11 15 0 6 1832
11 15 1 3 1370
11 15 1 5 1106
11 15 1 7 828
11 15 2 0 7006
11 15 2 4 2194
11 15 2 6 1702
11 15 3 1 4356
11 15 3 5 1344
11 15 3 7 1970
11 15 4 0 286
11 15 4 2 7258
11 15 4 6 984
11 15 5 1 2112
11 15 5 3 6068
11 15 5 7 1148
11 15 6 0 628
11 15 6 2 100
11 15 6 4 1532
11 15 7 1 7642
11 15 7 3 3014
11 15 7 5 1870
11 15 8 10 2502
11 15 8 12 920
11 15 8 14 344
11 15 9 11 4214
11 15 9 13 4850
11 15 9 15 5270
11 15 10 8 1342
11 15 10 12 300
11 15 10 14 2398
11 15 11 9 3120
11 15 11 13 4104
11 15 11 15 1120
11 15 12 8 856
11 15 12 10 5964
11 15 12 14 6248
11 15 13 9 1478
11 15 13 11 6084
11 15 13 15 7234
11 15 14 8 4004
11 15 14 10 3990
11 15 14 12 9282
11 15 15 9 252
11 15 15 11 3196
11 15 15 13 1282
12 14 0 2 306
12 14 0 4 422
12 14 0 6 832
12 14 1 3 4146
12 14 1 5 3484
12 14 1 7 368
12 14 2 0 246
12 14 2 4 7252
12 14 2 6 7144
12 14 3 1 1612
12 14 3 5 2208
12 14 3 7 2790
12 14 4 0 2158
12 14 4 2 3498
12 14 4 6 2522
12 14 5 1 5992
12 14 5 3 2364
12 14 5 7 696
12 14 6 0 1566
12 14 6 2 2110
12 14 6 4 2624
12 14 7 1 7624
12 14 7 3 3246
12 14 7 5 630
12 14 8 10 2954
12 14 8 12 2358
12 14 8 14 310
12 14 9 11 2790
12 14 9 13 1148
12 14 9 15 4554
12 14 10 8 5234
12 14 10 12 1934
12 14 10 14 7838
12 14 11 9 2848
12 14 11 13 10086
12 14 11 15 4998
12 14 12 8 7308
12 14 12 10 776
12 14 12 14 4080
12 14 13 9 6114
12 14 13 11 440
12 14 13 15 1186
12 14 14 8 52
12 14 14 10 7344
12 14 14 12 494
12 14 15 9 3062
12 14 15 11 814
12 14 15 13 2324
13 15 0 2 4286
13 15 0 4 5986
13 15 0 6 1108
13 15 1 3 4910
13 15 1 5 2192
13 15 1 7 1902
13 15 2 0 5064
13 15 2 4 6426
13 15 2 6 4206
13 15 3 1 6334
13 15 3 5 3772
13 15 3 7 2506
13 15 4 0 2242
13 15 4 2 4676
13 15 4 6 318
13 15 5 1 4962
13 15 5 3 1254
13 15 5 7 3538
13 15 6 0 4362
13 15 6 2 3974
13 15 6 4 3336
13 15 7 1 2306
13 15 7 3 2692
13 15 7 5 2098
13 15 8 10 4382
13 15 8 12 2110
13 15 8 14 176
13 15 9 11 3336
13 15 9 13 1610
13 15 9 15 276
13 15 10 8 776
13 15 10 12 1850
13 15 10 14 1634
13 15 11 9 4692
13 15 11 13 3964
13 15 11 15 6250
13 15 12 8 862
13 15 12 10 9898
13 15 12 14 1478
13 15 13 9 4780
13 15 13 11 208
13 15 13 15 1346
13 15 14 8 4798
13 15 14 10 2748
13 15 14 12 1242
13 15 15 9 4012
13 15 15 11 2708
13 15 15 13 4692
