0 2 0 2 2694
0 2 0 4 2536
0 2 0 6 7680
0 4 0 2 384
0 4 0 4 3336
0 4 0 6 776
0 8 0 2 8584
0 8 0 4 6792
0 8 0 6 1242
0 2 1 3 3768
0 2 1 5 2024
0 2 1 7 1024
0 4 1 3 870
0 4 1 5 2918
0 4 1 7 4108
0 8 1 3 2110
0 8 1 5 692
0 8 1 7 368
0 2 2 0 4172
0 2 2 4 6104
0 2 2 6 778
0 4 2 0 170
0 4 2 4 3054
0 4 2 6 364
0 8 2 0 1704
0 8 2 4 1008
0 8 2 6 1948
0 2 3 1 7284
0 2 3 5 3480
0 2 3 7 2758
0 4 3 1 8718
0 4 3 5 1284
0 4 3 7 2172
0 8 3 1 4122
0 8 3 5 4402
0 8 3 7 3292
0 2 4 0 9158
0 2 4 2 2408
0 2 4 6 1332
0 4 4 0 3638
0 4 4 2 6112
0 4 4 6 1486
0 8 4 0 4766
0 8 4 2 2206
0 8 4 6 3478
0 2 5 1 4004
0 2 5 3 6172
0 2 5 7 7780
0 4 5 1 5396
0 4 5 3 6098
0 4 5 7 5920
0 8 5 1 4602
0 8 5 3 1736
0 8 5 7 1024
0 2 6 0 1194
0 2 6 2 314
0 2 6 4 6838
0 4 6 0 2542
0 4 6 2 8556
0 4 6 4 6666
0 8 6 0 1114
0 8 6 2 3814
0 8 6 4 432
0 2 7 1 284
0 2 7 3 4366
0 2 7 5 1854
0 4 7 1 2608
0 4 7 3 778
0 4 7 5 764
0 8 7 1 6804
0 8 7 3 2584
0 8 7 5 10104
0 2 8 10 564
0 2 8 12 2658
0 2 8 14 3148
0 4 8 10 254
0 4 8 12 610
0 4 8 14 2618
0 8 8 10 2730
0 8 8 12 3430
0 8 8 14 1702
0 2 9 11 2086
0 2 9 13 4498
0 2 9 15 1628
0 4 9 11 3654
0 4 9 13 2834
0 4 9 15 1468
0 8 9 11 2288
0 8 9 13 1040
0 8 9 15 1136
0 2 10 8 2822
0 2 10 12 544
0 2 10 14 2302
0 4 10 8 1026
0 4 10 12 5452
0 4 10 14 6990
0 8 10 8 1150
0 8 10 12 1972
0 8 10 14 312
0 2 11 9 3790
0 2 11 13 3728
0 2 11 15 106
0 4 11 9 10184
0 4 11 13 1026
0 4 11 15 62
0 8 11 9 4760
0 8 11 13 2044
0 8 11 15 636
0 2 12 8 3368
0 2 12 10 2040
0 2 12 14 1124
0 4 12 8 542
0 4 12 10 148
0 4 12 14 8430
0 8 12 8 3632
0 8 12 10 1614
0 8 12 14 1918
0 2 13 9 3088
0 2 13 11 2148
0 2 13 15 3502
0 4 13 9 1276
0 4 13 11 846
0 4 13 15 1396
0 8 13 9 3582
0 8 13 11 5182
0 8 13 15 6716
0 2 14 8 2706
0 2 14 10 1550
0 2 14 12 1654
0 4 14 8 2396
0 4 14 10 7450
0 4 14 12 8432
0 8 14 8 5038
0 8 14 10 2650
0 8 14 12 374
0 2 15 9 1006
0 2 15 11 998
0 2 15 13 2300
0 4 15 9 5038
0 4 15 11 1330
0 4 15 13 4310
0 8 15 9 854
0 8 15 11 2678
0 8 15 13 8776
1 3 0 2 5788
1 3 0 4 1404
1 3 0 6 5682
1 5 0 2 372
1 5 0 4 3110
1 5 0 6 1536
1 9 0 2 3394
1 9 0 4 1294
1 9 0 6 3338
1 3 1 3 10178
1 3 1 5 10938
1 3 1 7 2508
1 5 1 3 476
1 5 1 5 3176
1 5 1 7 1028
1 9 1 3 6250
1 9 1 5 568
1 9 1 7 1134
1 3 2 0 1016
1 3 2 4 4146
1 3 2 6 1184
1 5 2 0 10582
1 5 2 4 9094
1 5 2 6 1290
1 9 2 0 4102
1 9 2 4 1208
1 9 2 6 3104
1 3 3 1 4160
1 3 3 5 178
1 3 3 7 2082
1 5 3 1 794
1 5 3 5 4396
1 5 3 7 2644
1 9 3 1 282
1 9 3 5 6304
1 9 3 7 1042
1 3 4 0 558
1 3 4 2 3252
1 3 4 6 7840
1 5 4 0 1556
1 5 4 2 696
1 5 4 6 2148
1 9 4 0 3200
1 9 4 2 646
1 9 4 6 7522
1 3 5 1 716
1 3 5 3 4316
1 3 5 7 1942
1 5 5 1 2430
1 5 5 3 5318
1 5 5 7 2420
1 9 5 1 2778
1 9 5 3 7600
1 9 5 7 2616
1 3 6 0 2182
1 3 6 2 2046
1 3 6 4 5614
1 5 6 0 3490
1 5 6 2 2786
1 5 6 4 1718
1 9 6 0 4856
1 9 6 2 7146
1 9 6 4 2458
1 3 7 1 1932
1 3 7 3 1454
1 3 7 5 1062
1 5 7 1 6568
1 5 7 3 5456
1 5 7 5 6442
1 9 7 1 210
1 9 7 3 3074
1 9 7 5 2496
1 3 8 10 4774
1 3 8 12 1478
1 3 8 14 798
1 5 8 10 98
1 5 8 12 2970
1 5 8 14 370
1 9 8 10 1958
1 9 8 12 254
1 9 8 14 5564
1 3 9 11 32
1 3 9 13 1648
1 3 9 15 384
1 5 9 11 1486
1 5 9 13 6770
1 5 9 15 6392
1 9 9 11 676
1 9 9 13 2184
1 9 9 15 2242
1 3 10 8 7390
1 3 10 12 2122
1 3 10 14 5778
1 5 10 8 1150
1 5 10 12 2458
1 5 10 14 3562
1 9 10 8 6624
1 9 10 12 1606
1 9 10 14 3190
1 3 11 9 6702
1 3 11 13 5104
1 3 11 15 2358
1 5 11 9 4494
1 5 11 13 2642
1 5 11 15 8068
1 9 11 9 3078
1 9 11 13 3126
1 9 11 15 1132
1 3 12 8 4226
1 3 12 10 2770
1 3 12 14 2332
1 5 12 8 2112
1 5 12 10 518
1 5 12 14 8570
1 9 12 8 1764
1 9 12 10 2574
1 9 12 14 548
1 3 13 9 1668
1 3 13 11 2558
1 3 13 15 2266
1 5 13 9 962
1 5 13 11 5012
1 5 13 15 36
1 9 13 9 2016
1 9 13 11 3450
1 9 13 15 1756
1 3 14 8 1072
1 3 14 10 4334
1 3 14 12 1112
1 5 14 8 3638
1 5 14 10 4306
1 5 14 12 668
1 9 14 8 2294
1 9 14 10 6348
1 9 14 12 2280
1 3 15 9 666
1 3 15 11 3578
1 3 15 13 56
1 5 15 9 5366
1 5 15 11 748
1 5 15 13 424
1 9 15 9 2856
1 9 15 11 2838
1 9 15 13 3202
2 6 0 2 2606
2 6 0 4 2184
2 6 0 6 3850
2 10 0 2 1540
2 10 0 4 1492
2 10 0 6 4536
2 6 1 3 3818
2 6 1 5 920
2 6 1 7 678
2 10 1 3 770
2 10 1 5 5010
2 10 1 7 3308
2 6 2 0 8924
2 6 2 4 244
2 6 2 6 318
2 10 2 0 3188
2 10 2 4 494
2 10 2 6 1556
2 6 3 1 2850
2 6 3 5 4814
2 6 3 7 1700
2 10 3 1 5228
2 10 3 5 5314
2 10 3 7 2150
2 6 4 0 3718
2 6 4 2 2748
2 6 4 6 288
2 10 4 0 4848
2 10 4 2 3010
2 10 4 6 3200
2 6 5 1 1916
2 6 5 3 1092
2 6 5 7 8142
2 10 5 1 4358
2 10 5 3 1998
2 10 5 7 552
2 6 6 0 5796
2 6 6 2 1790
2 6 6 4 654
2 10 6 0 8182
2 10 6 2 2280
2 10 6 4 2236
2 6 7 1 4862
2 6 7 3 2992
2 6 7 5 2644
2 10 7 1 3566
2 10 7 3 1294
2 10 7 5 2976
2 6 8 10 5012
2 6 8 12 944
2 6 8 14 3816
2 10 8 10 3574
2 10 8 12 1472
2 10 8 14 4554
2 6 9 11 6168
2 6 9 13 1188
2 6 9 15 8830
2 10 9 11 2670
2 10 9 13 5824
2 10 9 15 2108
2 6 10 8 9680
2 6 10 12 328
2 6 10 14 5550
2 10 10 8 332
2 10 10 12 274
2 10 10 14 8282
2 6 11 9 4946
2 6 11 13 4462
2 6 11 15 1928
2 10 11 9 5932
2 10 11 13 5830
2 10 11 15 5294
2 6 12 8 6026
2 6 12 10 1698
2 6 12 14 1582
2 10 12 8 708
2 10 12 10 942
2 10 12 14 5044
2 6 13 9 4374
2 6 13 11 138
2 6 13 15 3700
2 10 13 9 3588
2 10 13 11 2676
2 10 13 15 422
2 6 14 8 3350
2 6 14 10 5132
2 6 14 12 5116
2 10 14 8 192
2 10 14 10 3328
2 10 14 12 1294
2 6 15 9 2198
2 6 15 11 4570
2 6 15 13 368
2 10 15 9 1284
2 10 15 11 7550
2 10 15 13 1566
3 7 0 2 1050
3 7 0 4 1112
3 7 0 6 6802
3 11 0 2 2430
3 11 0 4 3456
3 11 0 6 1230
3 7 1 3 824
3 7 1 5 572
3 7 1 7 1570
3 11 1 3 1672
3 11 1 5 1308
3 11 1 7 4526
3 7 2 0 4392
3 7 2 4 460
3 7 2 6 5810
3 11 2 0 456
3 11 2 4 3096
3 11 2 6 5762
3 7 3 1 3516
3 7 3 5 344
3 7 3 7 3820
3 11 3 1 1664
3 11 3 5 5144
3 11 3 7 1390
3 7 4 0 1016
3 7 4 2 2388
3 7 4 6 3304
3 11 4 0 3520
3 11 4 2 1538
3 11 4 6 7286
3 7 5 1 7378
3 7 5 3 5142
3 7 5 7 412
3 11 5 1 7762
3 11 5 3 1396
3 11 5 7 6938
3 7 6 0 2602
3 7 6 2 948
3 7 6 4 180
3 11 6 0 250
3 11 6 2 1564
3 11 6 4 654
3 7 7 1 5360
3 7 7 3 5560
3 7 7 5 640
3 11 7 1 3186
3 11 7 3 6510
3 11 7 5 4016
3 7 8 10 722
3 7 8 12 1504
3 7 8 14 2314
3 11 8 10 1726
3 11 8 12 4778
3 11 8 14 1388
3 7 9 11 10368
3 7 9 13 3184
3 7 9 15 1150
3 11 9 11 4776
3 11 9 13 4412
3 11 9 15 9684
3 7 10 8 4226
3 7 10 12 3068
3 7 10 14 2928
3 11 10 8 346
3 11 10 12 4540
3 11 10 14 3152
3 7 11 9 1108
3 7 11 13 2976
3 7 11 15 1794
3 11 11 9 1926
3 11 11 13 1002
3 11 11 15 6668
3 7 12 8 1744
3 7 12 10 1188
3 7 12 14 3122
3 11 12 8 3824
3 11 12 10 4808
3 11 12 14 1212
3 7 13 9 2984
3 7 13 11 7810
3 7 13 15 3130
3 11 13 9 4312
3 11 13 11 3384
3 11 13 15 1006
3 7 14 8 1412
3 7 14 10 4228
3 7 14 12 1608
3 11 14 8 3016
3 11 14 10 1488
3 11 14 12 3888
3 7 15 9 2928
3 7 15 11 7090
3 7 15 13 3156
3 11 15 9 320
3 11 15 11 8962
3 11 15 13 3762
4 6 0 2 1610
4 6 0 4 6790
4 6 0 6 1532
4 12 0 2 2130
4 12 0 4 836
4 12 0 6 2178
4 6 1 3 4052
4 6 1 5 6916
4 6 1 7 1864
4 12 1 3 3502
4 12 1 5 2326
4 12 1 7 3134
4 6 2 0 4660
4 6 2 4 2956
4 6 2 6 4514
4 12 2 0 1552
4 12 2 4 1618
4 12 2 6 1354
4 6 3 1 5272
4 6 3 5 50
4 6 3 7 514
4 12 3 1 6476
4 12 3 5 4978
4 12 3 7 3430
4 6 4 0 7038
4 6 4 2 2646
4 6 4 6 318
4 12 4 0 3390
4 12 4 2 3926
4 12 4 6 8162
4 6 5 1 5960
4 6 5 3 2680
4 6 5 7 1694
4 12 5 1 4954
4 12 5 3 1198
4 12 5 7 6290
4 6 6 0 2290
4 6 6 2 10486
4 6 6 4 4226
4 12 6 0 2888
4 12 6 2 4110
4 12 6 4 1050
4 6 7 1 5180
4 6 7 3 806
4 6 7 5 464
4 12 7 1 290
4 12 7 3 5134
4 12 7 5 1624
4 6 8 10 1696
4 6 8 12 9708
4 6 8 14 4358
4 12 8 10 2462
4 12 8 12 34
4 12 8 14 1504
4 6 9 11 2604
4 6 9 13 1818
4 6 9 15 3598
4 12 9 11 2504
4 12 9 13 9800
4 12 9 15 4756
4 6 10 8 4880
4 6 10 12 3438
4 6 10 14 1992
4 12 10 8 8400
4 12 10 12 5680
4 12 10 14 800
4 6 11 9 748
4 6 11 13 6150
4 6 11 15 2752
4 12 11 9 2336
4 12 11 13 784
4 12 11 15 392
4 6 12 8 1274
4 6 12 10 202
4 6 12 14 496
4 12 12 8 1108
4 12 12 10 4748
4 12 12 14 3072
4 6 13 9 3864
4 6 13 11 6430
4 6 13 15 2252
4 12 13 9 6154
4 12 13 11 2788
4 12 13 15 2122
4 6 14 8 4266
4 6 14 10 4744
4 6 14 12 1134
4 12 14 8 3970
4 12 14 10 10612
4 12 14 12 1036
4 6 15 9 3818
4 6 15 11 5628
4 6 15 13 2528
4 12 15 9 976
4 12 15 11 1798
4 12 15 13 12240
5 7 0 2 2250
5 7 0 4 3804
5 7 0 6 120
5 13 0 2 4778
5 13 0 4 2672
5 13 0 6 2748
5 7 1 3 6600
5 7 1 5 7268
5 7 1 7 3088
5 13 1 3 342
5 13 1 5 3594
5 13 1 7 4070
5 7 2 0 4524
5 7 2 4 3286
5 7 2 6 1236
5 13 2 0 5410
5 13 2 4 4066
5 13 2 6 1556
5 7 3 1 3136
5 7 3 5 1400
5 7 3 7 268
5 13 3 1 4536
5 13 3 5 3876
5 13 3 7 2974
5 7 4 0 1550
5 7 4 2 3558
5 7 4 6 10
5 13 4 0 4818
5 13 4 2 1188
5 13 4 6 6626
5 7 5 1 3750
5 7 5 3 4808
5 7 5 7 2710
5 13 5 1 1802
5 13 5 3 5436
5 13 5 7 1744
5 7 6 0 1710
5 7 6 2 1176
5 7 6 4 2848
5 13 6 0 5852
5 13 6 2 4292
5 13 6 4 0
5 7 7 1 806
5 7 7 3 6030
5 7 7 5 2612
5 13 7 1 6014
5 13 7 3 2822
5 13 7 5 3840
5 7 8 10 470
5 7 8 12 3618
5 7 8 14 6074
5 13 8 10 1758
5 13 8 12 1408
5 13 8 14 6872
5 7 9 11 2836
5 7 9 13 3986
5 7 9 15 642
5 13 9 11 560
5 13 9 13 390
5 13 9 15 3114
5 7 10 8 338
5 7 10 12 2340
5 7 10 14 1072
5 13 10 8 7762
5 13 10 12 3674
5 13 10 14 7518
5 7 11 9 3514
5 7 11 13 2392
5 7 11 15 5596
5 13 11 9 1804
5 13 11 13 1106
5 13 11 15 5812
5 7 12 8 3402
5 7 12 10 5288
5 7 12 14 2176
5 13 12 8 244
5 13 12 10 2670
5 13 12 14 138
5 7 13 9 2542
5 7 13 11 5218
5 7 13 15 4850
5 13 13 9 1000
5 13 13 11 398
5 13 13 15 1890
5 7 14 8 5132
5 7 14 10 4652
5 7 14 12 9560
5 13 14 8 50
5 13 14 10 2408
5 13 14 12 3010
5 7 15 9 2616
5 7 15 11 6480
5 7 15 13 3686
5 13 15 9 6750
5 13 15 11 2790
5 13 15 13 3578
6 14 0 2 8092
6 14 0 4 4088
6 14 0 6 3062
6 14 1 3 4660
6 14 1 5 1026
6 14 1 7 8700
6 14 2 0 1538
6 14 2 4 7400
6 14 2 6 248
6 14 3 1 3240
6 14 3 5 2140
6 14 3 7 5560
6 14 4 0 5160
6 14 4 2 3378
6 14 4 6 2264
6 14 5 1 3358
6 14 5 3 530
6 14 5 7 2048
6 14 6 0 300
6 14 6 2 9938
6 14 6 4 2204
6 14 7 1 8938
6 14 7 3 1318
6 14 7 5 3410
6 14 8 10 1016
6 14 8 12 878
6 14 8 14 5062
6 14 9 11 1320
6 14 9 13 2924
6 14 9 15 6046
6 14 10 8 4832
6 14 10 12 1002
6 14 10 14 2516
6 14 11 9 4652
6 14 11 13 236
6 14 11 15 4212
6 14 12 8 7098
6 14 12 10 6338
6 14 12 14 7616
6 14 13 9 2234
6 14 13 11 7956
6 14 13 15 1642
6 14 14 8 4662
6 14 14 10 1516
6 14 14 12 2896
6 14 15 9 960
6 14 15 11 3200
6 14 15 13 1264
7 15 0 2 1356
7 15 0 4 2126
7 15 0 6 1538
7 15 1 3 4126
7 15 1 5 1264
7 15 1 7 884
7 15 2 0 8030
7 15 2 4 2648
7 15 2 6 684
7 15 3 1 158
7 15 3 5 2810
7 15 3 7 1652
7 15 4 0 4122
7 15 4 2 3014
7 15 4 6 2868
7 15 5 1 518
7 15 5 3 4196
7 15 5 7 2708
7 15 6 0 10868
7 15 6 2 7180
7 15 6 4 3940
7 15 7 1 5736
7 15 7 3 8560
7 15 7 5 1154
7 15 8 10 6792
7 15 8 12 1418
7 15 8 14 7976
7 15 9 11 10130
7 15 9 13 1536
7 15 9 15 8516
7 15 10 8 1980
7 15 10 12 3438
7 15 10 14 7114
7 15 11 9 164
7 15 11 13 972
7 15 11 15 4004
7 15 12 8 364
7 15 12 10 4018
7 15 12 14 3848
7 15 13 9 4128
7 15 13 11 2610
7 15 13 15 2882
7 15 14 8 3324
7 15 14 10 676
7 15 14 12 3824
7 15 15 9 4220
7 15 15 11 2058
7 15 15 13 234
8 10 0 2 5536
8 10 0 4 2156
8 10 0 6 2984
8 12 0 2 5004
8 12 0 4 4040
8 12 0 6 7160
8 10 1 3 86
8 10 1 5 2586
8 10 1 7 776
8 12 1 3 5368
8 12 1 5 3902
8 12 1 7 1960
8 10 2 0 164
8 10 2 4 1528
8 10 2 6 5584
8 12 2 0 2996
8 12 2 4 2878
8 12 2 6 7578
8 10 3 1 1274
8 10 3 5 160
8 10 3 7 5806
8 12 3 1 4020
8 12 3 5 558
8 12 3 7 894
8 10 4 0 1524
8 10 4 2 2420
8 10 4 6 1448
8 12 4 0 4276
8 12 4 2 1540
8 12 4 6 3528
8 10 5 1 936
8 10 5 3 3524
8 10 5 7 166
8 12 5 1 1746
8 12 5 3 5832
8 12 5 7 1276
8 10 6 0 556
8 10 6 2 332
8 10 6 4 8614
8 12 6 0 3506
8 12 6 2 7954
8 12 6 4 3386
8 10 7 1 1260
8 10 7 3 526
8 10 7 5 1196
8 12 7 1 2906
8 12 7 3 994
8 12 7 5 6558
8 10 8 10 1512
8 10 8 12 6696
8 10 8 14 558
8 12 8 10 2418
8 12 8 12 2638
8 12 8 14 5222
8 10 9 11 5832
8 10 9 13 7258
8 10 9 15 1102
8 12 9 11 4964
8 12 9 13 478
8 12 9 15 2288
8 10 10 8 608
8 10 10 12 1768
8 10 10 14 1810
8 12 10 8 3950
8 12 10 12 1216
8 12 10 14 7808
8 10 11 9 5024
8 10 11 13 1850
8 10 11 15 3012
8 12 11 9 1362
8 12 11 13 3188
8 12 11 15 6744
8 10 12 8 1316
8 10 12 10 1322
8 10 12 14 732
8 12 12 8 1598
8 12 12 10 624
8 12 12 14 9216
8 10 13 9 82
8 10 13 11 6438
8 10 13 15 4194
8 12 13 9 3500
8 12 13 11 3366
8 12 13 15 1390
8 10 14 8 6266
8 10 14 10 2736
8 10 14 12 728
8 12 14 8 570
8 12 14 10 634
8 12 14 12 5560
8 10 15 9 10952
8 10 15 11 5790
8 10 15 13 1838
8 12 15 9 2962
8 12 15 11 190
8 12 15 13 9386
9 11 0 2 320
9 11 0 4 4858
9 11 0 6 6644
9 13 0 2 1094
9 13 0 4 5646
9 13 0 6 1118
9 11 1 3 3146
9 11 1 5 6226
9 11 1 7 1528
9 13 1 3 4038
9 13 1 5 3180
9 13 1 7 1474
9 11 2 0 1660
9 11 2 4 8470
9 11 2 6 4352
9 13 2 0 1282
9 13 2 4 4030
9 13 2 6 1412
9 11 3 1 9828
9 11 3 5 4136
9 11 3 7 140
9 13 3 1 56
9 13 3 5 5132
9 13 3 7 2888
9 11 4 0 6834
9 11 4 2 708
9 11 4 6 3550
9 13 4 0 4150
9 13 4 2 3062
9 13 4 6 1336
9 11 5 1 6040
9 11 5 3 172
9 11 5 7 1992
9 13 5 1 3394
9 13 5 3 5508
9 13 5 7 2836
9 11 6 0 514
9 11 6 2 6006
9 11 6 4 5456
9 13 6 0 3622
9 13 6 2 1840
9 13 6 4 2988
9 11 7 1 626
9 11 7 3 4360
9 11 7 5 756
9 13 7 1 3656
9 13 7 3 4070
9 13 7 5 98
9 11 8 10 9088
9 11 8 12 5022
9 11 8 14 80
9 13 8 10 720
9 13 8 12 5236
9 13 8 14 766
9 11 9 11 4550
9 11 9 13 4318
9 11 9 15 6784
9 13 9 11 362
9 13 9 13 714
9 13 9 15 10104
9 11 10 8 744
9 11 10 12 3310
9 11 10 14 238
9 13 10 8 3962
9 13 10 12 5430
9 13 10 14 3630
9 11 11 9 488
9 11 11 13 4264
9 11 11 15 1768
9 13 11 9 3890
9 13 11 13 2402
9 13 11 15 3014
9 11 12 8 682
9 11 12 10 14
9 11 12 14 1934
9 13 12 8 2182
9 13 12 10 642
9 13 12 14 1696
9 11 13 9 1964
9 11 13 11 6904
9 11 13 15 1014
9 13 13 9 2160
9 13 13 11 976
9 13 13 15 8670
9 11 14 8 3542
9 11 14 10 1472
9 11 14 12 3716
9 13 14 8 724
9 13 14 10 562
9 13 14 12 2114
9 11 15 9 6530
9 11 15 11 3252
9 11 15 13 2460
9 13 15 9 8074
9 13 15 11 1296
9 13 15 13 5192
10 14 0 2 172
10 14 0 4 4212
10 14 0 6 918
10 14 1 3 5440
10 14 1 5 2864
10 14 1 7 1068
10 14 2 0 5630
10 14 2 4 3004
10 14 2 6 254
10 14 3 1 774
10 14 3 5 3038
10 14 3 7 5032
10 14 4 0 3166
10 14 4 2 4228
10 14 4 6 3036
10 14 5 1 1022
10 14 5 3 408
10 14 5 7 696
10 14 6 0 4506
10 14 6 2 886
10 14 6 4 1492
10 14 7 1 2092
10 14 7 3 5448
10 14 7 5 2404
10 14 8 10 4322
10 14 8 12 492
10 14 8 14 4698
10 14 9 11 3906
10 14 9 13 1898
10 14 9 15 4198
10 14 10 8 4474
10 14 10 12 10548
10 14 10 14 5700
10 14 11 9 3172
10 14 11 13 6228
10 14 11 15 2760
10 14 12 8 6042
10 14 12 10 5376
10 14 12 14 128
10 14 13 9 1762
10 14 13 11 404
10 14 13 15 1230
10 14 14 8 5034
10 14 14 10 2516
10 14 14 12 2474
10 14 15 9 1720
10 14 15 11 7376
10 14 15 13 5710
11 15 0 2 350
11 15 0 4 1308
11 15 0 6 4702
11 15 1 3 992
11 15 1 5 3152
11 15 1 7 2666
11 15 2 0 3652
11 15 2 4 5374
11 15 2 6 3054
11 15 3 1 4260
11 15 3 5 1942
11 15 3 7 2744
11 15 4 0 4202
11 15 4 2 4044
11 15 4 6 5570
11 15 5 1 3026
11 15 5 3 4986
11 15 5 7 2228
11 15 6 0 6902
11 15 6 2 3798
11 15 6 4 8042
11 15 7 1 5272
11 15 7 3 3860
11 15 7 5 200
11 15 8 10 300
11 15 8 12 2526
11 15 8 14 8408
11 15 9 11 2246
11 15 9 13 666
11 15 9 15 1036
11 15 10 8 6718
11 15 10 12 5448
11 15 10 14 932
11 15 11 9 3324
11 15 11 13 1016
11 15 11 15 2818
11 15 12 8 592
11 15 12 10 3780
11 15 12 14 1328
11 15 13 9 258
11 15 13 11 1140
11 15 13 15 1024
11 15 14 8 3826
11 15 14 10 3396
11 15 14 12 9870
11 15 15 9 7030
11 15 15 11 4344
11 15 15 13 3102
12 14 0 2 3184
12 14 0 4 5090
12 14 0 6 416
12 14 1 3 498
12 14 1 5 332
12 14 1 7 3760
12 14 2 0 1258
12 14 2 4 680
12 14 2 6 7604
12 14 3 1 6516
12 14 3 5 6458
12 14 3 7 7018
12 14 4 0 5058
12 14 4 2 70
12 14 4 6 1778
12 14 5 1 5330
12 14 5 3 414
12 14 5 7 4018
12 14 6 0 3494
12 14 6 2 1880
12 14 6 4 1218
12 14 7 1 8354
12 14 7 3 5076
12 14 7 5 1056
12 14 8 10 2658
12 14 8 12 338
12 14 8 14 2498
12 14 9 11 594
12 14 9 13 3788
12 14 9 15 4984
12 14 10 8 7386
12 14 10 12 2096
12 14 10 14 2510
12 14 11 9 684
12 14 11 13 1412
12 14 11 15 3904
12 14 12 8 2098
12 14 12 10 4760
12 14 12 14 6182
12 14 13 9 10308
12 14 13 11 3744
12 14 13 15 1622
12 14 14 8 1782
12 14 14 10 1642
12 14 14 12 3922
12 14 15 9 5390
12 14 15 11 3062
12 14 15 13 5668
13 15 0 2 7134
13 15 0 4 2602
13 15 0 6 6164
13 15 1 3 1904
13 15 1 5 5792
13 15 1 7 3712
13 15 2 0 5358
13 15 2 4 6470
13 15 2 6 3004
13 15 3 1 2450
13 15 3 5 888
13 15 3 7 3800
13 15 4 0 4726
13 15 4 2 860
13 15 4 6 7982
13 15 5 1 6548
13 15 5 3 6134
13 15 5 7 8946
13 15 6 0 770
13 15 6 2 1222
13 15 6 4 3672
13 15 7 1 1038
13 15 7 3 5936
13 15 7 5 1536
13 15 8 10 6916
13 15 8 12 2784
13 15 8 14 2552
13 15 9 11 2276
13 15 9 13 426
13 15 9 15 7540
13 15 10 8 1884
13 15 10 12 4036
13 15 10 14 5588
13 15 11 9 1804
13 15 11 13 814
13 15 11 15 4230
13 15 12 8 2728
13 15 12 10 2978
13 15 12 14 3392
13 15 13 9 1808
13 15 13 11 5504
13 15 13 15 2784
13 15 14 8 792
13 15 14 10 1894
13 15 14 12 3796
13 15 15 9 5456
13 15 15 11 9164
13 15 15 13 2026
