0 2 0 2 3838
0 2 0 4 7626
0 2 0 6 1976
0 4 0 2 4186
0 4 0 4 3998
0 4 0 6 1976
0 8 0 2 4958
0 8 0 4 292
0 8 0 6 2080
0 2 1 3 88
0 2 1 5 264
0 2 1 7 3580
0 4 1 3 4224
0 4 1 5 2634
0 4 1 7 826
0 8 1 3 5506
0 8 1 5 5072
0 8 1 7 2644
0 2 2 0 2062
0 2 2 4 3152
0 2 2 6 9224
0 4 2 0 4800
0 4 2 4 2294
0 4 2 6 200
0 8 2 0 170
0 8 2 4 0
0 8 2 6 2972
0 2 3 1 1378
0 2 3 5 9514
0 2 3 7 4664
0 4 3 1 2314
0 4 3 5 5922
0 4 3 7 5818
0 8 3 1 5774
0 8 3 5 6326
0 8 3 7 7784
0 2 4 0 842
0 2 4 2 710
0 2 4 6 8162
0 4 4 0 7334
0 4 4 2 1616
0 4 4 6 494
0 8 4 0 1664
0 8 4 2 740
0 8 4 6 1624
0 2 5 1 4474
0 2 5 3 8566
0 2 5 7 5024
0 4 5 1 2962
0 4 5 3 2068
0 4 5 7 2274
0 8 5 1 1352
0 8 5 3 1224
0 8 5 7 5332
0 2 6 0 6834
0 2 6 2 4966
0 2 6 4 3416
0 4 6 0 1780
0 4 6 2 2566
0 4 6 4 158
0 8 6 0 1864
0 8 6 2 956
0 8 6 4 2524
0 2 7 1 7390
0 2 7 3 3864
0 2 7 5 4480
0 4 7 1 1248
0 4 7 3 2742
0 4 7 5 2834
0 8 7 1 3420
0 8 7 3 7050
0 8 7 5 3422
0 2 8 10 592
0 2 8 12 5896
0 2 8 14 312
0 4 8 10 3964
0 4 8 12 1794
0 4 8 14 5058
0 8 8 10 140
0 8 8 12 3490
0 8 8 14 952
0 2 9 11 5082
0 2 9 13 2882
0 2 9 15 4166
0 4 9 11 2738
0 4 9 13 2938
0 4 9 15 4680
0 8 9 11 1248
0 8 9 13 442
0 8 9 15 1090
0 2 10 8 6016
0 2 10 12 3752
0 2 10 14 6452
0 4 10 8 2560
0 4 10 12 2584
0 4 10 14 2174
0 8 10 8 4544
0 8 10 12 5922
0 8 10 14 4104
0 2 11 9 2140
0 2 11 13 2034
0 2 11 15 2206
0 4 11 9 3548
0 4 11 13 4188
0 4 11 15 1106
0 8 11 9 2682
0 8 11 13 688
0 8 11 15 54
0 2 12 8 408
0 2 12 10 80
0 2 12 14 3488
0 4 12 8 1130
0 4 12 10 2450
0 4 12 14 6358
0 8 12 8 334
0 8 12 10 2330
0 8 12 14 13646
0 2 13 9 932
0 2 13 11 822
0 2 13 15 246
0 4 13 9 7434
0 4 13 11 3894
0 4 13 15 2008
0 8 13 9 1114
0 8 13 11 4
0 8 13 15 3612
0 2 14 8 1012
0 2 14 10 1494
0 2 14 12 4074
0 4 14 8 2322
0 4 14 10 2622
0 4 14 12 2792
0 8 14 8 6118
0 8 14 10 208
0 8 14 12 1026
0 2 15 9 2896
0 2 15 11 1672
0 2 15 13 3538
0 4 15 9 184
0 4 15 11 4092
0 4 15 13 1790
0 8 15 9 4540
0 8 15 11 898
0 8 15 13 5924
1 3 0 2 478
1 3 0 4 4020
1 3 0 6 234
1 5 0 2 5584
1 5 0 4 3900
1 5 0 6 496
1 9 0 2 4156
1 9 0 4 608
1 9 0 6 2246
1 3 1 3 434
1 3 1 5 428
1 3 1 7 1226
1 5 1 3 2910
1 5 1 5 6162
1 5 1 7 2054
1 9 1 3 560
1 9 1 5 1632
1 9 1 7 382
1 3 2 0 1680
1 3 2 4 1056
1 3 2 6 4250
1 5 2 0 5512
1 5 2 4 1550
1 5 2 6 4176
1 9 2 0 272
1 9 2 4 4858
1 9 2 6 3258
1 3 3 1 502
1 3 3 5 680
1 3 3 7 8854
1 5 3 1 1316
1 5 3 5 1164
1 5 3 7 7948
1 9 3 1 946
1 9 3 5 2706
1 9 3 7 1646
1 3 4 0 62
1 3 4 2 3330
1 3 4 6 488
1 5 4 0 2796
1 5 4 2 8104
1 5 4 6 3012
1 9 4 0 5358
1 9 4 2 5320
1 9 4 6 4634
1 3 5 1 2488
1 3 5 3 1622
1 3 5 7 2322
1 5 5 1 1676
1 5 5 3 2068
1 5 5 7 6462
1 9 5 1 5518
1 9 5 3 5692
1 9 5 7 1078
1 3 6 0 2618
1 3 6 2 1154
1 3 6 4 3124
1 5 6 0 392
1 5 6 2 2086
1 5 6 4 3918
1 9 6 0 2158
1 9 6 2 2476
1 9 6 4 2744
1 3 7 1 2170
1 3 7 3 4344
1 3 7 5 922
1 5 7 1 442
1 5 7 3 1034
1 5 7 5 1220
1 9 7 1 6096
1 9 7 3 2256
1 9 7 5 2754
1 3 8 10 3068
1 3 8 12 426
1 3 8 14 2058
1 5 8 10 3466
1 5 8 12 6816
1 5 8 14 294
1 9 8 10 5246
1 9 8 12 5440
1 9 8 14 3146
1 3 9 11 1302
1 3 9 13 1256
1 3 9 15 460
1 5 9 11 7272
1 5 9 13 6830
1 5 9 15 5678
1 9 9 11 472
1 9 9 13 2562
1 9 9 15 642
1 3 10 8 5196
1 3 10 12 7894
1 3 10 14 2880
1 5 10 8 22
1 5 10 12 2392
1 5 10 14 1526
1 9 10 8 4180
1 9 10 12 1260
1 9 10 14 3334
1 3 11 9 2170
1 3 11 13 1748
1 3 11 15 4380
1 5 11 9 572
1 5 11 13 3012
1 5 11 15 3766
1 9 11 9 5666
1 9 11 13 968
1 9 11 15 3498
1 3 12 8 4390
1 3 12 10 4416
1 3 12 14 1822
1 5 12 8 4090
1 5 12 10 1442
1 5 12 14 1680
1 9 12 8 1428
1 9 12 10 4374
1 9 12 14 5510
1 3 13 9 882
1 3 13 11 4798
1 3 13 15 1510
1 5 13 9 5396
1 5 13 11 3952
1 5 13 15 350
1 9 13 9 1700
1 9 13 11 140
1 9 13 15 978
1 3 14 8 3662
1 3 14 10 4920
1 3 14 12 3088
1 5 14 8 8312
1 5 14 10 46
1 5 14 12 298
1 9 14 8 1442
1 9 14 10 4174
1 9 14 12 1974
1 3 15 9 2416
1 3 15 11 714
1 3 15 13 8378
1 5 15 9 1720
1 5 15 11 2310
1 5 15 13 2380
1 9 15 9 5740
1 9 15 11 838
1 9 15 13 888
2 6 0 2 2256
2 6 0 4 4042
2 6 0 6 2092
2 10 0 2 5014
2 10 0 4 222
2 10 0 6 2544
2 6 1 3 2678
2 6 1 5 806
2 6 1 7 2906
2 10 1 3 42
2 10 1 5 10914
2 10 1 7 3268
2 6 2 0 730
2 6 2 4 4232
2 6 2 6 7650
2 10 2 0 4100
2 10 2 4 2068
2 10 2 6 7726
2 6 3 1 2874
2 6 3 5 4942
2 6 3 7 3536
2 10 3 1 2878
2 10 3 5 5756
2 10 3 7 1818
2 6 4 0 4284
2 6 4 2 2708
2 6 4 6 3146
2 10 4 0 592
2 10 4 2 2902
2 10 4 6 602
2 6 5 1 3362
2 6 5 3 284
2 6 5 7 248
2 10 5 1 6686
2 10 5 3 5554
2 10 5 7 1852
2 6 6 0 1168
2 6 6 2 2688
2 6 6 4 2602
2 10 6 0 4244
2 10 6 2 4790
2 10 6 4 2020
2 6 7 1 2160
2 6 7 3 4816
2 6 7 5 3248
2 10 7 1 1424
2 10 7 3 510
2 10 7 5 6864
2 6 8 10 4412
2 6 8 12 3484
2 6 8 14 1592
2 10 8 10 2242
2 10 8 12 1432
2 10 8 14 754
2 6 9 11 4762
2 6 9 13 574
2 6 9 15 1168
2 10 9 11 3718
2 10 9 13 2012
2 10 9 15 4712
2 6 10 8 1592
2 6 10 12 4520
2 6 10 14 1116
2 10 10 8 1132
2 10 10 12 3376
2 10 10 14 2572
2 6 11 9 4434
2 6 11 13 2456
2 6 11 15 4624
2 10 11 9 5834
2 10 11 13 2656
2 10 11 15 3754
2 6 12 8 1774
2 6 12 10 12568
2 6 12 14 4954
2 10 12 8 1082
2 10 12 10 5176
2 10 12 14 2348
2 6 13 9 5792
2 6 13 11 392
2 6 13 15 6520
2 10 13 9 3696
2 10 13 11 4948
2 10 13 15 44
2 6 14 8 1386
2 6 14 10 3674
2 6 14 12 9048
2 10 14 8 8454
2 10 14 10 1586
2 10 14 12 8148
2 6 15 9 2996
2 6 15 11 5016
2 6 15 13 62
2 10 15 9 332
2 10 15 11 440
2 10 15 13 7424
3 7 0 2 7690
3 7 0 4 1148
3 7 0 6 1820
3 11 0 2 7386
3 11 0 4 5280
3 11 0 6 11710
3 7 1 3 8898
3 7 1 5 696
3 7 1 7 2166
3 11 1 3 4598
3 11 1 5 6026
3 11 1 7 3556
3 7 2 0 686
3 7 2 4 272
3 7 2 6 2320
3 11 2 0 5134
3 11 2 4 6448
3 11 2 6 8318
3 7 3 1 1334
3 7 3 5 28
3 7 3 7 2396
3 11 3 1 1962
3 11 3 5 1414
3 11 3 7 3814
3 7 4 0 7864
3 7 4 2 708
3 7 4 6 1132
3 11 4 0 1672
3 11 4 2 5646
3 11 4 6 10200
3 7 5 1 2910
3 7 5 3 4576
3 7 5 7 2666
3 11 5 1 654
3 11 5 3 1972
3 11 5 7 1202
3 7 6 0 7370
3 7 6 2 11702
3 7 6 4 5406
3 11 6 0 1258
3 11 6 2 92
3 11 6 4 582
3 7 7 1 7764
3 7 7 3 964
3 7 7 5 1144
3 11 7 1 1392
3 11 7 3 2874
3 11 7 5 4836
3 7 8 10 2
3 7 8 12 1936
3 7 8 14 874
3 11 8 10 6576
3 11 8 12 4000
3 11 8 14 1290
3 7 9 11 394
3 7 9 13 5728
3 7 9 15 3908
3 11 9 11 528
3 11 9 13 126
3 11 9 15 4264
3 7 10 8 6920
3 7 10 12 5122
3 7 10 14 6350
3 11 10 8 6216
3 11 10 12 3450
3 11 10 14 5874
3 7 11 9 3224
3 7 11 13 2624
3 7 11 15 3150
3 11 11 9 3518
3 11 11 13 1146
3 11 11 15 1896
3 7 12 8 72
3 7 12 10 2956
3 7 12 14 3596
3 11 12 8 4616
3 11 12 10 14412
3 11 12 14 5626
3 7 13 9 2540
3 7 13 11 2744
3 7 13 15 2584
3 11 13 9 1214
3 11 13 11 1724
3 11 13 15 5078
3 7 14 8 2778
3 7 14 10 4474
3 7 14 12 3950
3 11 14 8 1392
3 11 14 10 4348
3 11 14 12 2530
3 7 15 9 766
3 7 15 11 2594
3 7 15 13 3064
3 11 15 9 5994
3 11 15 11 1660
3 11 15 13 404
4 6 0 2 1504
4 6 0 4 1170
4 6 0 6 118
4 12 0 2 752
4 12 0 4 1508
4 12 0 6 2694
4 6 1 3 7656
4 6 1 5 4160
4 6 1 7 4774
4 12 1 3 5990
4 12 1 5 1092
4 12 1 7 5954
4 6 2 0 4408
4 6 2 4 2348
4 6 2 6 142
4 12 2 0 2404
4 12 2 4 5336
4 12 2 6 5124
4 6 3 1 1660
4 6 3 5 276
4 6 3 7 1882
4 12 3 1 1338
4 12 3 5 3972
4 12 3 7 5718
4 6 4 0 9220
4 6 4 2 7842
4 6 4 6 4228
4 12 4 0 112
4 12 4 2 5962
4 12 4 6 1558
4 6 5 1 5520
4 6 5 3 360
4 6 5 7 2868
4 12 5 1 4094
4 12 5 3 120
4 12 5 7 158
4 6 6 0 2878
4 6 6 2 11440
4 6 6 4 8384
4 12 6 0 2414
4 12 6 2 4018
4 12 6 4 3652
4 6 7 1 2494
4 6 7 3 1300
4 6 7 5 5520
4 12 7 1 424
4 12 7 3 1926
4 12 7 5 568
4 6 8 10 708
4 6 8 12 2638
4 6 8 14 296
4 12 8 10 1042
4 12 8 12 426
4 12 8 14 1376
4 6 9 11 838
4 6 9 13 1024
4 6 9 15 7496
4 12 9 11 8228
4 12 9 13 4900
4 12 9 15 5936
4 6 10 8 756
4 6 10 12 6474
4 6 10 14 984
4 12 10 8 5476
4 12 10 12 3446
4 12 10 14 2400
4 6 11 9 4830
4 6 11 13 2014
4 6 11 15 1242
4 12 11 9 2610
4 12 11 13 42
4 12 11 15 1254
4 6 12 8 9554
4 6 12 10 4156
4 6 12 14 4174
4 12 12 8 8080
4 12 12 10 4538
4 12 12 14 2718
4 6 13 9 3318
4 6 13 11 4004
4 6 13 15 4224
4 12 13 9 2550
4 12 13 11 6394
4 12 13 15 9946
4 6 14 8 136
4 6 14 10 834
4 6 14 12 8760
4 12 14 8 6222
4 12 14 10 702
4 12 14 12 1976
4 6 15 9 4402
4 6 15 11 592
4 6 15 13 1268
4 12 15 9 3814
4 12 15 11 7936
4 12 15 13 14
5 7 0 2 1062
5 7 0 4 12900
5 7 0 6 5188
5 13 0 2 1486
5 13 0 4 4924
5 13 0 6 4966
5 7 1 3 2292
5 7 1 5 4726
5 7 1 7 2866
5 13 1 3 4350
5 13 1 5 3224
5 13 1 7 3044
5 7 2 0 5262
5 7 2 4 4088
5 7 2 6 1454
5 13 2 0 638
5 13 2 4 5836
5 13 2 6 3328
5 7 3 1 3262
5 7 3 5 6114
5 7 3 7 2932
5 13 3 1 8416
5 13 3 5 2970
5 13 3 7 944
5 7 4 0 4476
5 7 4 2 3522
5 7 4 6 3980
5 13 4 0 2714
5 13 4 2 5202
5 13 4 6 2746
5 7 5 1 4036
5 7 5 3 2136
5 7 5 7 4344
5 13 5 1 4504
5 13 5 3 728
5 13 5 7 918
5 7 6 0 806
5 7 6 2 956
5 7 6 4 6470
5 13 6 0 3848
5 13 6 2 1246
5 13 6 4 820
5 7 7 1 1518
5 7 7 3 3340
5 7 7 5 2038
5 13 7 1 808
5 13 7 3 6386
5 13 7 5 1384
5 7 8 10 442
5 7 8 12 3382
5 7 8 14 3466
5 13 8 10 1544
5 13 8 12 182
5 13 8 14 7028
5 7 9 11 3624
5 7 9 13 1518
5 7 9 15 1144
5 13 9 11 2782
5 13 9 13 2458
5 13 9 15 5192
5 7 10 8 8340
5 7 10 12 4758
5 7 10 14 2712
5 13 10 8 2480
5 13 10 12 2908
5 13 10 14 3864
5 7 11 9 12514
5 7 11 13 2290
5 7 11 15 3652
5 13 11 9 1462
5 13 11 13 638
5 13 11 15 4606
5 7 12 8 3894
5 7 12 10 1974
5 7 12 14 2304
5 13 12 8 7054
5 13 12 10 5198
5 13 12 14 1496
5 7 13 9 6936
5 7 13 11 1988
5 7 13 15 880
5 13 13 9 4244
5 13 13 11 3930
5 13 13 15 956
5 7 14 8 4506
5 7 14 10 3770
5 7 14 12 138
5 13 14 8 3748
5 13 14 10 3138
5 13 14 12 34
5 7 15 9 5618
5 7 15 11 9104
5 7 15 13 3180
5 13 15 9 5738
5 13 15 11 1592
5 13 15 13 3630
6 14 0 2 3818
6 14 0 4 8178
6 14 0 6 3694
6 14 1 3 572
6 14 1 5 3334
6 14 1 7 306
6 14 2 0 522
6 14 2 4 2222
6 14 2 6 2598
6 14 3 1 2242
6 14 3 5 2010
6 14 3 7 3444
6 14 4 0 2554
6 14 4 2 1216
6 14 4 6 5924
6 14 5 1 3806
6 14 5 3 2824
6 14 5 7 8050
6 14 6 0 1254
6 14 6 2 402
6 14 6 4 842
6 14 7 1 3098
6 14 7 3 5550
6 14 7 5 3816
6 14 8 10 3322
6 14 8 12 4444
6 14 8 14 1862
6 14 9 11 2634
6 14 9 13 3154
6 14 9 15 3650
6 14 10 8 1384
6 14 10 12 3066
6 14 10 14 1774
6 14 11 9 3696
6 14 11 13 3912
6 14 11 15 2462
6 14 12 8 6360
6 14 12 10 2112
6 14 12 14 2614
6 14 13 9 6026
6 14 13 11 514
6 14 13 15 4914
6 14 14 8 1416
6 14 14 10 996
6 14 14 12 1658
6 14 15 9 4564
6 14 15 11 446
6 14 15 13 3468
7 15 0 2 1910
7 15 0 4 5012
7 15 0 6 5084
7 15 1 3 6734
7 15 1 5 1354
7 15 1 7 124
7 15 2 0 5888
7 15 2 4 1760
7 15 2 6 644
7 15 3 1 2552
7 15 3 5 6434
7 15 3 7 4710
7 15 4 0 536
7 15 4 2 680
7 15 4 6 1836
7 15 5 1 302
7 15 5 3 728
7 15 5 7 1144
7 15 6 0 4296
7 15 6 2 6134
7 15 6 4 7476
7 15 7 1 6454
7 15 7 3 2046
7 15 7 5 1168
7 15 8 10 214
7 15 8 12 3922
7 15 8 14 1950
7 15 9 11 1988
7 15 9 13 392
7 15 9 15 1000
7 15 10 8 5942
7 15 10 12 5342
7 15 10 14 2678
7 15 11 9 5876
7 15 11 13 3676
7 15 11 15 2224
7 15 12 8 4770
7 15 12 10 1804
7 15 12 14 660
7 15 13 9 3472
7 15 13 11 4
7 15 13 15 0
7 15 14 8 4582
7 15 14 10 330
7 15 14 12 3142
7 15 15 9 4422
7 15 15 11 2362
7 15 15 13 1388
8 10 0 2 3350
8 10 0 4 2738
8 10 0 6 4722
8 12 0 2 1642
8 12 0 4 216
8 12 0 6 5114
8 10 1 3 176
8 10 1 5 5048
8 10 1 7 2286
8 12 1 3 250
8 12 1 5 1928
8 12 1 7 4710
8 10 2 0 6288
8 10 2 4 10128
8 10 2 6 6254
8 12 2 0 4146
8 12 2 4 432
8 12 2 6 3896
8 10 3 1 7736
8 10 3 5 3908
8 10 3 7 3042
8 12 3 1 2102
8 12 3 5 6868
8 12 3 7 1906
8 10 4 0 3110
8 10 4 2 1936
8 10 4 6 4272
8 12 4 0 6996
8 12 4 2 6444
8 12 4 6 1870
8 10 5 1 4590
8 10 5 3 1922
8 10 5 7 2804
8 12 5 1 2258
8 12 5 3 4530
8 12 5 7 1326
8 10 6 0 1666
8 10 6 2 1158
8 10 6 4 3136
8 12 6 0 8656
8 12 6 2 3374
8 12 6 4 5420
8 10 7 1 5158
8 10 7 3 2668
8 10 7 5 606
8 12 7 1 2644
8 12 7 3 4106
8 12 7 5 4900
8 10 8 10 210
8 10 8 12 3422
8 10 8 14 868
8 12 8 10 7796
8 12 8 12 4216
8 12 8 14 12
8 10 9 11 3232
8 10 9 13 1822
8 10 9 15 1938
8 12 9 11 7838
8 12 9 13 7300
8 12 9 15 1678
8 10 10 8 3000
8 10 10 12 5938
8 10 10 14 2334
8 12 10 8 308
8 12 10 12 4292
8 12 10 14 3438
8 10 11 9 2978
8 10 11 13 1364
8 10 11 15 7608
8 12 11 9 3604
8 12 11 13 2922
8 12 11 15 1828
8 10 12 8 4594
8 10 12 10 2802
8 10 12 14 4786
8 12 12 8 4664
8 12 12 10 1678
8 12 12 14 4108
8 10 13 9 3290
8 10 13 11 4322
8 10 13 15 3660
8 12 13 9 100
8 12 13 11 1302
8 12 13 15 2982
8 10 14 8 3024
8 10 14 10 1272
8 10 14 12 6362
8 12 14 8 32
8 12 14 10 202
8 12 14 12 9410
8 10 15 9 2100
8 10 15 11 4950
8 10 15 13 4856
8 12 15 9 7082
8 12 15 11 794
8 12 15 13 4806
9 11 0 2 3904
9 11 0 4 154
9 11 0 6 6112
9 13 0 2 1696
9 13 0 4 1842
9 13 0 6 5906
9 11 1 3 4718
9 11 1 5 3184
9 11 1 7 382
9 13 1 3 342
9 13 1 5 4652
9 13 1 7 8540
9 11 2 0 2510
9 11 2 4 6402
9 11 2 6 1548
9 13 2 0 4404
9 13 2 4 2308
9 13 2 6 2448
9 11 3 1 4700
9 11 3 5 4226
9 11 3 7 5184
9 13 3 1 76
9 13 3 5 1826
9 13 3 7 5874
9 11 4 0 2836
9 11 4 2 230
9 11 4 6 5420
9 13 4 0 890
9 13 4 2 3384
9 13 4 6 5544
9 11 5 1 2982
9 11 5 3 1242
9 11 5 7 3772
9 13 5 1 2638
9 13 5 3 942
9 13 5 7 840
9 11 6 0 270
9 11 6 2 1596
9 11 6 4 872
9 13 6 0 4290
9 13 6 2 54
9 13 6 4 3282
9 11 7 1 158
9 11 7 3 3844
9 11 7 5 5784
9 13 7 1 3282
9 13 7 3 5116
9 13 7 5 2826
9 11 8 10 622
9 11 8 12 6030
9 11 8 14 2116
9 13 8 10 6748
9 13 8 12 948
9 13 8 14 338
9 11 9 11 6128
9 11 9 13 1232
9 11 9 15 2660
9 13 9 11 544
9 13 9 13 1616
9 13 9 15 1302
9 11 10 8 4054
9 11 10 12 7820
9 11 10 14 2908
9 13 10 8 2794
9 13 10 12 6974
9 13 10 14 4170
9 11 11 9 1252
9 11 11 13 696
9 11 11 15 1242
9 13 11 9 1548
9 13 11 13 3904
9 13 11 15 2052
9 11 12 8 6404
9 11 12 10 1654
9 11 12 14 1520
9 13 12 8 2686
9 13 12 10 3180
9 13 12 14 5766
9 11 13 9 3160
9 11 13 11 608
9 11 13 15 1044
9 13 13 9 1566
9 13 13 11 2892
9 13 13 15 4708
9 11 14 8 4266
9 11 14 10 1318
9 11 14 12 3746
9 13 14 8 3004
9 13 14 10 6522
9 13 14 12 446
9 11 15 9 5378
9 11 15 11 3832
9 11 15 13 3772
9 13 15 9 4328
9 13 15 11 924
9 13 15 13 502
10 14 0 2 3684
10 14 0 4 9544
10 14 0 6 1006
10 14 1 3 5548
10 14 1 5 9692
10 14 1 7 482
10 14 2 0 1394
10 14 2 4 1960
10 14 2 6 424
10 14 3 1 3074
10 14 3 5 836
10 14 3 7 3166
10 14 4 0 1388
10 14 4 2 1726
10 14 4 6 468
10 14 5 1 1068
10 14 5 3 784
10 14 5 7 2030
10 14 6 0 4756
10 14 6 2 3548
10 14 6 4 4606
10 14 7 1 954
10 14 7 3 3070
10 14 7 5 1788
10 14 8 10 5354
10 14 8 12 5118
10 14 8 14 5076
10 14 9 11 4022
10 14 9 13 3780
10 14 9 15 3144
10 14 10 8 8456
10 14 10 12 566
10 14 10 14 3054
10 14 11 9 1602
10 14 11 13 2532
10 14 11 15 7134
10 14 12 8 3212
10 14 12 10 3228
10 14 12 14 10436
10 14 13 9 6046
10 14 13 11 1584
10 14 13 15 2570
10 14 14 8 2466
10 14 14 10 2602
10 14 14 12 1820
10 14 15 9 7066
10 14 15 11 92
10 14 15 13 5490
11 15 0 2 2902
11 15 0 4 1376
11 15 0 6 86
11 15 1 3 1950
11 15 1 5 940
11 15 1 7 3346
11 15 2 0 504
11 15 2 4 7544
11 15 2 6 702
11 15 3 1 1436
11 15 3 5 9670
11 15 3 7 8388
11 15 4 0 4232
11 15 4 2 1522
11 15 4 6 6738
11 15 5 1 7202
11 15 5 3 84
11 15 5 7 1784
11 15 6 0 5384
11 15 6 2 4392
11 15 6 4 3566
11 15 7 1 944
11 15 7 3 5244
11 15 7 5 5228
11 15 8 10 6606
11 15 8 12 952
11 15 8 14 2258
11 15 9 11 710
11 15 9 13 3366
11 15 9 15 3788
11 15 10 8 5512
11 15 10 12 4198
11 15 10 14 1538
11 15 11 9 3128
11 15 11 13 220
11 15 11 15 644
11 15 12 8 1234
11 15 12 10 5076
11 15 12 14 1998
11 15 13 9 6532
11 15 13 11 2
11 15 13 15 412
11 15 14 8 4500
11 15 14 10 4128
11 15 14 12 4464
11 15 15 9 1836
11 15 15 11 1698
11 15 15 13 3936
12 14 0 2 8422
12 14 0 4 3180
12 14 0 6 3126
12 14 1 3 5902
12 14 1 5 3512
12 14 1 7 7576
12 14 2 0 556
12 14 2 4 760
12 14 2 6 4758
12 14 3 1 1594
12 14 3 5 3066
12 14 3 7 924
12 14 4 0 6270
12 14 4 2 4838
12 14 4 6 1382
12 14 5 1 2362
12 14 5 3 326
12 14 5 7 2924
12 14 6 0 4938
12 14 6 2 2878
12 14 6 4 118
12 14 7 1 704
12 14 7 3 4386
12 14 7 5 6046
12 14 8 10 1922
12 14 8 12 1686
12 14 8 14 4916
12 14 9 11 568
12 14 9 13 5632
12 14 9 15 804
12 14 10 8 4184
12 14 10 12 1038
12 14 10 14 6550
12 14 11 9 6098
12 14 11 13 5708
12 14 11 15 2164
12 14 12 8 4600
12 14 12 10 5376
12 14 12 14 6826
12 14 13 9 3354
12 14 13 11 3042
12 14 13 15 4710
12 14 14 8 1836
12 14 14 10 2100
12 14 14 12 1858
12 14 15 9 520
12 14 15 11 3882
12 14 15 13 5560
13 15 0 2 6696
13 15 0 4 3506
13 15 0 6 960
13 15 1 3 1066
13 15 1 5 844
13 15 1 7 1276
13 15 2 0 58
13 15 2 4 2008
13 15 2 6 864
13 15 3 1 778
13 15 3 5 3228
13 15 3 7 2294
13 15 4 0 5470
13 15 4 2 808
13 15 4 6 2426
13 15 5 1 980
13 15 5 3 556
13 15 5 7 4728
13 15 6 0 7556
13 15 6 2 2110
13 15 6 4 3138
13 15 7 1 898
13 15 7 3 2458
13 15 7 5 2148
13 15 8 10 3736
13 15 8 12 3272
13 15 8 14 2478
13 15 9 11 3058
13 15 9 13 2788
13 15 9 15 2810
13 15 10 8 6524
13 15 10 12 1512
13 15 10 14 1988
13 15 11 9 394
13 15 11 13 4426
13 15 11 15 2146
13 15 12 8 5504
13 15 12 10 3352
13 15 12 14 242
13 15 13 9 1174
13 15 13 11 1552
13 15 13 15 8744
13 15 14 8 3244
13 15 14 10 4190
13 15 14 12 2848
13 15 15 9 2102
13 15 15 11 2172
13 15 15 13 3642
