0 2 0 2 1860
0 2 0 4 3212
0 2 0 6 1748
0 4 0 2 2670
0 4 0 4 8246
0 4 0 6 4052
0 8 0 2 6266
0 8 0 4 298
0 8 0 6 1924
0 2 1 3 1502
0 2 1 5 2972
0 2 1 7 384
0 4 1 3 4288
0 4 1 5 1354
0 4 1 7 1030
0 8 1 3 226
0 8 1 5 3108
0 8 1 7 6122
0 2 2 0 714
0 2 2 4 1252
0 2 2 6 3556
0 4 2 0 2010
0 4 2 4 1818
0 4 2 6 4410
0 8 2 0 3192
0 8 2 4 1270
0 8 2 6 4274
0 2 3 1 2976
0 2 3 5 9290
0 2 3 7 1502
0 4 3 1 7590
0 4 3 5 1062
0 4 3 7 3682
0 8 3 1 2820
0 8 3 5 890
0 8 3 7 6258
0 2 4 0 2192
0 2 4 2 234
0 2 4 6 5868
0 4 4 0 5980
0 4 4 2 2758
0 4 4 6 6430
0 8 4 0 292
0 8 4 2 2530
0 8 4 6 4902
0 2 5 1 5194
0 2 5 3 6520
0 2 5 7 8082
0 4 5 1 6666
0 4 5 3 1952
0 4 5 7 1352
0 8 5 1 3526
0 8 5 3 1692
0 8 5 7 598
0 2 6 0 1486
0 2 6 2 6506
0 2 6 4 6970
0 4 6 0 302
0 4 6 2 4510
0 4 6 4 390
0 8 6 0 7706
0 8 6 2 3606
0 8 6 4 1508
0 2 7 1 564
0 2 7 3 1354
0 2 7 5 7150
0 4 7 1 1142
0 4 7 3 4324
0 4 7 5 68
0 8 7 1 710
0 8 7 3 3600
0 8 7 5 5066
0 2 8 10 5744
0 2 8 12 3314
0 2 8 14 9776
0 4 8 10 7350
0 4 8 12 816
0 4 8 14 8396
0 8 8 10 696
0 8 8 12 2108
0 8 8 14 1448
0 2 9 11 4252
0 2 9 13 2248
0 2 9 15 260
0 4 9 11 5456
0 4 9 13 3676
0 4 9 15 6750
0 8 9 11 3446
0 8 9 13 1974
0 8 9 15 226
0 2 10 8 2290
0 2 10 12 270
0 2 10 14 4544
0 4 10 8 3326
0 4 10 12 5118
0 4 10 14 4618
0 8 10 8 1884
0 8 10 12 1812
0 8 10 14 3444
0 2 11 9 2048
0 2 11 13 2546
0 2 11 15 264
0 4 11 9 4286
0 4 11 13 5958
0 4 11 15 946
0 8 11 9 7800
0 8 11 13 1822
0 8 11 15 1046
0 2 12 8 3328
0 2 12 10 5076
0 2 12 14 3738
0 4 12 8 1046
0 4 12 10 2880
0 4 12 14 2408
0 8 12 8 64
0 8 12 10 3006
0 8 12 14 666
0 2 13 9 6706
0 2 13 11 2626
0 2 13 15 864
0 4 13 9 2960
0 4 13 11 1376
0 4 13 15 1710
0 8 13 9 12014
0 8 13 11 2086
0 8 13 15 830
0 2 14 8 3000
0 2 14 10 5318
0 2 14 12 4174
0 4 14 8 6676
0 4 14 10 4590
0 4 14 12 3366
0 8 14 8 192
0 8 14 10 3124
0 8 14 12 1176
0 2 15 9 2852
0 2 15 11 1180
0 2 15 13 7680
0 4 15 9 5166
0 4 15 11 1166
0 4 15 13 1850
0 8 15 9 5220
0 8 15 11 1744
0 8 15 13 852
1 3 0 2 6516
1 3 0 4 2840
1 3 0 6 882
1 5 0 2 1660
1 5 0 4 5106
1 5 0 6 496
1 9 0 2 2488
1 9 0 4 2684
1 9 0 6 948
1 3 1 3 1064
1 3 1 5 7342
1 3 1 7 2610
1 5 1 3 3378
1 5 1 5 4270
1 5 1 7 4230
1 9 1 3 4906
1 9 1 5 422
1 9 1 7 1714
1 3 2 0 626
1 3 2 4 2134
1 3 2 6 954
1 5 2 0 5682
1 5 2 4 6036
1 5 2 6 1862
1 9 2 0 2192
1 9 2 4 9364
1 9 2 6 3702
1 3 3 1 2112
1 3 3 5 2438
1 3 3 7 2842
1 5 3 1 130
1 5 3 5 5204
1 5 3 7 1864
1 9 3 1 3406
1 9 3 5 770
1 9 3 7 714
1 3 4 0 3176
1 3 4 2 6074
1 3 4 6 1664
1 5 4 0 3832
1 5 4 2 1276
1 5 4 6 734
1 9 4 0 920
1 9 4 2 2730
1 9 4 6 298
1 3 5 1 11422
1 3 5 3 1454
1 3 5 7 5664
1 5 5 1 4436
1 5 5 3 782
1 5 5 7 5108
1 9 5 1 1044
1 9 5 3 5050
1 9 5 7 904
1 3 6 0 2610
1 3 6 2 6510
1 3 6 4 3206
1 5 6 0 106
1 5 6 2 4606
1 5 6 4 7800
1 9 6 0 2646
1 9 6 2 268
1 9 6 4 5612
1 3 7 1 2398
1 3 7 3 3932
1 3 7 5 1298
1 5 7 1 658
1 5 7 3 2090
1 5 7 5 1380
1 9 7 1 7340
1 9 7 3 4180
1 9 7 5 6056
1 3 8 10 4764
1 3 8 12 130
1 3 8 14 1778
1 5 8 10 9134
1 5 8 12 1330
1 5 8 14 172
1 9 8 10 1654
1 9 8 12 2066
1 9 8 14 18
1 3 9 11 1672
1 3 9 13 2528
1 3 9 15 8516
1 5 9 11 1966
1 5 9 13 5666
1 5 9 15 3656
1 9 9 11 682
1 9 9 13 3814
1 9 9 15 1316
1 3 10 8 1750
1 3 10 12 6730
1 3 10 14 3380
1 5 10 8 4192
1 5 10 12 2300
1 5 10 14 7132
1 9 10 8 346
1 9 10 12 3614
1 9 10 14 2236
1 3 11 9 1622
1 3 11 13 2096
1 3 11 15 3606
1 5 11 9 2536
1 5 11 13 4288
1 5 11 15 2098
1 9 11 9 3002
1 9 11 13 7256
1 9 11 15 1800
1 3 12 8 1894
1 3 12 10 1642
1 3 12 14 1990
1 5 12 8 1832
1 5 12 10 2774
1 5 12 14 2254
1 9 12 8 3380
1 9 12 10 2226
1 9 12 14 3922
1 3 13 9 1618
1 3 13 11 8220
1 3 13 15 4832
1 5 13 9 1454
1 5 13 11 3118
1 5 13 15 1046
1 9 13 9 6134
1 9 13 11 1148
1 9 13 15 11686
1 3 14 8 364
1 3 14 10 4904
1 3 14 12 9566
1 5 14 8 4214
1 5 14 10 454
1 5 14 12 1044
1 9 14 8 7640
1 9 14 10 2096
1 9 14 12 5512
1 3 15 9 4450
1 3 15 11 2582
1 3 15 13 844
1 5 15 9 1126
1 5 15 11 1886
1 5 15 13 2584
1 9 15 9 306
1 9 15 11 4004
1 9 15 13 1208
2 6 0 2 3972
2 6 0 4 1194
2 6 0 6 3336
2 10 0 2 1412
2 10 0 4 4224
2 10 0 6 5448
2 6 1 3 5626
2 6 1 5 12
2 6 1 7 1942
2 10 1 3 2678
2 10 1 5 1382
2 10 1 7 98
2 6 2 0 6720
2 6 2 4 2612
2 6 2 6 184
2 10 2 0 1112
2 10 2 4 2400
2 10 2 6 6018
2 6 3 1 5664
2 6 3 5 4414
2 6 3 7 7846
2 10 3 1 1342
2 10 3 5 362
2 10 3 7 2972
2 6 4 0 8698
2 6 4 2 6596
2 6 4 6 2944
2 10 4 0 3636
2 10 4 2 84
2 10 4 6 4882
2 6 5 1 466
2 6 5 3 2360
2 6 5 7 554
2 10 5 1 2352
2 10 5 3 1652
2 10 5 7 2282
2 6 6 0 2478
2 6 6 2 6892
2 6 6 4 4458
2 10 6 0 5076
2 10 6 2 296
2 10 6 4 508
2 6 7 1 1012
2 6 7 3 1200
2 6 7 5 7164
2 10 7 1 2628
2 10 7 3 1910
2 10 7 5 5096
2 6 8 10 3330
2 6 8 12 228
2 6 8 14 4518
2 10 8 10 356
2 10 8 12 6360
2 10 8 14 2002
2 6 9 11 2202
2 6 9 13 6270
2 6 9 15 952
2 10 9 11 3348
2 10 9 13 5680
2 10 9 15 1812
2 6 10 8 546
2 6 10 12 3152
2 6 10 14 4868
2 10 10 8 644
2 10 10 12 2960
2 10 10 14 802
2 6 11 9 3902
2 6 11 13 6296
2 6 11 15 4746
2 10 11 9 4060
2 10 11 13 5496
2 10 11 15 2296
2 6 12 8 3630
2 6 12 10 1878
2 6 12 14 1166
2 10 12 8 2452
2 10 12 10 4812
2 10 12 14 2376
2 6 13 9 4222
2 6 13 11 210
2 6 13 15 2528
2 10 13 9 682
2 10 13 11 594
2 10 13 15 830
2 6 14 8 2774
2 6 14 10 10576
2 6 14 12 1188
2 10 14 8 2026
2 10 14 10 1716
2 10 14 12 4166
2 6 15 9 120
2 6 15 11 1926
2 6 15 13 2928
2 10 15 9 2238
2 10 15 11 6886
2 10 15 13 2822
3 7 0 2 3652
3 7 0 4 582
3 7 0 6 3594
3 11 0 2 2790
3 11 0 4 7636
3 11 0 6 7788
3 7 1 3 1432
3 7 1 5 1074
3 7 1 7 3920
3 11 1 3 418
3 11 1 5 1848
3 11 1 7 3512
3 7 2 0 4244
3 7 2 4 1684
3 7 2 6 1858
3 11 2 0 3150
3 11 2 4 2596
3 11 2 6 554
3 7 3 1 2160
3 7 3 5 624
3 7 3 7 8832
3 11 3 1 3032
3 11 3 5 1470
3 11 3 7 96
3 7 4 0 1158
3 7 4 2 3096
3 7 4 6 1328
3 11 4 0 3988
3 11 4 2 4288
3 11 4 6 4182
3 7 5 1 24
3 7 5 3 3308
3 7 5 7 2478
3 11 5 1 760
3 11 5 3 1880
3 11 5 7 6482
3 7 6 0 1806
3 7 6 2 634
3 7 6 4 3876
3 11 6 0 8968
3 11 6 2 8750
3 11 6 4 1950
3 7 7 1 2660
3 7 7 3 7236
3 7 7 5 6744
3 11 7 1 1132
3 11 7 3 4606
3 11 7 5 1914
3 7 8 10 2998
3 7 8 12 2322
3 7 8 14 822
3 11 8 10 3734
3 11 8 12 7792
3 11 8 14 11008
3 7 9 11 1244
3 7 9 13 1852
3 7 9 15 1610
3 11 9 11 5776
3 11 9 13 1656
3 11 9 15 902
3 7 10 8 2552
3 7 10 12 266
3 7 10 14 4064
3 11 10 8 1196
3 11 10 12 5854
3 11 10 14 1600
3 7 11 9 1404
3 7 11 13 9340
3 7 11 15 1652
3 11 11 9 3412
3 11 11 13 564
3 11 11 15 670
3 7 12 8 2746
3 7 12 10 2174
3 7 12 14 4518
3 11 12 8 7104
3 11 12 10 1658
3 11 12 14 1070
3 7 13 9 8500
3 7 13 11 4596
3 7 13 15 2676
3 11 13 9 94
3 11 13 11 3380
3 11 13 15 7702
3 7 14 8 2244
3 7 14 10 6404
3 7 14 12 1370
3 11 14 8 738
3 11 14 10 1272
3 11 14 12 2990
3 7 15 9 5650
3 7 15 11 804
3 7 15 13 2186
3 11 15 9 4622
3 11 15 11 2008
3 11 15 13 3110
4 6 0 2 7006
4 6 0 4 7276
4 6 0 6 2056
4 12 0 2 870
4 12 0 4 234
4 12 0 6 3522
4 6 1 3 3982
4 6 1 5 68
4 6 1 7 6154
4 12 1 3 4066
4 12 1 5 2058
4 12 1 7 3118
4 6 2 0 16268
4 6 2 4 930
4 6 2 6 830
4 12 2 0 1210
4 12 2 4 3686
4 12 2 6 1700
4 6 3 1 1372
4 6 3 5 7722
4 6 3 7 4310
4 12 3 1 3776
4 12 3 5 7710
4 12 3 7 2022
4 6 4 0 294
4 6 4 2 962
4 6 4 6 1356
4 12 4 0 2166
4 12 4 2 458
4 12 4 6 2336
4 6 5 1 1472
4 6 5 3 138
4 6 5 7 1106
4 12 5 1 5418
4 12 5 3 2280
4 12 5 7 486
4 6 6 0 3886
4 6 6 2 4710
4 6 6 4 5068
4 12 6 0 4278
4 12 6 2 2018
4 12 6 4 2780
4 6 7 1 2704
4 6 7 3 3634
4 6 7 5 4378
4 12 7 1 1574
4 12 7 3 786
4 12 7 5 5612
4 6 8 10 890
4 6 8 12 1800
4 6 8 14 5552
4 12 8 10 10114
4 12 8 12 1082
4 12 8 14 1604
4 6 9 11 3552
4 6 9 13 1404
4 6 9 15 1234
4 12 9 11 2976
4 12 9 13 5014
4 12 9 15 8672
4 6 10 8 5030
4 6 10 12 1136
4 6 10 14 4232
4 12 10 8 8622
4 12 10 12 3058
4 12 10 14 688
4 6 11 9 172
4 6 11 13 1530
4 6 11 15 3064
4 12 11 9 2206
4 12 11 13 798
4 12 11 15 2824
4 6 12 8 4340
4 6 12 10 2010
4 6 12 14 5254
4 12 12 8 370
4 12 12 10 3422
4 12 12 14 3132
4 6 13 9 1968
4 6 13 11 838
4 6 13 15 4054
4 12 13 9 2702
4 12 13 11 1856
4 12 13 15 6064
4 6 14 8 3808
4 6 14 10 1286
4 6 14 12 7376
4 12 14 8 3064
4 12 14 10 254
4 12 14 12 372
4 6 15 9 5222
4 6 15 11 3952
4 6 15 13 3574
4 12 15 9 82
4 12 15 11 2168
4 12 15 13 2350
5 7 0 2 3378
5 7 0 4 520
5 7 0 6 944
5 13 0 2 730
5 13 0 4 9872
5 13 0 6 2452
5 7 1 3 3992
5 7 1 5 1906
5 7 1 7 1454
5 13 1 3 7268
5 13 1 5 1728
5 13 1 7 1110
5 7 2 0 3412
5 7 2 4 1608
5 7 2 6 5336
5 13 2 0 3970
5 13 2 4 3570
5 13 2 6 12084
5 7 3 1 4268
5 7 3 5 304
5 7 3 7 2910
5 13 3 1 196
5 13 3 5 7686
5 13 3 7 5396
5 7 4 0 2440
5 7 4 2 1412
5 7 4 6 10464
5 13 4 0 1076
5 13 4 2 5472
5 13 4 6 1510
5 7 5 1 3870
5 7 5 3 1180
5 7 5 7 2250
5 13 5 1 1640
5 13 5 3 1274
5 13 5 7 898
5 7 6 0 5166
5 7 6 2 4268
5 7 6 4 3078
5 13 6 0 3440
5 13 6 2 1466
5 13 6 4 9654
5 7 7 1 464
5 7 7 3 2930
5 7 7 5 238
5 13 7 1 1870
5 13 7 3 1968
5 13 7 5 2512
5 7 8 10 1856
5 7 8 12 6436
5 7 8 14 550
5 13 8 10 6514
5 13 8 12 576
5 13 8 14 5782
5 7 9 11 1722
5 7 9 13 5580
5 7 9 15 2424
5 13 9 11 1094
5 13 9 13 8026
5 13 9 15 6298
5 7 10 8 926
5 7 10 12 3252
5 7 10 14 2660
5 13 10 8 6466
5 13 10 12 610
5 13 10 14 5756
5 7 11 9 5112
5 7 11 13 5666
5 7 11 15 11840
5 13 11 9 2536
5 13 11 13 1402
5 13 11 15 5046
5 7 12 8 302
5 7 12 10 5936
5 7 12 14 4440
5 13 12 8 4250
5 13 12 10 218
5 13 12 14 7828
5 7 13 9 2416
5 7 13 11 130
5 7 13 15 1146
5 13 13 9 2842
5 13 13 11 116
5 13 13 15 3016
5 7 14 8 2506
5 7 14 10 878
5 7 14 12 230
5 13 14 8 1562
5 13 14 10 4606
5 13 14 12 2454
5 7 15 9 388
5 7 15 11 4320
5 7 15 13 922
5 13 15 9 1994
5 13 15 11 634
5 13 15 13 1332
6 14 0 2 1270
6 14 0 4 2332
6 14 0 6 3960
6 14 1 3 3220
6 14 1 5 3534
6 14 1 7 2202
6 14 2 0 1342
6 14 2 4 1028
6 14 2 6 4150
6 14 3 1 1632
6 14 3 5 4122
6 14 3 7 3628
6 14 4 0 320
6 14 4 2 6238
6 14 4 6 780
6 14 5 1 1638
6 14 5 3 4946
6 14 5 7 3378
6 14 6 0 3300
6 14 6 2 5186
6 14 6 4 7384
6 14 7 1 4230
6 14 7 3 3106
6 14 7 5 4838
6 14 8 10 2968
6 14 8 12 2728
6 14 8 14 1674
6 14 9 11 1102
6 14 9 13 4186
6 14 9 15 5454
6 14 10 8 2692
6 14 10 12 664
6 14 10 14 2272
6 14 11 9 2210
6 14 11 13 2554
6 14 11 15 66
6 14 12 8 4842
6 14 12 10 1784
6 14 12 14 3108
6 14 13 9 6554
6 14 13 11 5194
6 14 13 15 8586
6 14 14 8 196
6 14 14 10 882
6 14 14 12 2980
6 14 15 9 3524
6 14 15 11 1494
6 14 15 13 1556
7 15 0 2 4844
7 15 0 4 1802
7 15 0 6 3380
7 15 1 3 2720
7 15 1 5 4056
7 15 1 7 2466
7 15 2 0 5502
7 15 2 4 1092
7 15 2 6 4208
7 15 3 1 3574
7 15 3 5 2712
7 15 3 7 2034
7 15 4 0 5026
7 15 4 2 926
7 15 4 6 4408
7 15 5 1 7646
7 15 5 3 5864
7 15 5 7 5090
7 15 6 0 3738
7 15 6 2 2936
7 15 6 4 994
7 15 7 1 1452
7 15 7 3 2914
7 15 7 5 1978
7 15 8 10 2126
7 15 8 12 5494
7 15 8 14 2108
7 15 9 11 5312
7 15 9 13 1342
7 15 9 15 1176
7 15 10 8 906
7 15 10 12 5818
7 15 10 14 900
7 15 11 9 5926
7 15 11 13 5442
7 15 11 15 1504
7 15 12 8 1786
7 15 12 10 2338
7 15 12 14 1230
7 15 13 9 9352
7 15 13 11 3910
7 15 13 15 4368
7 15 14 8 6788
7 15 14 10 4652
7 15 14 12 8422
7 15 15 9 1528
7 15 15 11 5826
7 15 15 13 1130
8 10 0 2 5840
8 10 0 4 4464
8 10 0 6 2300
8 12 0 2 2948
8 12 0 4 5098
8 12 0 6 386
8 10 1 3 5416
8 10 1 5 924
8 10 1 7 1496
8 12 1 3 3492
8 12 1 5 7716
8 12 1 7 4022
8 10 2 0 3738
8 10 2 4 7338
8 10 2 6 3972
8 12 2 0 1852
8 12 2 4 3762
8 12 2 6 4086
8 10 3 1 3936
8 10 3 5 3302
8 10 3 7 3868
8 12 3 1 168
8 12 3 5 6274
8 12 3 7 5846
8 10 4 0 5870
8 10 4 2 2382
8 10 4 6 4370
8 12 4 0 7560
8 12 4 2 8266
8 12 4 6 1186
8 10 5 1 2042
8 10 5 3 6924
8 10 5 7 6670
8 12 5 1 2940
8 12 5 3 2518
8 12 5 7 2068
8 10 6 0 306
8 10 6 2 6
8 10 6 4 3558
8 12 6 0 1196
8 12 6 2 4366
8 12 6 4 468
8 10 7 1 5312
8 10 7 3 4200
8 10 7 5 3756
8 12 7 1 5372
8 12 7 3 2744
8 12 7 5 10032
8 10 8 10 1674
8 10 8 12 1044
8 10 8 14 6168
8 12 8 10 900
8 12 8 12 2064
8 12 8 14 7444
8 10 9 11 1492
8 10 9 13 268
8 10 9 15 992
8 12 9 11 5122
8 12 9 13 3382
8 12 9 15 1496
8 10 10 8 3546
8 10 10 12 86
8 10 10 14 4344
8 12 10 8 384
8 12 10 12 2474
8 12 10 14 732
8 10 11 9 5972
8 10 11 13 4216
8 10 11 15 1656
8 12 11 9 5956
8 12 11 13 1030
8 12 11 15 3826
8 10 12 8 3442
8 10 12 10 4082
8 10 12 14 9174
8 12 12 8 5260
8 12 12 10 1188
8 12 12 14 4860
8 10 13 9 7054
8 10 13 11 1790
8 10 13 15 3180
8 12 13 9 4106
8 12 13 11 1298
8 12 13 15 836
8 10 14 8 3866
8 10 14 10 5986
8 10 14 12 1430
8 12 14 8 262
8 12 14 10 1756
8 12 14 12 1116
8 10 15 9 7928
8 10 15 11 2558
8 10 15 13 2050
8 12 15 9 2
8 12 15 11 2418
8 12 15 13 922
9 11 0 2 5136
9 11 0 4 946
9 11 0 6 7750
9 13 0 2 2344
9 13 0 4 2902
9 13 0 6 4784
9 11 1 3 5090
9 11 1 5 4188
9 11 1 7 128
9 13 1 3 8470
9 13 1 5 1384
9 13 1 7 2930
9 11 2 0 3770
9 11 2 4 4400
9 11 2 6 2952
9 13 2 0 2152
9 13 2 4 246
9 13 2 6 4214
9 11 3 1 1540
9 11 3 5 1920
9 11 3 7 878
9 13 3 1 1850
9 13 3 5 688
9 13 3 7 1444
9 11 4 0 2200
9 11 4 2 1094
9 11 4 6 1884
9 13 4 0 1040
9 13 4 2 1430
9 13 4 6 436
9 11 5 1 7060
9 11 5 3 4328
9 11 5 7 4762
9 13 5 1 3636
9 13 5 3 122
9 13 5 7 6190
9 11 6 0 3260
9 11 6 2 334
9 11 6 4 2806
9 13 6 0 9452
9 13 6 2 2608
9 13 6 4 2518
9 11 7 1 2070
9 11 7 3 2196
9 11 7 5 892
9 13 7 1 1416
9 13 7 3 714
9 13 7 5 5022
9 11 8 10 2296
9 11 8 12 8276
9 11 8 14 2244
9 13 8 10 1848
9 13 8 12 5162
9 13 8 14 4826
9 11 9 11 5838
9 11 9 13 3364
9 11 9 15 1362
9 13 9 11 5296
9 13 9 13 4828
9 13 9 15 3840
9 11 10 8 5676
9 11 10 12 2746
9 11 10 14 2562
9 13 10 8 14512
9 13 10 12 3476
9 13 10 14 932
9 11 11 9 3290
9 11 11 13 1300
9 11 11 15 1532
9 13 11 9 416
9 13 11 13 2740
9 13 11 15 2516
9 11 12 8 1518
9 11 12 10 2318
9 11 12 14 6254
9 13 12 8 3676
9 13 12 10 960
9 13 12 14 4416
9 11 13 9 5400
9 11 13 11 826
9 11 13 15 2278
9 13 13 9 4790
9 13 13 11 4350
9 13 13 15 7922
9 11 14 8 3428
9 11 14 10 936
9 11 14 12 3838
9 13 14 8 6252
9 13 14 10 3452
9 13 14 12 7634
9 11 15 9 3430
9 11 15 11 554
9 11 15 13 2632
9 13 15 9 1308
9 13 15 11 4966
9 13 15 13 3332
10 14 0 2 4582
10 14 0 4 6016
10 14 0 6 7010
10 14 1 3 2162
10 14 1 5 2426
10 14 1 7 4024
10 14 2 0 3844
10 14 2 4 2094
10 14 2 6 766
10 14 3 1 230
10 14 3 5 6110
10 14 3 7 2844
10 14 4 0 2670
10 14 4 2 7174
10 14 4 6 2096
10 14 5 1 300
10 14 5 3 6022
10 14 5 7 5596
10 14 6 0 6132
10 14 6 2 7900
10 14 6 4 5566
10 14 7 1 1052
10 14 7 3 8992
10 14 7 5 4094
10 14 8 10 3982
10 14 8 12 4102
10 14 8 14 1884
10 14 9 11 596
10 14 9 13 5960
10 14 9 15 5646
10 14 10 8 4844
10 14 10 12 6762
10 14 10 14 4656
10 14 11 9 4918
10 14 11 13 4116
10 14 11 15 6688
10 14 12 8 636
10 14 12 10 5688
10 14 12 14 2468
10 14 13 9 5182
10 14 13 11 4624
10 14 13 15 5056
10 14 14 8 4306
10 14 14 10 5120
10 14 14 12 294
10 14 15 9 8550
10 14 15 11 3442
10 14 15 13 1944
11 15 0 2 4090
11 15 0 4 5306
11 15 0 6 1930
11 15 1 3 1446
11 15 1 5 3326
11 15 1 7 1814
11 15 2 0 386
11 15 2 4 6282
11 15 2 6 6730
11 15 3 1 3232
11 15 3 5 5262
11 15 3 7 284
11 15 4 0 3556
11 15 4 2 2782
11 15 4 6 7556
11 15 5 1 368
11 15 5 3 3080
11 15 5 7 7574
11 15 6 0 4050
11 15 6 2 454
11 15 6 4 7310
11 15 7 1 4232
11 15 7 3 834
11 15 7 5 5014
11 15 8 10 1744
11 15 8 12 1750
11 15 8 14 718
11 15 9 11 1544
11 15 9 13 6100
11 15 9 15 2408
11 15 10 8 3048
11 15 10 12 5704
11 15 10 14 5304
11 15 11 9 1128
11 15 11 13 4022
11 15 11 15 2510
11 15 12 8 1028
11 15 12 10 4130
11 15 12 14 3072
11 15 13 9 6788
11 15 13 11 5718
11 15 13 15 2740
11 15 14 8 8688
11 15 14 10 1092
11 15 14 12 782
11 15 15 9 2052
11 15 15 11 2378
11 15 15 13 6372
12 14 0 2 462
12 14 0 4 7190
12 14 0 6 2368
12 14 1 3 2610
12 14 1 5 2950
12 14 1 7 358
12 14 2 0 3188
12 14 2 4 4008
12 14 2 6 840
12 14 3 1 604
12 14 3 5 6470
12 14 3 7 218
12 14 4 0 7760
12 14 4 2 6552
12 14 4 6 2530
12 14 5 1 7016
12 14 5 3 4926
12 14 5 7 274
12 14 6 0 1616
12 14 6 2 5084
12 14 6 4 2254
12 14 7 1 1298
12 14 7 3 1302
12 14 7 5 1918
12 14 8 10 2376
12 14 8 12 314
12 14 8 14 6946
12 14 9 11 3802
12 14 9 13 6410
12 14 9 15 2528
12 14 10 8 1996
12 14 10 12 4424
12 14 10 14 3874
12 14 11 9 1004
12 14 11 13 5700
12 14 11 15 1426
12 14 12 8 8108
12 14 12 10 3756
12 14 12 14 916
12 14 13 9 2346
12 14 13 11 2772
12 14 13 15 4466
12 14 14 8 362
12 14 14 10 4626
12 14 14 12 2602
12 14 15 9 748
12 14 15 11 648
12 14 15 13 5632
13 15 0 2 6218
13 15 0 4 5784
13 15 0 6 700
13 15 1 3 6080
13 15 1 5 1882
13 15 1 7 6342
13 15 2 0 3086
13 15 2 4 8142
13 15 2 6 2268
13 15 3 1 2964
13 15 3 5 1634
13 15 3 7 3474
13 15 4 0 6206
13 15 4 2 2660
13 15 4 6 366
13 15 5 1 684
13 15 5 3 90
13 15 5 7 4576
13 15 6 0 1908
13 15 6 2 2424
13 15 6 4 548
13 15 7 1 138
13 15 7 3 572
13 15 7 5 2742
13 15 8 10 6386
13 15 8 12 2406
13 15 8 14 1054
13 15 9 11 1338
13 15 9 13 5496
13 15 9 15 3444
13 15 10 8 9192
13 15 10 12 1974
13 15 10 14 1858
13 15 11 9 1284
13 15 11 13 376
13 15 11 15 6382
13 15 12 8 1174
13 15 12 10 790
13 15 12 14 742
13 15 13 9 7482
13 15 13 11 4886
13 15 13 15 2096
13 15 14 8 3406
13 15 14 10 32
13 15 14 12 5634
13 15 15 9 802
13 15 15 11 4110
13 15 15 13 4564
