# KEY left=0xc8 right=0x33
# GOOD_PAIRS_BEGIN count=2
# GOOD_PAIR 0x00 0x22
# GOOD_PAIR 0x02 0x20
# GOOD_PAIRS_END
0 2 0 2 34298
0 2 0 4 14120
0 2 0 6 394
0 4 0 2 11572
0 4 0 4 7524
0 4 0 6 730
0 8 0 2 5850
0 8 0 4 8926
0 8 0 6 2632
0 2 1 3 4516
0 2 1 5 9780
0 2 1 7 3250
0 4 1 3 4724
0 4 1 5 5592
0 4 1 7 16192
0 8 1 3 5990
0 8 1 5 3542
0 8 1 7 6440
0 2 2 0 39218
0 2 2 4 1104
0 2 2 6 4440
0 4 2 0 2504
0 4 2 4 5578
0 4 2 6 12592
0 8 2 0 3428
0 8 2 4 6590
0 8 2 6 232
0 2 3 1 9624
0 2 3 5 9422
0 2 3 7 3382
0 4 3 1 11414
0 4 3 5 452
0 4 3 7 9328
0 8 3 1 13156
0 8 3 5 9114
0 8 3 7 13450
0 2 4 0 4018
0 2 4 2 2766
0 2 4 6 15642
0 4 4 0 4782
0 4 4 2 10616
0 4 4 6 9638
0 8 4 0 4402
0 8 4 2 7394
0 8 4 6 284
0 2 5 1 7894
0 2 5 3 7226
0 2 5 7 6270
0 4 5 1 10194
0 4 5 3 5720
0 4 5 7 19908
0 8 5 1 12414
0 8 5 3 12768
0 8 5 7 5140
0 2 6 0 17228
0 2 6 2 12982
0 2 6 4 13460
0 4 6 0 13588
0 4 6 2 11140
0 4 6 4 7346
0 8 6 0 7780
0 8 6 2 12074
0 8 6 4 7892
0 2 7 1 15580
0 2 7 3 11090
0 2 7 5 6846
0 4 7 1 2056
0 4 7 3 6736
0 4 7 5 11252
0 8 7 1 1902
0 8 7 3 3990
0 8 7 5 4954
0 2 8 10 542
0 2 8 12 4626
0 2 8 14 10426
0 4 8 10 8474
0 4 8 12 9290
0 4 8 14 3556
0 8 8 10 9700
0 8 8 12 4976
0 8 8 14 4512
0 2 9 11 5000
0 2 9 13 13014
0 2 9 15 98
0 4 9 11 13080
0 4 9 13 4090
0 4 9 15 4900
0 8 9 11 17374
0 8 9 13 6254
0 8 9 15 9168
0 2 10 8 1962
0 2 10 12 9888
0 2 10 14 574
0 4 10 8 2954
0 4 10 12 12982
0 4 10 14 2470
0 8 10 8 5830
0 8 10 12 6964
0 8 10 14 6216
0 2 11 9 14442
0 2 11 13 3392
0 2 11 15 6304
0 4 11 9 3982
0 4 11 13 8128
0 4 11 15 8538
0 8 11 9 416
0 8 11 13 10812
0 8 11 15 12220
0 2 12 8 11608
0 2 12 10 8776
0 2 12 14 4044
0 4 12 8 5692
0 4 12 10 9536
0 4 12 14 2010
0 8 12 8 9748
0 8 12 10 6730
0 8 12 14 6378
0 2 13 9 9392
0 2 13 11 7080
0 2 13 15 3262
0 4 13 9 9070
0 4 13 11 3042
0 4 13 15 2372
0 8 13 9 1104
0 8 13 11 14364
0 8 13 15 5192
0 2 14 8 5896
0 2 14 10 76
0 2 14 12 104
0 4 14 8 3474
0 4 14 10 1846
0 4 14 12 5878
0 8 14 8 4634
0 8 14 10 742
0 8 14 12 4030
0 2 15 9 11762
0 2 15 11 3422
0 2 15 13 13616
0 4 15 9 13104
0 4 15 11 8588
0 4 15 13 3548
0 8 15 9 5438
0 8 15 11 7338
0 8 15 13 182
1 3 0 2 6230
1 3 0 4 920
1 3 0 6 4152
1 5 0 2 7028
1 5 0 4 2016
1 5 0 6 12018
1 9 0 2 6482
1 9 0 4 2932
1 9 0 6 8432
1 3 1 3 1390
1 3 1 5 3232
1 3 1 7 6648
1 5 1 3 15472
1 5 1 5 296
1 5 1 7 9206
1 9 1 3 11048
1 9 1 5 7244
1 9 1 7 4162
1 3 2 0 14736
1 3 2 4 6628
1 3 2 6 18302
1 5 2 0 3462
1 5 2 4 7524
1 5 2 6 7758
1 9 2 0 1308
1 9 2 4 576
1 9 2 6 14954
1 3 3 1 13026
1 3 3 5 4038
1 3 3 7 6634
1 5 3 1 6938
1 5 3 5 2240
1 5 3 7 366
1 9 3 1 6770
1 9 3 5 17080
1 9 3 7 1406
1 3 4 0 2144
1 3 4 2 4100
1 3 4 6 834
1 5 4 0 15102
1 5 4 2 8778
1 5 4 6 9318
1 9 4 0 7462
1 9 4 2 14376
1 9 4 6 544
1 3 5 1 6326
1 3 5 3 3570
1 3 5 7 7164
1 5 5 1 22258
1 5 5 3 7040
1 5 5 7 8422
1 9 5 1 4302
1 9 5 3 4858
1 9 5 7 10200
1 3 6 0 10352
1 3 6 2 6738
1 3 6 4 2350
1 5 6 0 90
1 5 6 2 20578
1 5 6 4 2306
1 9 6 0 6114
1 9 6 2 7224
1 9 6 4 12618
1 3 7 1 6664
1 3 7 3 978
1 3 7 5 12302
1 5 7 1 17156
1 5 7 3 8340
1 5 7 5 5456
1 9 7 1 1254
1 9 7 3 3562
1 9 7 5 11718
1 3 8 10 524
1 3 8 12 890
1 3 8 14 5934
1 5 8 10 3834
1 5 8 12 530
1 5 8 14 7168
1 9 8 10 4668
1 9 8 12 4162
1 9 8 14 6470
1 3 9 11 1532
1 3 9 13 2704
1 3 9 15 2626
1 5 9 11 6390
1 5 9 13 5984
1 5 9 15 1368
1 9 9 11 8170
1 9 9 13 24698
1 9 9 15 572
1 3 10 8 20076
1 3 10 12 1952
1 3 10 14 23544
1 5 10 8 2178
1 5 10 12 5250
1 5 10 14 6848
1 9 10 8 13746
1 9 10 12 5972
1 9 10 14 12758
1 3 11 9 5876
1 3 11 13 7718
1 3 11 15 1198
1 5 11 9 2470
1 5 11 13 7466
1 5 11 15 1304
1 9 11 9 6122
1 9 11 13 12168
1 9 11 15 1280
1 3 12 8 1706
1 3 12 10 6670
1 3 12 14 2174
1 5 12 8 11324
1 5 12 10 18680
1 5 12 14 676
1 9 12 8 1684
1 9 12 10 9566
1 9 12 14 13440
1 3 13 9 828
1 3 13 11 6924
1 3 13 15 4606
1 5 13 9 8070
1 5 13 11 1274
1 5 13 15 8086
1 9 13 9 10766
1 9 13 11 1442
1 9 13 15 2630
1 3 14 8 12568
1 3 14 10 7622
1 3 14 12 4416
1 5 14 8 11124
1 5 14 10 7884
1 5 14 12 7928
1 9 14 8 3696
1 9 14 10 11748
1 9 14 12 5094
1 3 15 9 7442
1 3 15 11 2666
1 3 15 13 5516
1 5 15 9 1252
1 5 15 11 4202
1 5 15 13 9160
1 9 15 9 5594
1 9 15 11 7516
1 9 15 13 4574
2 6 0 2 10326
2 6 0 4 6036
2 6 0 6 2526
2 10 0 2 968
2 10 0 4 4592
2 10 0 6 17512
2 6 1 3 4002
2 6 1 5 1538
2 6 1 7 11402
2 10 1 3 1014
2 10 1 5 5200
2 10 1 7 12642
2 6 2 0 2826
2 6 2 4 3272
2 6 2 6 2316
2 10 2 0 6652
2 10 2 4 9464
2 10 2 6 2352
2 6 3 1 5040
2 6 3 5 5922
2 6 3 7 1818
2 10 3 1 16828
2 10 3 5 10610
2 10 3 7 10808
2 6 4 0 1216
2 6 4 2 4708
2 6 4 6 1500
2 10 4 0 15222
2 10 4 2 3632
2 10 4 6 4260
2 6 5 1 6894
2 6 5 3 6068
2 6 5 7 9574
2 10 5 1 17798
2 10 5 3 10190
2 10 5 7 13602
2 6 6 0 2824
2 6 6 2 2826
2 6 6 4 9816
2 10 6 0 2022
2 10 6 2 7010
2 10 6 4 6226
2 6 7 1 3984
2 6 7 3 10090
2 6 7 5 1032
2 10 7 1 6578
2 10 7 3 3364
2 10 7 5 9000
2 6 8 10 8518
2 6 8 12 11288
2 6 8 14 12806
2 10 8 10 2842
2 10 8 12 1034
2 10 8 14 7406
2 6 9 11 5342
2 6 9 13 2810
2 6 9 15 6416
2 10 9 11 4676
2 10 9 13 9508
2 10 9 15 15092
2 6 10 8 8168
2 6 10 12 10006
2 6 10 14 2384
2 10 10 8 3964
2 10 10 12 10244
2 10 10 14 7658
2 6 11 9 4906
2 6 11 13 4046
2 6 11 15 7528
2 10 11 9 2868
2 10 11 13 7102
2 10 11 15 3542
2 6 12 8 1816
2 6 12 10 7386
2 6 12 14 7824
2 10 12 8 7754
2 10 12 10 934
2 10 12 14 4428
2 6 13 9 668
2 6 13 11 1950
2 6 13 15 1154
2 10 13 9 1248
2 10 13 11 6116
2 10 13 15 3780
2 6 14 8 5724
2 6 14 10 4840
2 6 14 12 568
2 10 14 8 12500
2 10 14 10 1368
2 10 14 12 6732
2 6 15 9 1290
2 6 15 11 9304
2 6 15 13 1206
2 10 15 9 9806
2 10 15 11 5226
2 10 15 13 4508
3 7 0 2 3762
3 7 0 4 4222
3 7 0 6 5422
3 11 0 2 4360
3 11 0 4 5096
3 11 0 6 188
3 7 1 3 6110
3 7 1 5 1588
3 7 1 7 2812
3 11 1 3 4318
3 11 1 5 11590
3 11 1 7 12314
3 7 2 0 2078
3 7 2 4 8754
3 7 2 6 11008
3 11 2 0 5682
3 11 2 4 8518
3 11 2 6 2618
3 7 3 1 1688
3 7 3 5 658
3 7 3 7 2636
3 11 3 1 6218
3 11 3 5 11476
3 11 3 7 5868
3 7 4 0 5458
3 7 4 2 15728
3 7 4 6 9686
3 11 4 0 19376
3 11 4 2 2974
3 11 4 6 3898
3 7 5 1 3586
3 7 5 3 2000
3 7 5 7 2928
3 11 5 1 6014
3 11 5 3 7024
3 11 5 7 4506
3 7 6 0 9356
3 7 6 2 7096
3 7 6 4 14470
3 11 6 0 18724
3 11 6 2 9660
3 11 6 4 11056
3 7 7 1 13178
3 7 7 3 7456
3 7 7 5 1746
3 11 7 1 2146
3 11 7 3 2584
3 11 7 5 3974
3 7 8 10 10050
3 7 8 12 6962
3 7 8 14 568
3 11 8 10 2394
3 11 8 12 7418
3 11 8 14 10090
3 7 9 11 12908
3 7 9 13 13314
3 7 9 15 11356
3 11 9 11 5436
3 11 9 13 10068
3 11 9 15 2988
3 7 10 8 18706
3 7 10 12 7328
3 7 10 14 1196
3 11 10 8 17150
3 11 10 12 1346
3 11 10 14 2044
3 7 11 9 706
3 7 11 13 2374
3 7 11 15 1670
3 11 11 9 362
3 11 11 13 5614
3 11 11 15 6390
3 7 12 8 4196
3 7 12 10 9460
3 7 12 14 10892
3 11 12 8 11422
3 11 12 10 654
3 11 12 14 8196
3 7 13 9 858
3 7 13 11 14054
3 7 13 15 5572
3 11 13 9 1198
3 11 13 11 7304
3 11 13 15 340
3 7 14 8 2048
3 7 14 10 8276
3 7 14 12 6988
3 11 14 8 460
3 11 14 10 12476
3 11 14 12 5616
3 7 15 9 14216
3 7 15 11 3476
3 7 15 13 3890
3 11 15 9 6268
3 11 15 11 8092
3 11 15 13 8096
4 6 0 2 3644
4 6 0 4 1252
4 6 0 6 3438
4 12 0 2 4236
4 12 0 4 11444
4 12 0 6 9650
4 6 1 3 2882
4 6 1 5 4956
4 6 1 7 9336
4 12 1 3 2862
4 12 1 5 8020
4 12 1 7 4104
4 6 2 0 202
4 6 2 4 30
4 6 2 6 5178
4 12 2 0 9836
4 12 2 4 7712
4 12 2 6 3660
4 6 3 1 5106
4 6 3 5 8880
4 6 3 7 5888
4 12 3 1 102
4 12 3 5 2898
4 12 3 7 1564
4 6 4 0 16330
4 6 4 2 3648
4 6 4 6 14702
4 12 4 0 9600
4 12 4 2 14970
4 12 4 6 9218
4 6 5 1 2306
4 6 5 3 6386
4 6 5 7 7898
4 12 5 1 880
4 12 5 3 5096
4 12 5 7 824
4 6 6 0 1486
4 6 6 2 10310
4 6 6 4 5334
4 12 6 0 2208
4 12 6 2 4164
4 12 6 4 2252
4 6 7 1 12950
4 6 7 3 196
4 6 7 5 10058
4 12 7 1 12846
4 12 7 3 3488
4 12 7 5 1402
4 6 8 10 2236
4 6 8 12 11522
4 6 8 14 166
4 12 8 10 5208
4 12 8 12 11268
4 12 8 14 2200
4 6 9 11 9054
4 6 9 13 2312
4 6 9 15 2278
4 12 9 11 2688
4 12 9 13 14094
4 12 9 15 1798
4 6 10 8 9866
4 6 10 12 4190
4 6 10 14 6158
4 12 10 8 2440
4 12 10 12 9924
4 12 10 14 2568
4 6 11 9 22758
4 6 11 13 6398
4 6 11 15 13984
4 12 11 9 2818
4 12 11 13 2382
4 12 11 15 8304
4 6 12 8 5264
4 6 12 10 148
4 6 12 14 12184
4 12 12 8 18650
4 12 12 10 2610
4 12 12 14 988
4 6 13 9 1212
4 6 13 11 2678
4 6 13 15 4784
4 12 13 9 1324
4 12 13 11 6600
4 12 13 15 16136
4 6 14 8 1790
4 6 14 10 7700
4 6 14 12 11952
4 12 14 8 4042
4 12 14 10 9192
4 12 14 12 1338
4 6 15 9 3204
4 6 15 11 5210
4 6 15 13 9474
4 12 15 9 3834
4 12 15 11 9308
4 12 15 13 16826
5 7 0 2 6032
5 7 0 4 4228
5 7 0 6 4454
5 13 0 2 2176
5 13 0 4 4416
5 13 0 6 5448
5 7 1 3 8242
5 7 1 5 4104
5 7 1 7 1532
5 13 1 3 2610
5 13 1 5 9984
5 13 1 7 700
5 7 2 0 7914
5 7 2 4 7712
5 7 2 6 3760
5 13 2 0 1364
5 13 2 4 2774
5 13 2 6 1486
5 7 3 1 16760
5 7 3 5 2588
5 7 3 7 1102
5 13 3 1 18224
5 13 3 5 17726
5 13 3 7 2760
5 7 4 0 3988
5 7 4 2 6540
5 7 4 6 4048
5 13 4 0 5194
5 13 4 2 7936
5 13 4 6 5840
5 7 5 1 8926
5 7 5 3 5688
5 7 5 7 10786
5 13 5 1 10454
5 13 5 3 11534
5 13 5 7 2386
5 7 6 0 6486
5 7 6 2 664
5 7 6 4 6214
5 13 6 0 7392
5 13 6 2 646
5 13 6 4 14414
5 7 7 1 1008
5 7 7 3 1756
5 7 7 5 3690
5 13 7 1 14334
5 13 7 3 8274
5 13 7 5 7016
5 7 8 10 2982
5 7 8 12 4556
5 7 8 14 2088
5 13 8 10 6186
5 13 8 12 722
5 13 8 14 5130
5 7 9 11 3158
5 7 9 13 5086
5 7 9 15 13070
5 13 9 11 13088
5 13 9 13 7506
5 13 9 15 2954
5 7 10 8 3454
5 7 10 12 2482
5 7 10 14 5956
5 13 10 8 2642
5 13 10 12 4742
5 13 10 14 8140
5 7 11 9 12300
5 7 11 13 5726
5 7 11 15 3830
5 13 11 9 5304
5 13 11 13 7554
5 13 11 15 1684
5 7 12 8 3306
5 7 12 10 4246
5 7 12 14 24808
5 13 12 8 14448
5 13 12 10 12756
5 13 12 14 4556
5 7 13 9 5956
5 7 13 11 1782
5 7 13 15 3030
5 13 13 9 12746
5 13 13 11 4190
5 13 13 15 6922
5 7 14 8 5070
5 7 14 10 9462
5 7 14 12 470
5 13 14 8 1970
5 13 14 10 14330
5 13 14 12 2862
5 7 15 9 4132
5 7 15 11 4154
5 7 15 13 4714
5 13 15 9 3132
5 13 15 11 8590
5 13 15 13 8872
6 14 0 2 1184
6 14 0 4 11288
6 14 0 6 12772
6 14 1 3 13912
6 14 1 5 10732
6 14 1 7 4686
6 14 2 0 7934
6 14 2 4 4730
6 14 2 6 4198
6 14 3 1 5268
6 14 3 5 16864
6 14 3 7 4238
6 14 4 0 8500
6 14 4 2 11536
6 14 4 6 8424
6 14 5 1 10240
6 14 5 3 1318
6 14 5 7 4720
6 14 6 0 8870
6 14 6 2 268
6 14 6 4 1608
6 14 7 1 2410
6 14 7 3 4954
6 14 7 5 1328
6 14 8 10 4288
6 14 8 12 5590
6 14 8 14 13822
6 14 9 11 4868
6 14 9 13 1046
6 14 9 15 8634
6 14 10 8 15274
6 14 10 12 406
6 14 10 14 642
6 14 11 9 782
6 14 11 13 12316
6 14 11 15 5818
6 14 12 8 306
6 14 12 10 4282
6 14 12 14 12172
6 14 13 9 3508
6 14 13 11 206
6 14 13 15 358
6 14 14 8 1692
6 14 14 10 10226
6 14 14 12 800
6 14 15 9 3460
6 14 15 11 6834
6 14 15 13 2666
7 15 0 2 19590
7 15 0 4 3580
7 15 0 6 6688
7 15 1 3 494
7 15 1 5 9774
7 15 1 7 5828
7 15 2 0 15902
7 15 2 4 8356
7 15 2 6 12966
7 15 3 1 14240
7 15 3 5 5810
7 15 3 7 6086
7 15 4 0 5484
7 15 4 2 918
7 15 4 6 3384
7 15 5 1 774
7 15 5 3 11002
7 15 5 7 9160
7 15 6 0 3120
7 15 6 2 1758
7 15 6 4 10002
7 15 7 1 3876
7 15 7 3 14184
7 15 7 5 2052
7 15 8 10 3700
7 15 8 12 17682
7 15 8 14 13078
7 15 9 11 14354
7 15 9 13 542
7 15 9 15 1008
7 15 10 8 6976
7 15 10 12 2900
7 15 10 14 8178
7 15 11 9 2828
7 15 11 13 7750
7 15 11 15 3556
7 15 12 8 5340
7 15 12 10 8182
7 15 12 14 12118
7 15 13 9 98
7 15 13 11 3104
7 15 13 15 7092
7 15 14 8 1970
7 15 14 10 576
7 15 14 12 7784
7 15 15 9 444
7 15 15 11 3394
7 15 15 13 4210
8 10 0 2 18930
8 10 0 4 2056
8 10 0 6 4008
8 12 0 2 3152
8 12 0 4 20828
8 12 0 6 5454
8 10 1 3 592
8 10 1 5 8714
8 10 1 7 1748
8 12 1 3 12074
8 12 1 5 2856
8 12 1 7 2384
8 10 2 0 14038
8 10 2 4 1696
8 10 2 6 10466
8 12 2 0 2418
8 12 2 4 14970
8 12 2 6 7228
8 10 3 1 6884
8 10 3 5 11066
8 10 3 7 6880
8 12 3 1 12774
8 12 3 5 17444
8 12 3 7 818
8 10 4 0 2728
8 10 4 2 12196
8 10 4 6 15156
8 12 4 0 6788
8 12 4 2 2644
8 12 4 6 2688
8 10 5 1 3386
8 10 5 3 3104
8 10 5 7 756
8 12 5 1 1956
8 12 5 3 13766
8 12 5 7 5088
8 10 6 0 1292
8 10 6 2 6346
8 10 6 4 3116
8 12 6 0 9942
8 12 6 2 6444
8 12 6 4 14716
8 10 7 1 7648
8 10 7 3 5478
8 10 7 5 8220
8 12 7 1 21790
8 12 7 3 3664
8 12 7 5 6438
8 10 8 10 5054
8 10 8 12 3818
8 10 8 14 6730
8 12 8 10 7632
8 12 8 12 4470
8 12 8 14 9400
8 10 9 11 10004
8 10 9 13 5766
8 10 9 15 14040
8 12 9 11 10330
8 12 9 13 17378
8 12 9 15 6316
8 10 10 8 5944
8 10 10 12 12528
8 10 10 14 4226
8 12 10 8 4724
8 12 10 12 2106
8 12 10 14 11446
8 10 11 9 4944
8 10 11 13 5116
8 10 11 15 14708
8 12 11 9 2462
8 12 11 13 3532
8 12 11 15 7168
8 10 12 8 3302
8 10 12 10 16924
8 10 12 14 7614
8 12 12 8 9540
8 12 12 10 11988
8 12 12 14 1694
8 10 13 9 7346
8 10 13 11 13460
8 10 13 15 1570
8 12 13 9 2404
8 12 13 11 14358
8 12 13 15 548
8 10 14 8 2306
8 10 14 10 12622
8 10 14 12 904
8 12 14 8 5116
8 12 14 10 10546
8 12 14 12 8806
8 10 15 9 8904
8 10 15 11 7062
8 10 15 13 244
8 12 15 9 2616
8 12 15 11 23716
8 12 15 13 11392
9 11 0 2 7640
9 11 0 4 1932
9 11 0 6 3798
9 13 0 2 8086
9 13 0 4 11708
9 13 0 6 7184
9 11 1 3 664
9 11 1 5 860
9 11 1 7 12416
9 13 1 3 9610
9 13 1 5 5564
9 13 1 7 2750
9 11 2 0 4082
9 11 2 4 5378
9 11 2 6 7620
9 13 2 0 16580
9 13 2 4 2068
9 13 2 6 10420
9 11 3 1 326
9 11 3 5 3354
9 11 3 7 3656
9 13 3 1 2554
9 13 3 5 2262
9 13 3 7 6984
9 11 4 0 4408
9 11 4 2 7216
9 11 4 6 6586
9 13 4 0 3426
9 13 4 2 11382
9 13 4 6 1246
9 11 5 1 2982
9 11 5 3 32
9 11 5 7 48
9 13 5 1 128
9 13 5 3 3368
9 13 5 7 3974
9 11 6 0 2298
9 11 6 2 16720
9 11 6 4 13606
9 13 6 0 7346
9 13 6 2 17326
9 13 6 4 3660
9 11 7 1 9186
9 11 7 3 4292
9 11 7 5 900
9 13 7 1 4978
9 13 7 3 3276
9 13 7 5 8402
9 11 8 10 12426
9 11 8 12 4340
9 11 8 14 10140
9 13 8 10 1434
9 13 8 12 1136
9 13 8 14 6530
9 11 9 11 920
9 11 9 13 3854
9 11 9 15 144
9 13 9 11 738
9 13 9 13 9414
9 13 9 15 1796
9 11 10 8 12164
9 11 10 12 6010
9 11 10 14 6258
9 13 10 8 416
9 13 10 12 8352
9 13 10 14 338
9 11 11 9 3936
9 11 11 13 10504
9 11 11 15 4560
9 13 11 9 700
9 13 11 13 8998
9 13 11 15 6790
9 11 12 8 4980
9 11 12 10 8960
9 11 12 14 1112
9 13 12 8 544
9 13 12 10 1386
9 13 12 14 4574
9 11 13 9 2128
9 11 13 11 12486
9 11 13 15 990
9 13 13 9 1752
9 13 13 11 2610
9 13 13 15 4908
9 11 14 8 2476
9 11 14 10 1684
9 11 14 12 6530
9 13 14 8 2256
9 13 14 10 15440
9 13 14 12 1900
9 11 15 9 11634
9 11 15 11 11442
9 11 15 13 2644
9 13 15 9 17754
9 13 15 11 9690
9 13 15 13 6958
10 14 0 2 8314
10 14 0 4 14110
10 14 0 6 1022
10 14 1 3 7672
10 14 1 5 10488
10 14 1 7 992
10 14 2 0 840
10 14 2 4 12416
10 14 2 6 1056
10 14 3 1 2100
10 14 3 5 5234
10 14 3 7 3572
10 14 4 0 508
10 14 4 2 4034
10 14 4 6 3008
10 14 5 1 5550
10 14 5 3 15142
10 14 5 7 7276
10 14 6 0 10576
10 14 6 2 23820
10 14 6 4 4686
10 14 7 1 7822
10 14 7 3 12690
10 14 7 5 2536
10 14 8 10 10626
10 14 8 12 344
10 14 8 14 20790
10 14 9 11 9298
10 14 9 13 14986
10 14 9 15 5504
10 14 10 8 10258
10 14 10 12 6734
10 14 10 14 5870
10 14 11 9 414
10 14 11 13 2700
10 14 11 15 9908
10 14 12 8 4722
10 14 12 10 9994
10 14 12 14 6714
10 14 13 9 1964
10 14 13 11 190
10 14 13 15 8702
10 14 14 8 12790
10 14 14 10 2552
10 14 14 12 7616
10 14 15 9 2774
10 14 15 11 5086
10 14 15 13 16296
11 15 0 2 1978
11 15 0 4 3848
11 15 0 6 2892
11 15 1 3 172
11 15 1 5 3852
11 15 1 7 14712
11 15 2 0 7998
11 15 2 4 7640
11 15 2 6 2392
11 15 3 1 5234
11 15 3 5 1938
11 15 3 7 9748
11 15 4 0 7532
11 15 4 2 5266
11 15 4 6 15812
11 15 5 1 5920
11 15 5 3 12788
11 15 5 7 20156
11 15 6 0 12906
11 15 6 2 20924
11 15 6 4 4332
11 15 7 1 5476
11 15 7 3 2206
11 15 7 5 1146
11 15 8 10 5112
11 15 8 12 15966
11 15 8 14 20
11 15 9 11 8794
11 15 9 13 6450
11 15 9 15 7624
11 15 10 8 4856
11 15 10 12 4250
11 15 10 14 9210
11 15 11 9 7134
11 15 11 13 4748
11 15 11 15 6066
11 15 12 8 9286
11 15 12 10 3266
11 15 12 14 4112
11 15 13 9 5388
11 15 13 11 1054
11 15 13 15 4096
11 15 14 8 2400
11 15 14 10 1022
11 15 14 12 6702
11 15 15 9 890
11 15 15 11 2848
11 15 15 13 4878
12 14 0 2 2094
12 14 0 4 5346
12 14 0 6 6118
12 14 1 3 15218
12 14 1 5 3462
12 14 1 7 294
12 14 2 0 9820
12 14 2 4 6290
12 14 2 6 2142
12 14 3 1 5564
12 14 3 5 9714
12 14 3 7 7406
12 14 4 0 9412
12 14 4 2 9890
12 14 4 6 4666
12 14 5 1 20422
12 14 5 3 418
12 14 5 7 592
12 14 6 0 9098
12 14 6 2 11944
12 14 6 4 3882
12 14 7 1 1160
12 14 7 3 5622
12 14 7 5 1640
12 14 8 10 15560
12 14 8 12 2550
12 14 8 14 8330
12 14 9 11 2598
12 14 9 13 970
12 14 9 15 16264
12 14 10 8 8562
12 14 10 12 10714
12 14 10 14 11896
12 14 11 9 5374
12 14 11 13 7930
12 14 11 15 4846
12 14 12 8 2424
12 14 12 10 14190
12 14 12 14 8244
12 14 13 9 13066
12 14 13 11 10142
12 14 13 15 7298
12 14 14 8 2410
12 14 14 10 6504
12 14 14 12 12370
12 14 15 9 9164
12 14 15 11 1254
12 14 15 13 9240
13 15 0 2 1898
13 15 0 4 11338
13 15 0 6 8246
13 15 1 3 12212
13 15 1 5 2816
13 15 1 7 5864
13 15 2 0 1708
13 15 2 4 4208
13 15 2 6 2160
13 15 3 1 5668
13 15 3 5 11558
13 15 3 7 9306
13 15 4 0 1858
13 15 4 2 10448
13 15 4 6 2846
13 15 5 1 12350
13 15 5 3 1406
13 15 5 7 12678
13 15 6 0 622
13 15 6 2 12388
13 15 6 4 7842
13 15 7 1 5172
13 15 7 3 1472
13 15 7 5 11168
13 15 8 10 4640
13 15 8 12 234
13 15 8 14 9654
13 15 9 11 5538
13 15 9 13 1640
13 15 9 15 1454
13 15 10 8 7632
13 15 10 12 9506
13 15 10 14 7354
13 15 11 9 510
13 15 11 13 2930
13 15 11 15 6314
13 15 12 8 8752
13 15 12 10 7060
13 15 12 14 7522
13 15 13 9 3958
13 15 13 11 4236
13 15 13 15 10800
13 15 14 8 2222
13 15 14 10 10064
13 15 14 12 10794
13 15 15 9 16062
13 15 15 11 9214
13 15 15 13 18024
