# KEY left=0x03 right=0xd8
# GOOD_PAIRS_BEGIN count=4
# GOOD_PAIR 0xc9 0xeb
# GOOD_PAIR 0xcb 0xe9
# GOOD_PAIR 0x09 0x8b
# GOOD_PAIR 0x0b 0x89
# GOOD_PAIRS_END
0 2 0 2 6446
0 2 0 4 12680
0 2 0 6 10868
0 4 0 2 2592
0 4 0 4 11008
0 4 0 6 396
0 8 0 2 5228
0 8 0 4 9388
0 8 0 6 3028
0 2 1 3 1692
0 2 1 5 1342
0 2 1 7 10824
0 4 1 3 3562
0 4 1 5 4660
0 4 1 7 8078
0 8 1 3 6390
0 8 1 5 1984
0 8 1 7 2410
0 2 2 0 6902
0 2 2 4 1908
0 2 2 6 20224
0 4 2 0 3906
0 4 2 4 10458
0 4 2 6 66
0 8 2 0 9446
0 8 2 4 1572
0 8 2 6 1370
0 2 3 1 5006
0 2 3 5 6566
0 2 3 7 5922
0 4 3 1 17898
0 4 3 5 834
0 4 3 7 13102
0 8 3 1 18246
0 8 3 5 9196
0 8 3 7 19864
0 2 4 0 5468
0 2 4 2 350
0 2 4 6 10262
0 4 4 0 9766
0 4 4 2 5960
0 4 4 6 2622
0 8 4 0 14798
0 8 4 2 15390
0 8 4 6 2504
0 2 5 1 4574
0 2 5 3 2734
0 2 5 7 7776
0 4 5 1 4976
0 4 5 3 7554
0 4 5 7 3988
0 8 5 1 3656
0 8 5 3 3396
0 8 5 7 4728
0 2 6 0 10416
0 2 6 2 6142
0 2 6 4 3896
0 4 6 0 5432
0 4 6 2 2052
0 4 6 4 690
0 8 6 0 11852
0 8 6 2 12550
0 8 6 4 6614
0 2 7 1 4930
0 2 7 3 6184
0 2 7 5 8496
0 4 7 1 2132
0 4 7 3 9826
0 4 7 5 3454
0 8 7 1 3322
0 8 7 3 1180
0 8 7 5 8962
0 2 8 10 4766
0 2 8 12 3974
0 2 8 14 1540
0 4 8 10 600
0 4 8 12 14850
0 4 8 14 3140
0 8 8 10 12860
0 8 8 12 6548
0 8 8 14 8722
0 2 9 11 11476
0 2 9 13 8000
0 2 9 15 14778
0 4 9 11 8764
0 4 9 13 2176
0 4 9 15 1044
0 8 9 11 32296
0 8 9 13 4772
0 8 9 15 2122
0 2 10 8 9964
0 2 10 12 7920
0 2 10 14 2394
0 4 10 8 7084
0 4 10 12 376
0 4 10 14 6088
0 8 10 8 10164
0 8 10 12 7856
0 8 10 14 3822
0 2 11 9 5426
0 2 11 13 11406
0 2 11 15 12162
0 4 11 9 1548
0 4 11 13 7254
0 4 11 15 10996
0 8 11 9 29816
0 8 11 13 5868
0 8 11 15 14324
0 2 12 8 6122
0 2 12 10 9490
0 2 12 14 1998
0 4 12 8 9258
0 4 12 10 14910
0 4 12 14 13034
0 8 12 8 14570
0 8 12 10 58
0 8 12 14 2508
0 2 13 9 3274
0 2 13 11 316
0 2 13 15 494
0 4 13 9 8534
0 4 13 11 954
0 4 13 15 6942
0 8 13 9 13794
0 8 13 11 3680
0 8 13 15 2230
0 2 14 8 14540
0 2 14 10 2816
0 2 14 12 6734
0 4 14 8 10338
0 4 14 10 12328
0 4 14 12 6802
0 8 14 8 3808
0 8 14 10 10278
0 8 14 12 6026
0 2 15 9 2748
0 2 15 11 3248
0 2 15 13 2844
0 4 15 9 3342
0 4 15 11 6528
0 4 15 13 10366
0 8 15 9 14638
0 8 15 11 12922
0 8 15 13 5780
1 3 0 2 5538
1 3 0 4 2672
1 3 0 6 6488
1 5 0 2 3332
1 5 0 4 7084
1 5 0 6 9888
1 9 0 2 2912
1 9 0 4 512
1 9 0 6 12126
1 3 1 3 15858
1 3 1 5 3284
1 3 1 7 7748
1 5 1 3 11372
1 5 1 5 4088
1 5 1 7 16486
1 9 1 3 2874
1 9 1 5 2590
1 9 1 7 11264
1 3 2 0 3138
1 3 2 4 2826
1 3 2 6 5772
1 5 2 0 10498
1 5 2 4 1356
1 5 2 6 4460
1 9 2 0 7396
1 9 2 4 1700
1 9 2 6 7730
1 3 3 1 8310
1 3 3 5 32166
1 3 3 7 3504
1 5 3 1 1038
1 5 3 5 7422
1 5 3 7 1900
1 9 3 1 8134
1 9 3 5 5168
1 9 3 7 7674
1 3 4 0 1658
1 3 4 2 5686
1 3 4 6 8044
1 5 4 0 2208
1 5 4 2 3322
1 5 4 6 7508
1 9 4 0 4606
1 9 4 2 2254
1 9 4 6 2582
1 3 5 1 1976
1 3 5 3 650
1 3 5 7 524
1 5 5 1 3056
1 5 5 3 19440
1 5 5 7 9180
1 9 5 1 10476
1 9 5 3 526
1 9 5 7 10680
1 3 6 0 1230
1 3 6 2 6578
1 3 6 4 14856
1 5 6 0 11934
1 5 6 2 10552
1 5 6 4 8338
1 9 6 0 8238
1 9 6 2 15120
1 9 6 4 3844
1 3 7 1 302
1 3 7 3 11246
1 3 7 5 17336
1 5 7 1 4
1 5 7 3 1152
1 5 7 5 12426
1 9 7 1 2702
1 9 7 3 15204
1 9 7 5 732
1 3 8 10 3930
1 3 8 12 5934
1 3 8 14 1256
1 5 8 10 1382
1 5 8 12 1816
1 5 8 14 5750
1 9 8 10 4974
1 9 8 12 7516
1 9 8 14 3770
1 3 9 11 6382
1 3 9 13 5076
1 3 9 15 1334
1 5 9 11 4938
1 5 9 13 11118
1 5 9 15 11310
1 9 9 11 3858
1 9 9 13 21246
1 9 9 15 204
1 3 10 8 3658
1 3 10 12 646
1 3 10 14 11638
1 5 10 8 5312
1 5 10 12 6960
1 5 10 14 3034
1 9 10 8 5648
1 9 10 12 2554
1 9 10 14 16776
1 3 11 9 2996
1 3 11 13 4222
1 3 11 15 2406
1 5 11 9 13824
1 5 11 13 1802
1 5 11 15 6780
1 9 11 9 12698
1 9 11 13 3302
1 9 11 15 7250
1 3 12 8 5104
1 3 12 10 1762
1 3 12 14 3406
1 5 12 8 3544
1 5 12 10 3064
1 5 12 14 6176
1 9 12 8 15960
1 9 12 10 3256
1 9 12 14 16516
1 3 13 9 9238
1 3 13 11 14294
1 3 13 15 974
1 5 13 9 3736
1 5 13 11 5018
1 5 13 15 8656
1 9 13 9 2090
1 9 13 11 7682
1 9 13 15 9516
1 3 14 8 2278
1 3 14 10 5682
1 3 14 12 13196
1 5 14 8 4444
1 5 14 10 9036
1 5 14 12 8556
1 9 14 8 13734
1 9 14 10 7458
1 9 14 12 3410
1 3 15 9 624
1 3 15 11 8018
1 3 15 13 3112
1 5 15 9 4178
1 5 15 11 7836
1 5 15 13 3326
1 9 15 9 840
1 9 15 11 1752
1 9 15 13 856
2 6 0 2 3662
2 6 0 4 4548
2 6 0 6 6006
2 10 0 2 4494
2 10 0 4 520
2 10 0 6 1572
2 6 1 3 16764
2 6 1 5 4250
2 6 1 7 520
2 10 1 3 452
2 10 1 5 1946
2 10 1 7 9218
2 6 2 0 2894
2 6 2 4 4302
2 6 2 6 542
2 10 2 0 6234
2 10 2 4 9874
2 10 2 6 756
2 6 3 1 13746
2 6 3 5 8186
2 6 3 7 10948
2 10 3 1 6210
2 10 3 5 7878
2 10 3 7 5216
2 6 4 0 4608
2 6 4 2 8160
2 6 4 6 11638
2 10 4 0 6732
2 10 4 2 5028
2 10 4 6 108
2 6 5 1 4950
2 6 5 3 1802
2 6 5 7 5238
2 10 5 1 15268
2 10 5 3 25020
2 10 5 7 9398
2 6 6 0 324
2 6 6 2 4884
2 6 6 4 6204
2 10 6 0 4722
2 10 6 2 13146
2 10 6 4 1234
2 6 7 1 18602
2 6 7 3 1932
2 6 7 5 17800
2 10 7 1 14686
2 10 7 3 9540
2 10 7 5 7416
2 6 8 10 936
2 6 8 12 766
2 6 8 14 1632
2 10 8 10 5308
2 10 8 12 920
2 10 8 14 8616
2 6 9 11 10468
2 6 9 13 10862
2 6 9 15 7142
2 10 9 11 2826
2 10 9 13 3858
2 10 9 15 19448
2 6 10 8 4672
2 6 10 12 13592
2 6 10 14 5024
2 10 10 8 5910
2 10 10 12 2658
2 10 10 14 3516
2 6 11 9 12522
2 6 11 13 3578
2 6 11 15 1654
2 10 11 9 1102
2 10 11 13 13552
2 10 11 15 2722
2 6 12 8 1166
2 6 12 10 1392
2 6 12 14 10286
2 10 12 8 1584
2 10 12 10 5330
2 10 12 14 10180
2 6 13 9 2590
2 6 13 11 7332
2 6 13 15 4528
2 10 13 9 2626
2 10 13 11 2704
2 10 13 15 8968
2 6 14 8 11958
2 6 14 10 838
2 6 14 12 9552
2 10 14 8 5816
2 10 14 10 12616
2 10 14 12 7910
2 6 15 9 5042
2 6 15 11 3000
2 6 15 13 6672
2 10 15 9 4184
2 10 15 11 3188
2 10 15 13 8092
3 7 0 2 3086
3 7 0 4 596
3 7 0 6 11176
3 11 0 2 2230
3 11 0 4 206
3 11 0 6 2954
3 7 1 3 5440
3 7 1 5 4044
3 7 1 7 3494
3 11 1 3 2162
3 11 1 5 5846
3 11 1 7 9338
3 7 2 0 558
3 7 2 4 5256
3 7 2 6 10998
3 11 2 0 704
3 11 2 4 2830
3 11 2 6 4426
3 7 3 1 11440
3 7 3 5 10292
3 7 3 7 1290
3 11 3 1 1970
3 11 3 5 4510
3 11 3 7 7254
3 7 4 0 1776
3 7 4 2 13258
3 7 4 6 118
3 11 4 0 11056
3 11 4 2 8488
3 11 4 6 6640
3 7 5 1 7010
3 7 5 3 1052
3 7 5 7 128
3 11 5 1 7890
3 11 5 3 4740
3 11 5 7 4552
3 7 6 0 6186
3 7 6 2 14090
3 7 6 4 3494
3 11 6 0 1890
3 11 6 2 3170
3 11 6 4 3912
3 7 7 1 10560
3 7 7 3 6832
3 7 7 5 2364
3 11 7 1 4640
3 11 7 3 7202
3 11 7 5 17096
3 7 8 10 3720
3 7 8 12 8704
3 7 8 14 11076
3 11 8 10 7344
3 11 8 12 12454
3 11 8 14 6926
3 7 9 11 8790
3 7 9 13 2922
3 7 9 15 1034
3 11 9 11 9510
3 11 9 13 10292
3 11 9 15 5154
3 7 10 8 1298
3 7 10 12 10186
3 7 10 14 12116
3 11 10 8 7612
3 11 10 12 9504
3 11 10 14 3578
3 7 11 9 13216
3 7 11 13 2122
3 7 11 15 9396
3 11 11 9 17964
3 11 11 13 4814
3 11 11 15 2676
3 7 12 8 8440
3 7 12 10 10020
3 7 12 14 3552
3 11 12 8 12768
3 11 12 10 5610
3 11 12 14 2092
3 7 13 9 5964
3 7 13 11 2516
3 7 13 15 11924
3 11 13 9 9248
3 11 13 11 1092
3 11 13 15 15716
3 7 14 8 4550
3 7 14 10 3214
3 7 14 12 950
3 11 14 8 1998
3 11 14 10 3280
3 11 14 12 19070
3 7 15 9 890
3 7 15 11 14468
3 7 15 13 17214
3 11 15 9 15912
3 11 15 11 3316
3 11 15 13 5256
4 6 0 2 16808
4 6 0 4 7100
4 6 0 6 9356
4 12 0 2 3302
4 12 0 4 1980
4 12 0 6 15028
4 6 1 3 4876
4 6 1 5 10312
4 6 1 7 24
4 12 1 3 18504
4 12 1 5 9166
4 12 1 7 1792
4 6 2 0 13172
4 6 2 4 6632
4 6 2 6 3212
4 12 2 0 17134
4 12 2 4 11052
4 12 2 6 3070
4 6 3 1 3196
4 6 3 5 6400
4 6 3 7 8688
4 12 3 1 1974
4 12 3 5 4078
4 12 3 7 9716
4 6 4 0 5196
4 6 4 2 7022
4 6 4 6 9152
4 12 4 0 5940
4 12 4 2 1386
4 12 4 6 2602
4 6 5 1 224
4 6 5 3 2744
4 6 5 7 8618
4 12 5 1 2114
4 12 5 3 8520
4 12 5 7 3552
4 6 6 0 4414
4 6 6 2 2348
4 6 6 4 19062
4 12 6 0 4026
4 12 6 2 16836
4 12 6 4 2424
4 6 7 1 13840
4 6 7 3 4504
4 6 7 5 18402
4 12 7 1 7038
4 12 7 3 10852
4 12 7 5 8206
4 6 8 10 4156
4 6 8 12 6548
4 6 8 14 21128
4 12 8 10 12474
4 12 8 12 7870
4 12 8 14 4766
4 6 9 11 3984
4 6 9 13 2132
4 6 9 15 1318
4 12 9 11 1330
4 12 9 13 12896
4 12 9 15 3514
4 6 10 8 9938
4 6 10 12 1094
4 6 10 14 8754
4 12 10 8 15132
4 12 10 12 8354
4 12 10 14 3794
4 6 11 9 3222
4 6 11 13 44
4 6 11 15 8954
4 12 11 9 8836
4 12 11 13 5196
4 12 11 15 14242
4 6 12 8 2720
4 6 12 10 7384
4 6 12 14 7814
4 12 12 8 1908
4 12 12 10 4522
4 12 12 14 1030
4 6 13 9 1268
4 6 13 11 142
4 6 13 15 7484
4 12 13 9 8168
4 12 13 11 1842
4 12 13 15 3300
4 6 14 8 232
4 6 14 10 6482
4 6 14 12 10776
4 12 14 8 1360
4 12 14 10 13798
4 12 14 12 11664
4 6 15 9 9808
4 6 15 11 2174
4 6 15 13 7528
4 12 15 9 2318
4 12 15 11 6698
4 12 15 13 13012
5 7 0 2 490
5 7 0 4 5874
5 7 0 6 7220
5 13 0 2 14252
5 13 0 4 8114
5 13 0 6 4018
5 7 1 3 6008
5 7 1 5 7024
5 7 1 7 538
5 13 1 3 9750
5 13 1 5 4206
5 13 1 7 4052
5 7 2 0 13464
5 7 2 4 4866
5 7 2 6 1576
5 13 2 0 10860
5 13 2 4 13704
5 13 2 6 12272
5 7 3 1 7050
5 7 3 5 12352
5 7 3 7 3370
5 13 3 1 4934
5 13 3 5 1940
5 13 3 7 4596
5 7 4 0 456
5 7 4 2 78
5 7 4 6 4894
5 13 4 0 4844
5 13 4 2 6752
5 13 4 6 16216
5 7 5 1 3216
5 7 5 3 8808
5 7 5 7 3794
5 13 5 1 1046
5 13 5 3 1374
5 13 5 7 10266
5 7 6 0 19700
5 7 6 2 4502
5 7 6 4 6396
5 13 6 0 18458
5 13 6 2 15760
5 13 6 4 5320
5 7 7 1 6080
5 7 7 3 410
5 7 7 5 2968
5 13 7 1 2412
5 13 7 3 5442
5 13 7 5 10942
5 7 8 10 11882
5 7 8 12 10176
5 7 8 14 5600
5 13 8 10 6234
5 13 8 12 17480
5 13 8 14 9286
5 7 9 11 6558
5 7 9 13 2748
5 7 9 15 2334
5 13 9 11 7550
5 13 9 13 9150
5 13 9 15 2974
5 7 10 8 5032
5 7 10 12 8818
5 7 10 14 6642
5 13 10 8 1640
5 13 10 12 1346
5 13 10 14 3372
5 7 11 9 1518
5 7 11 13 980
5 7 11 15 8278
5 13 11 9 3836
5 13 11 13 262
5 13 11 15 5326
5 7 12 8 4192
5 7 12 10 7422
5 7 12 14 260
5 13 12 8 7714
5 13 12 10 6116
5 13 12 14 7806
5 7 13 9 2892
5 7 13 11 7240
5 7 13 15 13104
5 13 13 9 13104
5 13 13 11 6620
5 13 13 15 586
5 7 14 8 1368
5 7 14 10 9826
5 7 14 12 4214
5 13 14 8 2084
5 13 14 10 4290
5 13 14 12 14332
5 7 15 9 3250
5 7 15 11 7294
5 7 15 13 23462
5 13 15 9 13212
5 13 15 11 4530
5 13 15 13 12290
6 14 0 2 8472
6 14 0 4 3826
6 14 0 6 1210
6 14 1 3 3224
6 14 1 5 3508
6 14 1 7 202
6 14 2 0 13558
6 14 2 4 4182
6 14 2 6 8392
6 14 3 1 1680
6 14 3 5 2520
6 14 3 7 4
6 14 4 0 3820
6 14 4 2 5256
6 14 4 6 8620
6 14 5 1 4570
6 14 5 3 1508
6 14 5 7 13230
6 14 6 0 1958
6 14 6 2 9760
6 14 6 4 2888
6 14 7 1 5498
6 14 7 3 1532
6 14 7 5 12548
6 14 8 10 9076
6 14 8 12 5064
6 14 8 14 6488
6 14 9 11 6732
6 14 9 13 7310
6 14 9 15 2456
6 14 10 8 15598
6 14 10 12 7406
6 14 10 14 3578
6 14 11 9 502
6 14 11 13 7998
6 14 11 15 7198
6 14 12 8 2974
6 14 12 10 580
6 14 12 14 7314
6 14 13 9 2790
6 14 13 11 5790
6 14 13 15 4820
6 14 14 8 3864
6 14 14 10 3008
6 14 14 12 3196
6 14 15 9 1092
6 14 15 11 6890
6 14 15 13 13264
7 15 0 2 15638
7 15 0 4 5610
7 15 0 6 50
7 15 1 3 3036
7 15 1 5 2456
7 15 1 7 5964
7 15 2 0 5394
7 15 2 4 4850
7 15 2 6 13504
7 15 3 1 3930
7 15 3 5 1564
7 15 3 7 3034
7 15 4 0 2408
7 15 4 2 9664
7 15 4 6 18
7 15 5 1 3838
7 15 5 3 3674
7 15 5 7 9468
7 15 6 0 5530
7 15 6 2 466
7 15 6 4 21436
7 15 7 1 18732
7 15 7 3 2524
7 15 7 5 3430
7 15 8 10 2574
7 15 8 12 4938
7 15 8 14 7070
7 15 9 11 11510
7 15 9 13 6102
7 15 9 15 8878
7 15 10 8 11012
7 15 10 12 6824
7 15 10 14 9020
7 15 11 9 4234
7 15 11 13 4084
7 15 11 15 1344
7 15 12 8 8020
7 15 12 10 6046
7 15 12 14 9118
7 15 13 9 5116
7 15 13 11 2056
7 15 13 15 1116
7 15 14 8 2524
7 15 14 10 8418
7 15 14 12 6832
7 15 15 9 12484
7 15 15 11 10618
7 15 15 13 11120
8 10 0 2 3038
8 10 0 4 1296
8 10 0 6 8236
8 12 0 2 7054
8 12 0 4 1890
8 12 0 6 3746
8 10 1 3 3040
8 10 1 5 1996
8 10 1 7 816
8 12 1 3 1484
8 12 1 5 12790
8 12 1 7 8426
8 10 2 0 224
8 10 2 4 1470
8 10 2 6 700
8 12 2 0 12508
8 12 2 4 10142
8 12 2 6 18666
8 10 3 1 10036
8 10 3 5 2426
8 10 3 7 2038
8 12 3 1 860
8 12 3 5 1946
8 12 3 7 11688
8 10 4 0 4170
8 10 4 2 108
8 10 4 6 9262
8 12 4 0 5436
8 12 4 2 8414
8 12 4 6 7922
8 10 5 1 6534
8 10 5 3 3658
8 10 5 7 14902
8 12 5 1 9150
8 12 5 3 1618
8 12 5 7 3356
8 10 6 0 1388
8 10 6 2 7580
8 10 6 4 1616
8 12 6 0 8876
8 12 6 2 6620
8 12 6 4 3198
8 10 7 1 1788
8 10 7 3 16608
8 10 7 5 6412
8 12 7 1 7212
8 12 7 3 10244
8 12 7 5 14158
8 10 8 10 8340
8 10 8 12 4574
8 10 8 14 2626
8 12 8 10 856
8 12 8 12 11246
8 12 8 14 6018
8 10 9 11 458
8 10 9 13 17128
8 10 9 15 4044
8 12 9 11 1296
8 12 9 13 6600
8 12 9 15 9662
8 10 10 8 6400
8 10 10 12 8810
8 10 10 14 3530
8 12 10 8 7610
8 12 10 12 13562
8 12 10 14 4354
8 10 11 9 4234
8 10 11 13 2888
8 10 11 15 13014
8 12 11 9 4874
8 12 11 13 9114
8 12 11 15 15508
8 10 12 8 484
8 10 12 10 1980
8 10 12 14 12230
8 12 12 8 3440
8 12 12 10 16582
8 12 12 14 1934
8 10 13 9 12218
8 10 13 11 5982
8 10 13 15 6062
8 12 13 9 9114
8 12 13 11 19366
8 12 13 15 3468
8 10 14 8 8546
8 10 14 10 11196
8 10 14 12 864
8 12 14 8 1578
8 12 14 10 17552
8 12 14 12 6324
8 10 15 9 562
8 10 15 11 6276
8 10 15 13 11222
8 12 15 9 10268
8 12 15 11 11572
8 12 15 13 12028
9 11 0 2 7512
9 11 0 4 2470
9 11 0 6 13368
9 13 0 2 8414
9 13 0 4 11254
9 13 0 6 5820
9 11 1 3 3322
9 11 1 5 24392
9 11 1 7 2412
9 13 1 3 14038
9 13 1 5 2044
9 13 1 7 742
9 11 2 0 6190
9 11 2 4 2776
9 11 2 6 582
9 13 2 0 18284
9 13 2 4 9626
9 13 2 6 4334
9 11 3 1 130
9 11 3 5 8266
9 11 3 7 2950
9 13 3 1 6018
9 13 3 5 9546
9 13 3 7 15728
9 11 4 0 7078
9 11 4 2 12140
9 11 4 6 1640
9 13 4 0 3496
9 13 4 2 12888
9 13 4 6 12046
9 11 5 1 14574
9 11 5 3 21532
9 11 5 7 4930
9 13 5 1 7538
9 13 5 3 15092
9 13 5 7 3520
9 11 6 0 2546
9 11 6 2 13786
9 11 6 4 3468
9 13 6 0 10938
9 13 6 2 9850
9 13 6 4 7170
9 11 7 1 2276
9 11 7 3 19596
9 11 7 5 5066
9 13 7 1 3494
9 13 7 3 14346
9 13 7 5 21782
9 11 8 10 6538
9 11 8 12 514
9 11 8 14 6738
9 13 8 10 7690
9 13 8 12 12796
9 13 8 14 2908
9 11 9 11 2784
9 11 9 13 6916
9 11 9 15 9800
9 13 9 11 1014
9 13 9 13 5468
9 13 9 15 310
9 11 10 8 3862
9 11 10 12 6076
9 11 10 14 3678
9 13 10 8 10484
9 13 10 12 6284
9 13 10 14 8044
9 11 11 9 7010
9 11 11 13 3580
9 11 11 15 2716
9 13 11 9 5700
9 13 11 13 22
9 13 11 15 3296
9 11 12 8 856
9 11 12 10 2638
9 11 12 14 9692
9 13 12 8 3086
9 13 12 10 4884
9 13 12 14 28924
9 11 13 9 12810
9 11 13 11 5332
9 11 13 15 5782
9 13 13 9 7606
9 13 13 11 12508
9 13 13 15 1592
9 11 14 8 8584
9 11 14 10 11008
9 11 14 12 26896
9 13 14 8 12406
9 13 14 10 3844
9 13 14 12 7866
9 11 15 9 4128
9 11 15 11 6980
9 11 15 13 2276
9 13 15 9 1294
9 13 15 11 2234
9 13 15 13 17076
10 14 0 2 13440
10 14 0 4 2858
10 14 0 6 8086
10 14 1 3 8280
10 14 1 5 14532
10 14 1 7 5110
10 14 2 0 3076
10 14 2 4 9560
10 14 2 6 13108
10 14 3 1 9384
10 14 3 5 140
10 14 3 7 2456
10 14 4 0 1738
10 14 4 2 12840
10 14 4 6 17596
10 14 5 1 14016
10 14 5 3 3502
10 14 5 7 6170
10 14 6 0 11312
10 14 6 2 7240
10 14 6 4 5448
10 14 7 1 6428
10 14 7 3 2116
10 14 7 5 962
10 14 8 10 3052
10 14 8 12 1686
10 14 8 14 1188
10 14 9 11 9386
10 14 9 13 2736
10 14 9 15 2564
10 14 10 8 2482
10 14 10 12 16796
10 14 10 14 5900
10 14 11 9 2694
10 14 11 13 7672
10 14 11 15 6960
10 14 12 8 3726
10 14 12 10 1322
10 14 12 14 1792
10 14 13 9 7232
10 14 13 11 9334
10 14 13 15 8840
10 14 14 8 7094
10 14 14 10 17360
10 14 14 12 5978
10 14 15 9 3408
10 14 15 11 386
10 14 15 13 7164
11 15 0 2 10762
11 15 0 4 1202
11 15 0 6 10098
11 15 1 3 10234
11 15 1 5 10348
11 15 1 7 676
11 15 2 0 17056
11 15 2 4 10422
11 15 2 6 14052
11 15 3 1 5998
11 15 3 5 9828
11 15 3 7 758
11 15 4 0 11110
11 15 4 2 520
11 15 4 6 13590
11 15 5 1 9976
11 15 5 3 1816
11 15 5 7 4742
11 15 6 0 13516
11 15 6 2 4352
11 15 6 4 5076
11 15 7 1 5314
11 15 7 3 4378
11 15 7 5 996
11 15 8 10 7040
11 15 8 12 1340
11 15 8 14 4452
11 15 9 11 7466
11 15 9 13 1696
11 15 9 15 14506
11 15 10 8 4122
11 15 10 12 6952
11 15 10 14 1168
11 15 11 9 1304
11 15 11 13 352
11 15 11 15 7056
11 15 12 8 7314
11 15 12 10 4278
11 15 12 14 7568
11 15 13 9 6990
11 15 13 11 7416
11 15 13 15 3446
11 15 14 8 188
11 15 14 10 2500
11 15 14 12 7964
11 15 15 9 12412
11 15 15 11 3642
11 15 15 13 5614
12 14 0 2 170
12 14 0 4 19612
12 14 0 6 11118
12 14 1 3 2634
12 14 1 5 22586
12 14 1 7 13630
12 14 2 0 8340
12 14 2 4 510
12 14 2 6 6146
12 14 3 1 268
12 14 3 5 7858
12 14 3 7 534
12 14 4 0 522
12 14 4 2 2790
12 14 4 6 13722
12 14 5 1 5104
12 14 5 3 674
12 14 5 7 186
12 14 6 0 4204
12 14 6 2 4174
12 14 6 4 6664
12 14 7 1 15122
12 14 7 3 8604
12 14 7 5 2688
12 14 8 10 10220
12 14 8 12 9380
12 14 8 14 9372
12 14 9 11 35422
12 14 9 13 16896
12 14 9 15 2310
12 14 10 8 12758
12 14 10 12 1744
12 14 10 14 114
12 14 11 9 33068
12 14 11 13 18900
12 14 11 15 2820
12 14 12 8 12642
12 14 12 10 7310
12 14 12 14 1546
12 14 13 9 10770
12 14 13 11 1046
12 14 13 15 13970
12 14 14 8 6940
12 14 14 10 3252
12 14 14 12 1048
12 14 15 9 9640
12 14 15 11 2544
12 14 15 13 4288
13 15 0 2 5684
13 15 0 4 3482
13 15 0 6 1392
13 15 1 3 2004
13 15 1 5 3540
13 15 1 7 1006
13 15 2 0 4982
13 15 2 4 4758
13 15 2 6 6390
13 15 3 1 6918
13 15 3 5 1960
13 15 3 7 2406
13 15 4 0 7522
13 15 4 2 9324
13 15 4 6 7600
13 15 5 1 4664
13 15 5 3 1516
13 15 5 7 7240
13 15 6 0 12666
13 15 6 2 3074
13 15 6 4 2854
13 15 7 1 18586
13 15 7 3 8714
13 15 7 5 11630
13 15 8 10 9364
13 15 8 12 5834
13 15 8 14 13002
13 15 9 11 12930
13 15 9 13 9648
13 15 9 15 3446
13 15 10 8 18276
13 15 10 12 6452
13 15 10 14 2946
13 15 11 9 6546
13 15 11 13 1558
13 15 11 15 17656
13 15 12 8 368
13 15 12 10 776
13 15 12 14 15954
13 15 13 9 4992
13 15 13 11 4644
13 15 13 15 7366
13 15 14 8 18840
13 15 14 10 3758
13 15 14 12 5948
13 15 15 9 16480
13 15 15 11 8586
13 15 15 13 4722
