# KEY left=0x68 right=0x3b
# GOOD_PAIRS_BEGIN count=4
# GOOD_PAIR 0x80 0xa2
# GOOD_PAIR 0x82 0xa0
# GOOD_PAIR 0x60 0xe2
# GOOD_PAIR 0x62 0xe0
# GOOD_PAIRS_END
0 2 0 2 1222
0 2 0 4 6180
0 2 0 6 23924
0 4 0 2 4692
0 4 0 4 9594
0 4 0 6 1246
0 8 0 2 1492
0 8 0 4 5990
0 8 0 6 4110
0 2 1 3 11942
0 2 1 5 8810
0 2 1 7 4214
0 4 1 3 6106
0 4 1 5 10978
0 4 1 7 1124
0 8 1 3 16130
0 8 1 5 10352
0 8 1 7 3226
0 2 2 0 2380
0 2 2 4 6450
0 2 2 6 6280
0 4 2 0 3998
0 4 2 4 342
0 4 2 6 4848
0 8 2 0 4470
0 8 2 4 4208
0 8 2 6 11824
0 2 3 1 21504
0 2 3 5 11816
0 2 3 7 8260
0 4 3 1 3232
0 4 3 5 324
0 4 3 7 9026
0 8 3 1 3736
0 8 3 5 5128
0 8 3 7 7830
0 2 4 0 1706
0 2 4 2 3650
0 2 4 6 5994
0 4 4 0 6090
0 4 4 2 3336
0 4 4 6 8702
0 8 4 0 1584
0 8 4 2 10446
0 8 4 6 8430
0 2 5 1 5558
0 2 5 3 5792
0 2 5 7 4622
0 4 5 1 5310
0 4 5 3 3072
0 4 5 7 12632
0 8 5 1 4032
0 8 5 3 5880
0 8 5 7 1198
0 2 6 0 8090
0 2 6 2 4776
0 2 6 4 1222
0 4 6 0 3128
0 4 6 2 7044
0 4 6 4 15800
0 8 6 0 12508
0 8 6 2 142
0 8 6 4 17186
0 2 7 1 5044
0 2 7 3 2876
0 2 7 5 36
0 4 7 1 12630
0 4 7 3 4280
0 4 7 5 3220
0 8 7 1 15520
0 8 7 3 2270
0 8 7 5 18770
0 2 8 10 726
0 2 8 12 6300
0 2 8 14 8680
0 4 8 10 5130
0 4 8 12 5120
0 4 8 14 1008
0 8 8 10 4270
0 8 8 12 2318
0 8 8 14 4788
0 2 9 11 5592
0 2 9 13 1530
0 2 9 15 18624
0 4 9 11 1346
0 4 9 13 6208
0 4 9 15 10650
0 8 9 11 10346
0 8 9 13 7466
0 8 9 15 8680
0 2 10 8 5794
0 2 10 12 16764
0 2 10 14 4204
0 4 10 8 6410
0 4 10 12 8364
0 4 10 14 14104
0 8 10 8 1738
0 8 10 12 2306
0 8 10 14 3680
0 2 11 9 2980
0 2 11 13 2806
0 2 11 15 1188
0 4 11 9 2330
0 4 11 13 17730
0 4 11 15 2348
0 8 11 9 4298
0 8 11 13 3904
0 8 11 15 12512
0 2 12 8 5020
0 2 12 10 4464
0 2 12 14 9508
0 4 12 8 1004
0 4 12 10 9422
0 4 12 14 1652
0 8 12 8 19372
0 8 12 10 1176
0 8 12 14 4736
0 2 13 9 12548
0 2 13 11 7958
0 2 13 15 2896
0 4 13 9 10168
0 4 13 11 730
0 4 13 15 2622
0 8 13 9 3006
0 8 13 11 6978
0 8 13 15 14412
0 2 14 8 4312
0 2 14 10 10906
0 2 14 12 4962
0 4 14 8 9406
0 4 14 10 13114
0 4 14 12 9644
0 8 14 8 17798
0 8 14 10 904
0 8 14 12 1240
0 2 15 9 7100
0 2 15 11 15502
0 2 15 13 3466
0 4 15 9 7358
0 4 15 11 668
0 4 15 13 2388
0 8 15 9 4470
0 8 15 11 7546
0 8 15 13 1858
1 3 0 2 8056
1 3 0 4 5686
1 3 0 6 5308
1 5 0 2 2194
1 5 0 4 5810
1 5 0 6 946
1 9 0 2 5544
1 9 0 4 19510
1 9 0 6 6828
1 3 1 3 13774
1 3 1 5 6278
1 3 1 7 6258
1 5 1 3 6958
1 5 1 5 9472
1 5 1 7 7790
1 9 1 3 13140
1 9 1 5 7410
1 9 1 7 5802
1 3 2 0 740
1 3 2 4 1902
1 3 2 6 6220
1 5 2 0 8986
1 5 2 4 15240
1 5 2 6 3808
1 9 2 0 566
1 9 2 4 1802
1 9 2 6 6372
1 3 3 1 16292
1 3 3 5 4662
1 3 3 7 10166
1 5 3 1 15558
1 5 3 5 1874
1 5 3 7 1706
1 9 3 1 8138
1 9 3 5 9692
1 9 3 7 20464
1 3 4 0 2406
1 3 4 2 15472
1 3 4 6 6352
1 5 4 0 918
1 5 4 2 9500
1 5 4 6 10268
1 9 4 0 16416
1 9 4 2 19552
1 9 4 6 7344
1 3 5 1 1170
1 3 5 3 2436
1 3 5 7 2270
1 5 5 1 1872
1 5 5 3 9848
1 5 5 7 1906
1 9 5 1 950
1 9 5 3 5980
1 9 5 7 7820
1 3 6 0 13460
1 3 6 2 7004
1 3 6 4 6728
1 5 6 0 7320
1 5 6 2 6746
1 5 6 4 2898
1 9 6 0 3760
1 9 6 2 144
1 9 6 4 4898
1 3 7 1 3070
1 3 7 3 690
1 3 7 5 1762
1 5 7 1 92
1 5 7 3 4974
1 5 7 5 412
1 9 7 1 10814
1 9 7 3 2710
1 9 7 5 16844
1 3 8 10 5870
1 3 8 12 6084
1 3 8 14 3926
1 5 8 10 12838
1 5 8 12 2216
1 5 8 14 728
1 9 8 10 14440
1 9 8 12 5454
1 9 8 14 8418
1 3 9 11 114
1 3 9 13 12522
1 3 9 15 2870
1 5 9 11 2776
1 5 9 13 6722
1 5 9 15 3196
1 9 9 11 8960
1 9 9 13 11860
1 9 9 15 958
1 3 10 8 12152
1 3 10 12 8000
1 3 10 14 9890
1 5 10 8 40
1 5 10 12 7150
1 5 10 14 14568
1 9 10 8 8614
1 9 10 12 12814
1 9 10 14 11612
1 3 11 9 8938
1 3 11 13 1018
1 3 11 15 9834
1 5 11 9 8608
1 5 11 13 9120
1 5 11 15 2530
1 9 11 9 5616
1 9 11 13 108
1 9 11 15 14644
1 3 12 8 3426
1 3 12 10 7606
1 3 12 14 2332
1 5 12 8 7916
1 5 12 10 17462
1 5 12 14 11434
1 9 12 8 9908
1 9 12 10 12836
1 9 12 14 6884
1 3 13 9 8512
1 3 13 11 11532
1 3 13 15 1538
1 5 13 9 6926
1 5 13 11 2202
1 5 13 15 660
1 9 13 9 4712
1 9 13 11 74
1 9 13 15 2474
1 3 14 8 22170
1 3 14 10 5098
1 3 14 12 5220
1 5 14 8 16610
1 5 14 10 5102
1 5 14 12 1652
1 9 14 8 3428
1 9 14 10 1328
1 9 14 12 19764
1 3 15 9 3296
1 3 15 11 4300
1 3 15 13 3848
1 5 15 9 14616
1 5 15 11 21128
1 5 15 13 4622
1 9 15 9 1946
1 9 15 11 21756
1 9 15 13 9866
2 6 0 2 2162
2 6 0 4 7124
2 6 0 6 1364
2 10 0 2 4686
2 10 0 4 1188
2 10 0 6 8718
2 6 1 3 5492
2 6 1 5 10864
2 6 1 7 6696
2 10 1 3 3892
2 10 1 5 7054
2 10 1 7 1678
2 6 2 0 7668
2 6 2 4 3304
2 6 2 6 10840
2 10 2 0 5676
2 10 2 4 6326
2 10 2 6 1080
2 6 3 1 4100
2 6 3 5 8576
2 6 3 7 5144
2 10 3 1 136
2 10 3 5 4900
2 10 3 7 8068
2 6 4 0 4990
2 6 4 2 6034
2 6 4 6 11954
2 10 4 0 3784
2 10 4 2 2148
2 10 4 6 11710
2 6 5 1 2716
2 6 5 3 4522
2 6 5 7 930
2 10 5 1 5686
2 10 5 3 1800
2 10 5 7 3940
2 6 6 0 12594
2 6 6 2 13572
2 6 6 4 6814
2 10 6 0 5554
2 10 6 2 9142
2 10 6 4 7714
2 6 7 1 9890
2 6 7 3 4316
2 6 7 5 536
2 10 7 1 11262
2 10 7 3 5148
2 10 7 5 5154
2 6 8 10 4298
2 6 8 12 3124
2 6 8 14 3464
2 10 8 10 6660
2 10 8 12 2980
2 10 8 14 7462
2 6 9 11 3566
2 6 9 13 10246
2 6 9 15 13938
2 10 9 11 4762
2 10 9 13 3752
2 10 9 15 3450
2 6 10 8 4310
2 6 10 12 8604
2 6 10 14 318
2 10 10 8 410
2 10 10 12 2656
2 10 10 14 13290
2 6 11 9 12146
2 6 11 13 4210
2 6 11 15 11702
2 10 11 9 20330
2 10 11 13 1374
2 10 11 15 14052
2 6 12 8 6490
2 6 12 10 8734
2 6 12 14 5184
2 10 12 8 2944
2 10 12 10 684
2 10 12 14 4260
2 6 13 9 14772
2 6 13 11 14722
2 6 13 15 13910
2 10 13 9 2090
2 10 13 11 9662
2 10 13 15 9824
2 6 14 8 5858
2 6 14 10 11042
2 6 14 12 10042
2 10 14 8 12446
2 10 14 10 8102
2 10 14 12 3806
2 6 15 9 10200
2 6 15 11 5582
2 6 15 13 588
2 10 15 9 6604
2 10 15 11 7982
2 10 15 13 10440
3 7 0 2 10508
3 7 0 4 126
3 7 0 6 2120
3 11 0 2 5138
3 11 0 4 1332
3 11 0 6 9622
3 7 1 3 12240
3 7 1 5 1984
3 7 1 7 5440
3 11 1 3 3956
3 11 1 5 186
3 11 1 7 5420
3 7 2 0 5000
3 7 2 4 8294
3 7 2 6 14522
3 11 2 0 19234
3 11 2 4 5188
3 11 2 6 9026
3 7 3 1 4478
3 7 3 5 11794
3 7 3 7 13132
3 11 3 1 20360
3 11 3 5 5172
3 11 3 7 4078
3 7 4 0 21128
3 7 4 2 542
3 7 4 6 632
3 11 4 0 3110
3 11 4 2 2654
3 11 4 6 4104
3 7 5 1 5976
3 7 5 3 1796
3 7 5 7 14962
3 11 5 1 930
3 11 5 3 3034
3 11 5 7 9678
3 7 6 0 3582
3 7 6 2 5528
3 7 6 4 222
3 11 6 0 4474
3 11 6 2 3928
3 11 6 4 5378
3 7 7 1 14228
3 7 7 3 1392
3 7 7 5 10906
3 11 7 1 15284
3 11 7 3 8848
3 11 7 5 14052
3 7 8 10 4416
3 7 8 12 4618
3 7 8 14 16868
3 11 8 10 2776
3 11 8 12 2346
3 11 8 14 10734
3 7 9 11 12910
3 7 9 13 11274
3 7 9 15 4826
3 11 9 11 6062
3 11 9 13 3990
3 11 9 15 5962
3 7 10 8 10224
3 7 10 12 10458
3 7 10 14 13362
3 11 10 8 5522
3 11 10 12 9622
3 11 10 14 3264
3 7 11 9 4440
3 7 11 13 13154
3 7 11 15 13218
3 11 11 9 8210
3 11 11 13 7958
3 11 11 15 11346
3 7 12 8 15432
3 7 12 10 1002
3 7 12 14 13210
3 11 12 8 10472
3 11 12 10 9000
3 11 12 14 4932
3 7 13 9 12514
3 7 13 11 5056
3 7 13 15 22794
3 11 13 9 4062
3 11 13 11 1862
3 11 13 15 12872
3 7 14 8 25102
3 7 14 10 9182
3 7 14 12 2082
3 11 14 8 4904
3 11 14 10 3962
3 11 14 12 1666
3 7 15 9 5338
3 7 15 11 10214
3 7 15 13 8714
3 11 15 9 4614
3 11 15 11 8108
3 11 15 13 6974
4 6 0 2 4326
4 6 0 4 338
4 6 0 6 684
4 12 0 2 11966
4 12 0 4 4636
4 12 0 6 4850
4 6 1 3 7792
4 6 1 5 11106
4 6 1 7 14420
4 12 1 3 13006
4 12 1 5 19810
4 12 1 7 674
4 6 2 0 4494
4 6 2 4 7822
4 6 2 6 1834
4 12 2 0 92
4 12 2 4 3628
4 12 2 6 6572
4 6 3 1 19200
4 6 3 5 10854
4 6 3 7 7196
4 12 3 1 336
4 12 3 5 4932
4 12 3 7 1594
4 6 4 0 12120
4 6 4 2 1128
4 6 4 6 6696
4 12 4 0 1204
4 12 4 2 1932
4 12 4 6 4498
4 6 5 1 2954
4 6 5 3 11738
4 6 5 7 7206
4 12 5 1 2342
4 12 5 3 4146
4 12 5 7 1880
4 6 6 0 6670
4 6 6 2 13130
4 6 6 4 15892
4 12 6 0 15296
4 12 6 2 13658
4 12 6 4 2816
4 6 7 1 1670
4 6 7 3 5976
4 6 7 5 3852
4 12 7 1 3434
4 12 7 3 7324
4 12 7 5 1770
4 6 8 10 17510
4 6 8 12 1382
4 6 8 14 12324
4 12 8 10 4566
4 12 8 12 5510
4 12 8 14 6800
4 6 9 11 940
4 6 9 13 15426
4 6 9 15 42
4 12 9 11 7774
4 12 9 13 1498
4 12 9 15 5024
4 6 10 8 3154
4 6 10 12 4494
4 6 10 14 5952
4 12 10 8 11184
4 12 10 12 10670
4 12 10 14 17902
4 6 11 9 1472
4 6 11 13 4670
4 6 11 15 4418
4 12 11 9 8546
4 12 11 13 1436
4 12 11 15 1558
4 6 12 8 374
4 6 12 10 3408
4 6 12 14 4634
4 12 12 8 802
4 12 12 10 7704
4 12 12 14 1154
4 6 13 9 6590
4 6 13 11 10668
4 6 13 15 134
4 12 13 9 1610
4 12 13 11 6478
4 12 13 15 5342
4 6 14 8 2620
4 6 14 10 19234
4 6 14 12 3320
4 12 14 8 34
4 12 14 10 2376
4 12 14 12 8804
4 6 15 9 7392
4 6 15 11 6286
4 6 15 13 4398
4 12 15 9 10560
4 12 15 11 1340
4 12 15 13 11728
5 7 0 2 8616
5 7 0 4 5528
5 7 0 6 8374
5 13 0 2 25790
5 13 0 4 2424
5 13 0 6 7406
5 7 1 3 4304
5 7 1 5 718
5 7 1 7 5382
5 13 1 3 90
5 13 1 5 2184
5 13 1 7 1934
5 7 2 0 1602
5 7 2 4 4262
5 7 2 6 1990
5 13 2 0 1734
5 13 2 4 4348
5 13 2 6 9260
5 7 3 1 1368
5 7 3 5 3508
5 7 3 7 3060
5 13 3 1 7070
5 13 3 5 6932
5 13 3 7 1682
5 7 4 0 6334
5 7 4 2 13902
5 7 4 6 12094
5 13 4 0 9056
5 13 4 2 3006
5 13 4 6 4916
5 7 5 1 14202
5 7 5 3 14774
5 7 5 7 8712
5 13 5 1 9430
5 13 5 3 5198
5 13 5 7 1996
5 7 6 0 6302
5 7 6 2 16452
5 7 6 4 8250
5 13 6 0 1872
5 13 6 2 1340
5 13 6 4 1510
5 7 7 1 176
5 7 7 3 26454
5 7 7 5 1452
5 13 7 1 5402
5 13 7 3 5990
5 13 7 5 5118
5 7 8 10 8344
5 7 8 12 18288
5 7 8 14 5286
5 13 8 10 20100
5 13 8 12 7246
5 13 8 14 1218
5 7 9 11 5268
5 7 9 13 5210
5 7 9 15 3258
5 13 9 11 6416
5 13 9 13 4182
5 13 9 15 1042
5 7 10 8 10338
5 7 10 12 5130
5 7 10 14 2146
5 13 10 8 16306
5 13 10 12 1338
5 13 10 14 9986
5 7 11 9 3856
5 7 11 13 8082
5 7 11 15 4584
5 13 11 9 2374
5 13 11 13 2280
5 13 11 15 3612
5 7 12 8 6846
5 7 12 10 1278
5 7 12 14 7742
5 13 12 8 7534
5 13 12 10 3794
5 13 12 14 12996
5 7 13 9 14598
5 7 13 11 21088
5 7 13 15 8834
5 13 13 9 8774
5 13 13 11 6448
5 13 13 15 5604
5 7 14 8 13570
5 7 14 10 5640
5 7 14 12 392
5 13 14 8 5892
5 13 14 10 490
5 13 14 12 21808
5 7 15 9 2102
5 7 15 11 2850
5 7 15 13 9760
5 13 15 9 13998
5 13 15 11 2988
5 13 15 13 17516
6 14 0 2 34910
6 14 0 4 9846
6 14 0 6 2394
6 14 1 3 600
6 14 1 5 126
6 14 1 7 596
6 14 2 0 31646
6 14 2 4 6042
6 14 2 6 798
6 14 3 1 1826
6 14 3 5 13718
6 14 3 7 1352
6 14 4 0 14612
6 14 4 2 14092
6 14 4 6 5688
6 14 5 1 13056
6 14 5 3 8158
6 14 5 7 606
6 14 6 0 3164
6 14 6 2 10172
6 14 6 4 3798
6 14 7 1 9272
6 14 7 3 4460
6 14 7 5 7386
6 14 8 10 110
6 14 8 12 2422
6 14 8 14 7906
6 14 9 11 74
6 14 9 13 10184
6 14 9 15 2552
6 14 10 8 7554
6 14 10 12 4408
6 14 10 14 5702
6 14 11 9 7640
6 14 11 13 3736
6 14 11 15 286
6 14 12 8 3900
6 14 12 10 658
6 14 12 14 3362
6 14 13 9 7258
6 14 13 11 6830
6 14 13 15 4028
6 14 14 8 18120
6 14 14 10 2274
6 14 14 12 7900
6 14 15 9 2298
6 14 15 11 2318
6 14 15 13 110
7 15 0 2 3800
7 15 0 4 3520
7 15 0 6 5314
7 15 1 3 1702
7 15 1 5 2616
7 15 1 7 7016
7 15 2 0 5716
7 15 2 4 8484
7 15 2 6 5082
7 15 3 1 7586
7 15 3 5 1502
7 15 3 7 16990
7 15 4 0 9206
7 15 4 2 5862
7 15 4 6 3318
7 15 5 1 212
7 15 5 3 15988
7 15 5 7 5488
7 15 6 0 14560
7 15 6 2 1376
7 15 6 4 8892
7 15 7 1 3108
7 15 7 3 5376
7 15 7 5 9194
7 15 8 10 8060
7 15 8 12 1434
7 15 8 14 5104
7 15 9 11 14508
7 15 9 13 16424
7 15 9 15 14016
7 15 10 8 1508
7 15 10 12 1826
7 15 10 14 9144
7 15 11 9 6398
7 15 11 13 86
7 15 11 15 4476
7 15 12 8 10374
7 15 12 10 3344
7 15 12 14 15372
7 15 13 9 1220
7 15 13 11 7340
7 15 13 15 4634
7 15 14 8 16
7 15 14 10 5722
7 15 14 12 7958
7 15 15 9 5104
7 15 15 11 3252
7 15 15 13 2634
8 10 0 2 43272
8 10 0 4 16188
8 10 0 6 18710
8 12 0 2 720
8 12 0 4 4774
8 12 0 6 6140
8 10 1 3 642
8 10 1 5 2408
8 10 1 7 2312
8 12 1 3 3334
8 12 1 5 7986
8 12 1 7 1642
8 10 2 0 44168
8 10 2 4 2146
8 10 2 6 2946
8 12 2 0 1634
8 12 2 4 7208
8 12 2 6 25594
8 10 3 1 1536
8 10 3 5 526
8 10 3 7 7022
8 12 3 1 10070
8 12 3 5 2584
8 12 3 7 3024
8 10 4 0 1682
8 10 4 2 2640
8 10 4 6 1120
8 12 4 0 13010
8 12 4 2 9918
8 12 4 6 3714
8 10 5 1 5430
8 10 5 3 22
8 10 5 7 1332
8 12 5 1 3886
8 12 5 3 8266
8 12 5 7 62
8 10 6 0 8338
8 10 6 2 8680
8 10 6 4 1754
8 12 6 0 3698
8 12 6 2 12824
8 12 6 4 998
8 10 7 1 7812
8 10 7 3 2372
8 10 7 5 1790
8 12 7 1 9626
8 12 7 3 4638
8 12 7 5 4384
8 10 8 10 1192
8 10 8 12 9686
8 10 8 14 12358
8 12 8 10 2488
8 12 8 12 12428
8 12 8 14 3736
8 10 9 11 21894
8 10 9 13 6476
8 10 9 15 1680
8 12 9 11 2046
8 12 9 13 6146
8 12 9 15 124
8 10 10 8 1986
8 10 10 12 142
8 10 10 14 9466
8 12 10 8 5170
8 12 10 12 22434
8 12 10 14 1272
8 10 11 9 1580
8 10 11 13 656
8 10 11 15 17946
8 12 11 9 14100
8 12 11 13 8096
8 12 11 15 5792
8 10 12 8 2402
8 10 12 10 5524
8 10 12 14 1516
8 12 12 8 14402
8 12 12 10 12804
8 12 12 14 4374
8 10 13 9 4322
8 10 13 11 6870
8 10 13 15 4564
8 12 13 9 9556
8 12 13 11 462
8 12 13 15 350
8 10 14 8 10058
8 10 14 10 14046
8 10 14 12 3904
8 12 14 8 6430
8 12 14 10 8048
8 12 14 12 6338
8 10 15 9 108
8 10 15 11 3992
8 10 15 13 10234
8 12 15 9 7714
8 12 15 11 350
8 12 15 13 3388
9 11 0 2 3156
9 11 0 4 10692
9 11 0 6 3938
9 13 0 2 556
9 13 0 4 9450
9 13 0 6 8346
9 11 1 3 10188
9 11 1 5 8138
9 11 1 7 1354
9 13 1 3 10622
9 13 1 5 6324
9 13 1 7 8838
9 11 2 0 2326
9 11 2 4 7796
9 11 2 6 9134
9 13 2 0 8668
9 13 2 4 13604
9 13 2 6 4486
9 11 3 1 2010
9 11 3 5 262
9 11 3 7 4480
9 13 3 1 6516
9 13 3 5 1932
9 13 3 7 4742
9 11 4 0 5082
9 11 4 2 16926
9 11 4 6 2050
9 13 4 0 6640
9 13 4 2 12954
9 13 4 6 7612
9 11 5 1 8872
9 11 5 3 1080
9 11 5 7 2438
9 13 5 1 9186
9 13 5 3 13098
9 13 5 7 12200
9 11 6 0 10778
9 11 6 2 2806
9 11 6 4 8190
9 13 6 0 36
9 13 6 2 13186
9 13 6 4 2370
9 11 7 1 11086
9 11 7 3 1898
9 11 7 5 2592
9 13 7 1 1942
9 13 7 3 604
9 13 7 5 1220
9 11 8 10 9076
9 11 8 12 1196
9 11 8 14 3208
9 13 8 10 3518
9 13 8 12 11164
9 13 8 14 1782
9 11 9 11 4816
9 11 9 13 2590
9 11 9 15 7760
9 13 9 11 7536
9 13 9 13 17758
9 13 9 15 2350
9 11 10 8 106
9 11 10 12 4078
9 11 10 14 11608
9 13 10 8 4910
9 13 10 12 9630
9 13 10 14 14566
9 11 11 9 1262
9 11 11 13 3576
9 11 11 15 1570
9 13 11 9 4998
9 13 11 13 3818
9 13 11 15 5374
9 11 12 8 2352
9 11 12 10 13036
9 11 12 14 10280
9 13 12 8 5004
9 13 12 10 14560
9 13 12 14 4170
9 11 13 9 12070
9 11 13 11 6368
9 11 13 15 8418
9 13 13 9 5038
9 13 13 11 698
9 13 13 15 8258
9 11 14 8 4828
9 11 14 10 9970
9 11 14 12 1310
9 13 14 8 3390
9 13 14 10 4758
9 13 14 12 4370
9 11 15 9 30
9 11 15 11 2036
9 11 15 13 5736
9 13 15 9 982
9 13 15 11 10298
9 13 15 13 11336
10 14 0 2 3702
10 14 0 4 2574
10 14 0 6 5828
10 14 1 3 7678
10 14 1 5 14268
10 14 1 7 9852
10 14 2 0 2642
10 14 2 4 6642
10 14 2 6 16568
10 14 3 1 7278
10 14 3 5 1758
10 14 3 7 10512
10 14 4 0 0
10 14 4 2 13232
10 14 4 6 44
10 14 5 1 5594
10 14 5 3 9816
10 14 5 7 7056
10 14 6 0 10162
10 14 6 2 7482
10 14 6 4 1548
10 14 7 1 8866
10 14 7 3 5784
10 14 7 5 7780
10 14 8 10 10870
10 14 8 12 928
10 14 8 14 1872
10 14 9 11 5154
10 14 9 13 8034
10 14 9 15 11800
10 14 10 8 12218
10 14 10 12 9468
10 14 10 14 4380
10 14 11 9 5404
10 14 11 13 6966
10 14 11 15 8322
10 14 12 8 16484
10 14 12 10 12116
10 14 12 14 5690
10 14 13 9 9332
10 14 13 11 998
10 14 13 15 6554
10 14 14 8 920
10 14 14 10 2712
10 14 14 12 19022
10 14 15 9 8066
10 14 15 11 22424
10 14 15 13 3544
11 15 0 2 12174
11 15 0 4 8590
11 15 0 6 308
11 15 1 3 4102
11 15 1 5 3818
11 15 1 7 1822
11 15 2 0 7524
11 15 2 4 11928
11 15 2 6 3406
11 15 3 1 2380
11 15 3 5 8684
11 15 3 7 7462
11 15 4 0 50
11 15 4 2 5498
11 15 4 6 4680
11 15 5 1 50
11 15 5 3 16002
11 15 5 7 7792
11 15 6 0 8908
11 15 6 2 17546
11 15 6 4 3474
11 15 7 1 3096
11 15 7 3 11014
11 15 7 5 11570
11 15 8 10 13468
11 15 8 12 12942
11 15 8 14 3420
11 15 9 11 5216
11 15 9 13 2004
11 15 9 15 3840
11 15 10 8 1442
11 15 10 12 15488
11 15 10 14 11252
11 15 11 9 688
11 15 11 13 3268
11 15 11 15 1434
11 15 12 8 8566
11 15 12 10 18526
11 15 12 14 202
11 15 13 9 17092
11 15 13 11 1548
11 15 13 15 12536
11 15 14 8 8402
11 15 14 10 10136
11 15 14 12 4848
11 15 15 9 7294
11 15 15 11 5456
11 15 15 13 1426
12 14 0 2 3226
12 14 0 4 8652
12 14 0 6 7538
12 14 1 3 15162
12 14 1 5 1584
12 14 1 7 21686
12 14 2 0 4156
12 14 2 4 14800
12 14 2 6 3946
12 14 3 1 3230
12 14 3 5 3366
12 14 3 7 1926
12 14 4 0 598
12 14 4 2 2310
12 14 4 6 11764
12 14 5 1 10468
12 14 5 3 5642
12 14 5 7 10716
12 14 6 0 2114
12 14 6 2 7546
12 14 6 4 3448
12 14 7 1 8852
12 14 7 3 7952
12 14 7 5 722
12 14 8 10 606
12 14 8 12 9726
12 14 8 14 18238
12 14 9 11 992
12 14 9 13 7544
12 14 9 15 16646
12 14 10 8 4144
12 14 10 12 1226
12 14 10 14 2578
12 14 11 9 9802
12 14 11 13 2984
12 14 11 15 8138
12 14 12 8 10638
12 14 12 10 1528
12 14 12 14 1162
12 14 13 9 2494
12 14 13 11 6260
12 14 13 15 9730
12 14 14 8 2698
12 14 14 10 7046
12 14 14 12 2192
12 14 15 9 6524
12 14 15 11 15164
12 14 15 13 21288
13 15 0 2 4484
13 15 0 4 342
13 15 0 6 3768
13 15 1 3 5910
13 15 1 5 10364
13 15 1 7 2426
13 15 2 0 7376
13 15 2 4 3428
13 15 2 6 3178
13 15 3 1 366
13 15 3 5 4942
13 15 3 7 1274
13 15 4 0 4808
13 15 4 2 10272
13 15 4 6 628
13 15 5 1 1554
13 15 5 3 7082
13 15 5 7 340
13 15 6 0 1154
13 15 6 2 4048
13 15 6 4 7694
13 15 7 1 2050
13 15 7 3 26134
13 15 7 5 2554
13 15 8 10 5864
13 15 8 12 14592
13 15 8 14 2908
13 15 9 11 3044
13 15 9 13 5932
13 15 9 15 2184
13 15 10 8 2430
13 15 10 12 82
13 15 10 14 7454
13 15 11 9 830
13 15 11 13 2376
13 15 11 15 1844
13 15 12 8 7808
13 15 12 10 7602
13 15 12 14 1198
13 15 13 9 4546
13 15 13 11 3272
13 15 13 15 7040
13 15 14 8 5648
13 15 14 10 10078
13 15 14 12 1478
13 15 15 9 2646
13 15 15 11 7962
13 15 15 13 144
