# KEY left=0xed right=0x3e
# GOOD_PAIRS_BEGIN count=4
# GOOD_PAIR 0x05 0x27
# GOOD_PAIR 0x07 0x25
# GOOD_PAIR 0x65 0xe7
# GOOD_PAIR 0x67 0xe5
# GOOD_PAIRS_END
0 2 0 2 19240
0 2 0 4 2720
0 2 0 6 3676
0 4 0 2 4168
0 4 0 4 8102
0 4 0 6 13072
0 8 0 2 2146
0 8 0 4 13652
0 8 0 6 12288
0 2 1 3 2334
0 2 1 5 7454
0 2 1 7 1474
0 4 1 3 5262
0 4 1 5 5036
0 4 1 7 17582
0 8 1 3 12146
0 8 1 5 27034
0 8 1 7 3074
0 2 2 0 6752
0 2 2 4 3034
0 2 2 6 8426
0 4 2 0 4
0 4 2 4 15974
0 4 2 6 9946
0 8 2 0 258
0 8 2 4 3392
0 8 2 6 7170
0 2 3 1 5040
0 2 3 5 3238
0 2 3 7 1354
0 4 3 1 3830
0 4 3 5 2322
0 4 3 7 7844
0 8 3 1 1992
0 8 3 5 2918
0 8 3 7 1180
0 2 4 0 11088
0 2 4 2 13306
0 2 4 6 5198
0 4 4 0 590
0 4 4 2 3956
0 4 4 6 10962
0 8 4 0 4158
0 8 4 2 4830
0 8 4 6 5998
0 2 5 1 3806
0 2 5 3 3848
0 2 5 7 42784
0 4 5 1 586
0 4 5 3 11328
0 4 5 7 4292
0 8 5 1 6954
0 8 5 3 2728
0 8 5 7 7356
0 2 6 0 5902
0 2 6 2 982
0 2 6 4 10092
0 4 6 0 3906
0 4 6 2 2568
0 4 6 4 5650
0 8 6 0 5192
0 8 6 2 1358
0 8 6 4 11296
0 2 7 1 13072
0 2 7 3 3312
0 2 7 5 25950
0 4 7 1 11674
0 4 7 3 10684
0 4 7 5 11736
0 8 7 1 6156
0 8 7 3 2426
0 8 7 5 2892
0 2 8 10 6280
0 2 8 12 10398
0 2 8 14 11180
0 4 8 10 1040
0 4 8 12 8350
0 4 8 14 8300
0 8 8 10 10220
0 8 8 12 9544
0 8 8 14 334
0 2 9 11 12616
0 2 9 13 340
0 2 9 15 7248
0 4 9 11 16700
0 4 9 13 5908
0 4 9 15 94
0 8 9 11 3272
0 8 9 13 2188
0 8 9 15 3666
0 2 10 8 5474
0 2 10 12 10586
0 2 10 14 12674
0 4 10 8 10996
0 4 10 12 2944
0 4 10 14 7194
0 8 10 8 6234
0 8 10 12 8528
0 8 10 14 13586
0 2 11 9 7118
0 2 11 13 7490
0 2 11 15 12732
0 4 11 9 1534
0 4 11 13 4176
0 4 11 15 5494
0 8 11 9 2826
0 8 11 13 604
0 8 11 15 3830
0 2 12 8 5720
0 2 12 10 10950
0 2 12 14 10414
0 4 12 8 8684
0 4 12 10 5190
0 4 12 14 2646
0 8 12 8 7090
0 8 12 10 1796
0 8 12 14 10290
0 2 13 9 2028
0 2 13 11 6140
0 2 13 15 11270
0 4 13 9 11102
0 4 13 11 7066
0 4 13 15 8662
0 8 13 9 3516
0 8 13 11 14904
0 8 13 15 4614
0 2 14 8 13302
0 2 14 10 4402
0 2 14 12 1284
0 4 14 8 2068
0 4 14 10 9170
0 4 14 12 9434
0 8 14 8 410
0 8 14 10 7162
0 8 14 12 1442
0 2 15 9 10954
0 2 15 11 6648
0 2 15 13 13674
0 4 15 9 952
0 4 15 11 9130
0 4 15 13 8254
0 8 15 9 5414
0 8 15 11 3234
0 8 15 13 7248
1 3 0 2 5496
1 3 0 4 2032
1 3 0 6 4556
1 5 0 2 6964
1 5 0 4 10768
1 5 0 6 8920
1 9 0 2 3968
1 9 0 4 690
1 9 0 6 19056
1 3 1 3 15110
1 3 1 5 596
1 3 1 7 9934
1 5 1 3 4346
1 5 1 5 1644
1 5 1 7 8730
1 9 1 3 1244
1 9 1 5 7238
1 9 1 7 6018
1 3 2 0 8878
1 3 2 4 6898
1 3 2 6 11710
1 5 2 0 8024
1 5 2 4 632
1 5 2 6 5934
1 9 2 0 1926
1 9 2 4 13176
1 9 2 6 9810
1 3 3 1 14080
1 3 3 5 6096
1 3 3 7 2294
1 5 3 1 18392
1 5 3 5 9820
1 5 3 7 1472
1 9 3 1 4456
1 9 3 5 6468
1 9 3 7 7836
1 3 4 0 13566
1 3 4 2 1918
1 3 4 6 10954
1 5 4 0 13958
1 5 4 2 11872
1 5 4 6 2536
1 9 4 0 1208
1 9 4 2 4624
1 9 4 6 20902
1 3 5 1 162
1 3 5 3 1262
1 3 5 7 2714
1 5 5 1 9914
1 5 5 3 12302
1 5 5 7 13038
1 9 5 1 6278
1 9 5 3 314
1 9 5 7 15796
1 3 6 0 5638
1 3 6 2 3908
1 3 6 4 1256
1 5 6 0 624
1 5 6 2 14198
1 5 6 4 106
1 9 6 0 4748
1 9 6 2 7556
1 9 6 4 7680
1 3 7 1 4392
1 3 7 3 17778
1 3 7 5 15094
1 5 7 1 10936
1 5 7 3 2130
1 5 7 5 4984
1 9 7 1 10222
1 9 7 3 834
1 9 7 5 8640
1 3 8 10 22066
1 3 8 12 8836
1 3 8 14 3108
1 5 8 10 30
1 5 8 12 340
1 5 8 14 14348
1 9 8 10 1002
1 9 8 12 3714
1 9 8 14 33600
1 3 9 11 2966
1 3 9 13 4860
1 3 9 15 1118
1 5 9 11 7220
1 5 9 13 11018
1 5 9 15 4004
1 9 9 11 7428
1 9 9 13 15718
1 9 9 15 18702
1 3 10 8 7546
1 3 10 12 3912
1 3 10 14 3114
1 5 10 8 3168
1 5 10 12 6238
1 5 10 14 6936
1 9 10 8 3256
1 9 10 12 16874
1 9 10 14 438
1 3 11 9 2546
1 3 11 13 11454
1 3 11 15 384
1 5 11 9 6530
1 5 11 13 306
1 5 11 15 9148
1 9 11 9 14852
1 9 11 13 1522
1 9 11 15 7152
1 3 12 8 16576
1 3 12 10 4840
1 3 12 14 5326
1 5 12 8 15852
1 5 12 10 9168
1 5 12 14 13556
1 9 12 8 3060
1 9 12 10 5468
1 9 12 14 13450
1 3 13 9 4434
1 3 13 11 7672
1 3 13 15 8492
1 5 13 9 506
1 5 13 11 1556
1 5 13 15 20736
1 9 13 9 1358
1 9 13 11 1942
1 9 13 15 2178
1 3 14 8 7642
1 3 14 10 17524
1 3 14 12 2422
1 5 14 8 4344
1 5 14 10 12168
1 5 14 12 19510
1 9 14 8 5444
1 9 14 10 226
1 9 14 12 9978
1 3 15 9 7392
1 3 15 11 8144
1 3 15 13 986
1 5 15 9 14994
1 5 15 11 13290
1 5 15 13 10630
1 9 15 9 2660
1 9 15 11 4676
1 9 15 13 16256
2 6 0 2 7988
2 6 0 4 5676
2 6 0 6 5990
2 10 0 2 8144
2 10 0 4 4428
2 10 0 6 9922
2 6 1 3 9792
2 6 1 5 6624
2 6 1 7 11190
2 10 1 3 13094
2 10 1 5 10182
2 10 1 7 442
2 6 2 0 7066
2 6 2 4 12236
2 6 2 6 516
2 10 2 0 7000
2 10 2 4 5612
2 10 2 6 9412
2 6 3 1 2676
2 6 3 5 7214
2 6 3 7 3614
2 10 3 1 1428
2 10 3 5 2918
2 10 3 7 15796
2 6 4 0 5042
2 6 4 2 772
2 6 4 6 6866
2 10 4 0 2870
2 10 4 2 3086
2 10 4 6 1920
2 6 5 1 2576
2 6 5 3 12256
2 6 5 7 16000
2 10 5 1 8084
2 10 5 3 7728
2 10 5 7 10846
2 6 6 0 15392
2 6 6 2 4640
2 6 6 4 8998
2 10 6 0 1410
2 10 6 2 2730
2 10 6 4 5744
2 6 7 1 12500
2 6 7 3 7754
2 6 7 5 10736
2 10 7 1 7344
2 10 7 3 12046
2 10 7 5 7892
2 6 8 10 7582
2 6 8 12 15970
2 6 8 14 10764
2 10 8 10 1958
2 10 8 12 7678
2 10 8 14 8676
2 6 9 11 1846
2 6 9 13 8198
2 6 9 15 2266
2 10 9 11 12272
2 10 9 13 5148
2 10 9 15 4564
2 6 10 8 10510
2 6 10 12 3382
2 6 10 14 844
2 10 10 8 662
2 10 10 12 3322
2 10 10 14 3024
2 6 11 9 10866
2 6 11 13 13284
2 6 11 15 8890
2 10 11 9 4470
2 10 11 13 19560
2 10 11 15 5894
2 6 12 8 10086
2 6 12 10 2246
2 6 12 14 12510
2 10 12 8 19164
2 10 12 10 9628
2 10 12 14 12668
2 6 13 9 4508
2 6 13 11 4634
2 6 13 15 15968
2 10 13 9 15338
2 10 13 11 14382
2 10 13 15 1310
2 6 14 8 3698
2 6 14 10 21156
2 6 14 12 680
2 10 14 8 6538
2 10 14 10 8864
2 10 14 12 6420
2 6 15 9 8486
2 6 15 11 7534
2 6 15 13 9682
2 10 15 9 2394
2 10 15 11 16284
2 10 15 13 12900
3 7 0 2 2214
3 7 0 4 8262
3 7 0 6 14724
3 11 0 2 18034
3 11 0 4 2130
3 11 0 6 10584
3 7 1 3 10824
3 7 1 5 13790
3 7 1 7 4636
3 11 1 3 14420
3 11 1 5 3750
3 11 1 7 2950
3 7 2 0 3658
3 7 2 4 12868
3 7 2 6 10086
3 11 2 0 8492
3 11 2 4 3580
3 11 2 6 966
3 7 3 1 1202
3 7 3 5 11532
3 7 3 7 1274
3 11 3 1 7442
3 11 3 5 9044
3 11 3 7 1524
3 7 4 0 2772
3 7 4 2 5940
3 7 4 6 7596
3 11 4 0 3554
3 11 4 2 11872
3 11 4 6 1538
3 7 5 1 1590
3 7 5 3 1536
3 7 5 7 11468
3 11 5 1 4130
3 11 5 3 7956
3 11 5 7 7082
3 7 6 0 13104
3 7 6 2 5848
3 7 6 4 9974
3 11 6 0 4270
3 11 6 2 5964
3 11 6 4 2950
3 7 7 1 6578
3 7 7 3 7244
3 7 7 5 17896
3 11 7 1 4144
3 11 7 3 1390
3 11 7 5 1676
3 7 8 10 7524
3 7 8 12 14830
3 7 8 14 2310
3 11 8 10 6634
3 11 8 12 13254
3 11 8 14 2914
3 7 9 11 4828
3 7 9 13 3360
3 7 9 15 1360
3 11 9 11 12152
3 11 9 13 896
3 11 9 15 5942
3 7 10 8 1454
3 7 10 12 14768
3 7 10 14 7646
3 11 10 8 18230
3 11 10 12 3684
3 11 10 14 814
3 7 11 9 5444
3 7 11 13 3360
3 7 11 15 1788
3 11 11 9 2798
3 11 11 13 6326
3 11 11 15 3318
3 7 12 8 13896
3 7 12 10 10808
3 7 12 14 3956
3 11 12 8 8618
3 11 12 10 11026
3 11 12 14 6874
3 7 13 9 4558
3 7 13 11 12692
3 7 13 15 5638
3 11 13 9 5458
3 11 13 11 1868
3 11 13 15 534
3 7 14 8 15372
3 7 14 10 2860
3 7 14 12 2178
3 11 14 8 1446
3 11 14 10 5160
3 11 14 12 5414
3 7 15 9 4766
3 7 15 11 2214
3 7 15 13 13132
3 11 15 9 7278
3 11 15 11 13834
3 11 15 13 8320
4 6 0 2 15556
4 6 0 4 17666
4 6 0 6 1042
4 12 0 2 23934
4 12 0 4 2774
4 12 0 6 3322
4 6 1 3 5358
4 6 1 5 3514
4 6 1 7 21408
4 12 1 3 11836
4 12 1 5 9158
4 12 1 7 15430
4 6 2 0 9460
4 6 2 4 2430
4 6 2 6 5234
4 12 2 0 3210
4 12 2 4 21748
4 12 2 6 17744
4 6 3 1 4108
4 6 3 5 11656
4 6 3 7 8266
4 12 3 1 7222
4 12 3 5 8764
4 12 3 7 1846
4 6 4 0 6638
4 6 4 2 16424
4 6 4 6 10888
4 12 4 0 14804
4 12 4 2 3238
4 12 4 6 11062
4 6 5 1 6020
4 6 5 3 6396
4 6 5 7 3404
4 12 5 1 6788
4 12 5 3 1052
4 12 5 7 1628
4 6 6 0 11984
4 6 6 2 4398
4 6 6 4 3714
4 12 6 0 1232
4 12 6 2 7430
4 12 6 4 3414
4 6 7 1 3018
4 6 7 3 3462
4 6 7 5 7382
4 12 7 1 3376
4 12 7 3 6278
4 12 7 5 7300
4 6 8 10 11180
4 6 8 12 1434
4 6 8 14 13978
4 12 8 10 11574
4 12 8 12 5512
4 12 8 14 3022
4 6 9 11 7614
4 6 9 13 428
4 6 9 15 3806
4 12 9 11 822
4 12 9 13 6810
4 12 9 15 13558
4 6 10 8 8960
4 6 10 12 2348
4 6 10 14 3380
4 12 10 8 1050
4 12 10 12 1042
4 12 10 14 16666
4 6 11 9 2734
4 6 11 13 2260
4 6 11 15 12920
4 12 11 9 5740
4 12 11 13 2630
4 12 11 15 5142
4 6 12 8 18
4 6 12 10 2958
4 6 12 14 5218
4 12 12 8 2774
4 12 12 10 10090
4 12 12 14 11788
4 6 13 9 14144
4 6 13 11 9280
4 6 13 15 3016
4 12 13 9 13684
4 12 13 11 2070
4 12 13 15 18098
4 6 14 8 238
4 6 14 10 282
4 6 14 12 2800
4 12 14 8 1700
4 12 14 10 2654
4 12 14 12 25050
4 6 15 9 5188
4 6 15 11 3808
4 6 15 13 620
4 12 15 9 13332
4 12 15 11 14282
4 12 15 13 7340
5 7 0 2 5660
5 7 0 4 9758
5 7 0 6 13140
5 13 0 2 8274
5 13 0 4 17324
5 13 0 6 13026
5 7 1 3 10906
5 7 1 5 21588
5 7 1 7 8240
5 13 1 3 424
5 13 1 5 18892
5 13 1 7 1320
5 7 2 0 3062
5 7 2 4 15800
5 7 2 6 2920
5 13 2 0 2044
5 13 2 4 846
5 13 2 6 16316
5 7 3 1 1696
5 7 3 5 19842
5 7 3 7 6620
5 13 3 1 13046
5 13 3 5 6976
5 13 3 7 8002
5 7 4 0 13006
5 7 4 2 142
5 7 4 6 4664
5 13 4 0 4572
5 13 4 2 3914
5 13 4 6 3708
5 7 5 1 5998
5 7 5 3 2436
5 7 5 7 2982
5 13 5 1 9292
5 13 5 3 8048
5 13 5 7 6328
5 7 6 0 2962
5 7 6 2 5402
5 7 6 4 15794
5 13 6 0 12078
5 13 6 2 3932
5 13 6 4 2854
5 7 7 1 6628
5 7 7 3 9156
5 7 7 5 4766
5 13 7 1 3530
5 13 7 3 14374
5 13 7 5 5982
5 7 8 10 11452
5 7 8 12 450
5 7 8 14 8262
5 13 8 10 1948
5 13 8 12 4022
5 13 8 14 13100
5 7 9 11 3930
5 7 9 13 6222
5 7 9 15 8748
5 13 9 11 12614
5 13 9 13 2774
5 13 9 15 15164
5 7 10 8 11454
5 7 10 12 3938
5 7 10 14 10334
5 13 10 8 5978
5 13 10 12 1496
5 13 10 14 5382
5 7 11 9 2032
5 7 11 13 10168
5 7 11 15 3182
5 13 11 9 14002
5 13 11 13 7662
5 13 11 15 11698
5 7 12 8 13488
5 7 12 10 15624
5 7 12 14 6748
5 13 12 8 3526
5 13 12 10 6252
5 13 12 14 1738
5 7 13 9 13228
5 7 13 11 5740
5 7 13 15 1178
5 13 13 9 3514
5 13 13 11 3046
5 13 13 15 4968
5 7 14 8 4500
5 7 14 10 7692
5 7 14 12 944
5 13 14 8 13726
5 13 14 10 2892
5 13 14 12 680
5 7 15 9 1884
5 7 15 11 128
5 7 15 13 2380
5 13 15 9 4428
5 13 15 11 6612
5 13 15 13 2162
6 14 0 2 16068
6 14 0 4 300
6 14 0 6 2914
6 14 1 3 13128
6 14 1 5 1598
6 14 1 7 12592
6 14 2 0 306
6 14 2 4 3856
6 14 2 6 10196
6 14 3 1 4398
6 14 3 5 3306
6 14 3 7 8740
6 14 4 0 12008
6 14 4 2 9110
6 14 4 6 1768
6 14 5 1 8728
6 14 5 3 13870
6 14 5 7 27444
6 14 6 0 4780
6 14 6 2 914
6 14 6 4 14890
6 14 7 1 3698
6 14 7 3 19682
6 14 7 5 17026
6 14 8 10 11530
6 14 8 12 10794
6 14 8 14 27298
6 14 9 11 4550
6 14 9 13 1344
6 14 9 15 170
6 14 10 8 5174
6 14 10 12 5408
6 14 10 14 3654
6 14 11 9 10854
6 14 11 13 1390
6 14 11 15 7056
6 14 12 8 15980
6 14 12 10 6046
6 14 12 14 3362
6 14 13 9 5566
6 14 13 11 12734
6 14 13 15 6038
6 14 14 8 5530
6 14 14 10 5110
6 14 14 12 15774
6 14 15 9 9282
6 14 15 11 6324
6 14 15 13 9006
7 15 0 2 324
7 15 0 4 12740
7 15 0 6 12758
7 15 1 3 1846
7 15 1 5 6918
7 15 1 7 3470
7 15 2 0 8706
7 15 2 4 3632
7 15 2 6 300
7 15 3 1 4920
7 15 3 5 19968
7 15 3 7 3460
7 15 4 0 4282
7 15 4 2 6932
7 15 4 6 5270
7 15 5 1 14910
7 15 5 3 8808
7 15 5 7 174
7 15 6 0 17352
7 15 6 2 13078
7 15 6 4 9736
7 15 7 1 11894
7 15 7 3 1798
7 15 7 5 5784
7 15 8 10 5714
7 15 8 12 3692
7 15 8 14 706
7 15 9 11 6438
7 15 9 13 4006
7 15 9 15 5124
7 15 10 8 18726
7 15 10 12 9040
7 15 10 14 6238
7 15 11 9 7690
7 15 11 13 11768
7 15 11 15 2246
7 15 12 8 12044
7 15 12 10 1750
7 15 12 14 1064
7 15 13 9 5100
7 15 13 11 202
7 15 13 15 4834
7 15 14 8 12480
7 15 14 10 7814
7 15 14 12 98
7 15 15 9 1022
7 15 15 11 10800
7 15 15 13 14474
8 10 0 2 10462
8 10 0 4 2426
8 10 0 6 10418
8 12 0 2 3380
8 12 0 4 1922
8 12 0 6 11180
8 10 1 3 10490
8 10 1 5 8892
8 10 1 7 7778
8 12 1 3 3638
8 12 1 5 3118
8 12 1 7 6100
8 10 2 0 2150
8 10 2 4 15798
8 10 2 6 1626
8 12 2 0 3554
8 12 2 4 14478
8 12 2 6 8148
8 10 3 1 5910
8 10 3 5 650
8 10 3 7 3226
8 12 3 1 13604
8 12 3 5 2488
8 12 3 7 5066
8 10 4 0 12548
8 10 4 2 382
8 10 4 6 512
8 12 4 0 9098
8 12 4 2 13642
8 12 4 6 614
8 10 5 1 9138
8 10 5 3 12620
8 10 5 7 3758
8 12 5 1 8588
8 12 5 3 3526
8 12 5 7 1678
8 10 6 0 11226
8 10 6 2 6562
8 10 6 4 5360
8 12 6 0 1244
8 12 6 2 4902
8 12 6 4 14222
8 10 7 1 5962
8 10 7 3 12664
8 10 7 5 8164
8 12 7 1 11892
8 12 7 3 13296
8 12 7 5 4928
8 10 8 10 632
8 10 8 12 2692
8 10 8 14 9724
8 12 8 10 3294
8 12 8 12 2418
8 12 8 14 5592
8 10 9 11 7378
8 10 9 13 6234
8 10 9 15 5706
8 12 9 11 7742
8 12 9 13 1388
8 12 9 15 6474
8 10 10 8 5432
8 10 10 12 1882
8 10 10 14 3138
8 12 10 8 11036
8 12 10 12 9350
8 12 10 14 1538
8 10 11 9 7030
8 10 11 13 17078
8 10 11 15 2898
8 12 11 9 4590
8 12 11 13 4098
8 12 11 15 5276
8 10 12 8 11032
8 10 12 10 5936
8 10 12 14 4708
8 12 12 8 3192
8 12 12 10 11932
8 12 12 14 5016
8 10 13 9 13358
8 10 13 11 6974
8 10 13 15 400
8 12 13 9 1290
8 12 13 11 9838
8 12 13 15 5146
8 10 14 8 8728
8 10 14 10 3856
8 10 14 12 9876
8 12 14 8 19462
8 12 14 10 2574
8 12 14 12 1506
8 10 15 9 2032
8 10 15 11 5976
8 10 15 13 11138
8 12 15 9 778
8 12 15 11 24722
8 12 15 13 8532
9 11 0 2 1542
9 11 0 4 10486
9 11 0 6 10342
9 13 0 2 4562
9 13 0 4 1414
9 13 0 6 392
9 11 1 3 17572
9 11 1 5 8462
9 11 1 7 2730
9 13 1 3 2190
9 13 1 5 2116
9 13 1 7 1480
9 11 2 0 7334
9 11 2 4 4588
9 11 2 6 9958
9 13 2 0 4866
9 13 2 4 9438
9 13 2 6 1280
9 11 3 1 7688
9 11 3 5 6288
9 11 3 7 2360
9 13 3 1 5926
9 13 3 5 2
9 13 3 7 3604
9 11 4 0 754
9 11 4 2 8672
9 11 4 6 5010
9 13 4 0 2966
9 13 4 2 3356
9 13 4 6 856
9 11 5 1 21410
9 11 5 3 7990
9 11 5 7 12580
9 13 5 1 890
9 13 5 3 1232
9 13 5 7 4836
9 11 6 0 1084
9 11 6 2 5328
9 11 6 4 9104
9 13 6 0 7448
9 13 6 2 3200
9 13 6 4 7010
9 11 7 1 9646
9 11 7 3 10754
9 11 7 5 21564
9 13 7 1 12348
9 13 7 3 988
9 13 7 5 2148
9 11 8 10 11882
9 11 8 12 3152
9 11 8 14 3300
9 13 8 10 554
9 13 8 12 3058
9 13 8 14 8048
9 11 9 11 9980
9 11 9 13 12824
9 11 9 15 18756
9 13 9 11 6916
9 13 9 13 3342
9 13 9 15 10384
9 11 10 8 6674
9 11 10 12 4078
9 11 10 14 10548
9 13 10 8 2378
9 13 10 12 1176
9 13 10 14 7758
9 11 11 9 10100
9 11 11 13 10942
9 11 11 15 4620
9 13 11 9 9444
9 13 11 13 10792
9 13 11 15 17326
9 11 12 8 5766
9 11 12 10 9584
9 11 12 14 192
9 13 12 8 17732
9 13 12 10 7136
9 13 12 14 11216
9 11 13 9 9430
9 11 13 11 16366
9 11 13 15 2922
9 13 13 9 718
9 13 13 11 2744
9 13 13 15 7924
9 11 14 8 6764
9 11 14 10 7974
9 11 14 12 984
9 13 14 8 7350
9 13 14 10 2718
9 13 14 12 5570
9 11 15 9 5436
9 11 15 11 6746
9 11 15 13 4048
9 13 15 9 5048
9 13 15 11 3150
9 13 15 13 64
10 14 0 2 15368
10 14 0 4 3754
10 14 0 6 6012
10 14 1 3 10148
10 14 1 5 8184
10 14 1 7 600
10 14 2 0 11722
10 14 2 4 20456
10 14 2 6 4472
10 14 3 1 4490
10 14 3 5 954
10 14 3 7 1996
10 14 4 0 16172
10 14 4 2 13438
10 14 4 6 13920
10 14 5 1 8704
10 14 5 3 12016
10 14 5 7 1174
10 14 6 0 7822
10 14 6 2 7066
10 14 6 4 11136
10 14 7 1 1676
10 14 7 3 6860
10 14 7 5 734
10 14 8 10 7662
10 14 8 12 1476
10 14 8 14 7400
10 14 9 11 4744
10 14 9 13 11094
10 14 9 15 9100
10 14 10 8 1678
10 14 10 12 1930
10 14 10 14 2808
10 14 11 9 6670
10 14 11 13 4898
10 14 11 15 11070
10 14 12 8 3638
10 14 12 10 9432
10 14 12 14 2462
10 14 13 9 18440
10 14 13 11 812
10 14 13 15 5956
10 14 14 8 14200
10 14 14 10 15006
10 14 14 12 1746
10 14 15 9 3702
10 14 15 11 2268
10 14 15 13 7606
11 15 0 2 11378
11 15 0 4 4272
11 15 0 6 4720
11 15 1 3 11552
11 15 1 5 3966
11 15 1 7 2578
11 15 2 0 12614
11 15 2 4 9488
11 15 2 6 8144
11 15 3 1 1504
11 15 3 5 7472
11 15 3 7 3048
11 15 4 0 7130
11 15 4 2 6180
11 15 4 6 9000
11 15 5 1 1332
11 15 5 3 15508
11 15 5 7 18330
11 15 6 0 4464
11 15 6 2 4504
11 15 6 4 3652
11 15 7 1 1740
11 15 7 3 7680
11 15 7 5 5814
11 15 8 10 9868
11 15 8 12 10742
11 15 8 14 4516
11 15 9 11 2296
11 15 9 13 1112
11 15 9 15 4266
11 15 10 8 1174
11 15 10 12 6464
11 15 10 14 1348
11 15 11 9 1530
11 15 11 13 3070
11 15 11 15 4138
11 15 12 8 4202
11 15 12 10 6676
11 15 12 14 322
11 15 13 9 9494
11 15 13 11 7016
11 15 13 15 15010
11 15 14 8 15776
11 15 14 10 1910
11 15 14 12 4202
11 15 15 9 6622
11 15 15 11 6362
11 15 15 13 17866
12 14 0 2 2936
12 14 0 4 16220
12 14 0 6 7288
12 14 1 3 2132
12 14 1 5 9160
12 14 1 7 5676
12 14 2 0 706
12 14 2 4 892
12 14 2 6 5140
12 14 3 1 3670
12 14 3 5 680
12 14 3 7 8950
12 14 4 0 2892
12 14 4 2 3468
12 14 4 6 2254
12 14 5 1 14318
12 14 5 3 12276
12 14 5 7 146
12 14 6 0 16810
12 14 6 2 186
12 14 6 4 2424
12 14 7 1 8028
12 14 7 3 350
12 14 7 5 17810
12 14 8 10 1100
12 14 8 12 14182
12 14 8 14 7144
12 14 9 11 496
12 14 9 13 2326
12 14 9 15 3124
12 14 10 8 6978
12 14 10 12 6502
12 14 10 14 8094
12 14 11 9 6620
12 14 11 13 9328
12 14 11 15 5322
12 14 12 8 2582
12 14 12 10 524
12 14 12 14 4362
12 14 13 9 1406
12 14 13 11 14956
12 14 13 15 14458
12 14 14 8 1562
12 14 14 10 28
12 14 14 12 2564
12 14 15 9 7476
12 14 15 11 5066
12 14 15 13 720
13 15 0 2 4352
13 15 0 4 8352
13 15 0 6 4252
13 15 1 3 5670
13 15 1 5 6598
13 15 1 7 2648
13 15 2 0 2370
13 15 2 4 3594
13 15 2 6 11370
13 15 3 1 7470
13 15 3 5 4780
13 15 3 7 3052
13 15 4 0 9444
13 15 4 2 1412
13 15 4 6 16490
13 15 5 1 7656
13 15 5 3 3208
13 15 5 7 5056
13 15 6 0 8978
13 15 6 2 5526
13 15 6 4 10262
13 15 7 1 3874
13 15 7 3 1262
13 15 7 5 680
13 15 8 10 5946
13 15 8 12 9390
13 15 8 14 4960
13 15 9 11 6486
13 15 9 13 3728
13 15 9 15 10452
13 15 10 8 10418
13 15 10 12 20938
13 15 10 14 6622
13 15 11 9 3266
13 15 11 13 6324
13 15 11 15 18516
13 15 12 8 9684
13 15 12 10 11074
13 15 12 14 8088
13 15 13 9 12674
13 15 13 11 9946
13 15 13 15 488
13 15 14 8 5516
13 15 14 10 7452
13 15 14 12 8018
13 15 15 9 830
13 15 15 11 4798
13 15 15 13 5084
