# KEY left=0xfb right=0x08
# GOOD_PAIRS_BEGIN count=2
# GOOD_PAIR 0x11 0x33
# GOOD_PAIR 0x13 0x31
# GOOD_PAIRS_END
0 2 0 2 6802
0 2 0 4 21594
0 2 0 6 4862
0 4 0 2 6196
0 4 0 4 870
0 4 0 6 6224
0 8 0 2 8222
0 8 0 4 5296
0 8 0 6 2254
0 2 1 3 9890
0 2 1 5 146
0 2 1 7 914
0 4 1 3 9852
0 4 1 5 13566
0 4 1 7 4166
0 8 1 3 1280
0 8 1 5 16536
0 8 1 7 11922
0 2 2 0 6934
0 2 2 4 4786
0 2 2 6 116
0 4 2 0 9080
0 4 2 4 10366
0 4 2 6 12902
0 8 2 0 9846
0 8 2 4 5782
0 8 2 6 2292
0 2 3 1 2152
0 2 3 5 9296
0 2 3 7 11340
0 4 3 1 2076
0 4 3 5 960
0 4 3 7 9460
0 8 3 1 6056
0 8 3 5 5532
0 8 3 7 8796
0 2 4 0 2828
0 2 4 2 6840
0 2 4 6 4800
0 4 4 0 5100
0 4 4 2 8398
0 4 4 6 5298
0 8 4 0 7490
0 8 4 2 2042
0 8 4 6 48
0 2 5 1 5216
0 2 5 3 9164
0 2 5 7 4950
0 4 5 1 8790
0 4 5 3 1652
0 4 5 7 1552
0 8 5 1 9766
0 8 5 3 4046
0 8 5 7 2762
0 2 6 0 12954
0 2 6 2 19232
0 2 6 4 13034
0 4 6 0 3756
0 4 6 2 6540
0 4 6 4 12206
0 8 6 0 14526
0 8 6 2 10574
0 8 6 4 5734
0 2 7 1 7048
0 2 7 3 11530
0 2 7 5 15866
0 4 7 1 9886
0 4 7 3 22164
0 4 7 5 9562
0 8 7 1 1724
0 8 7 3 6956
0 8 7 5 9180
0 2 8 10 4290
0 2 8 12 7062
0 2 8 14 4214
0 4 8 10 10816
0 4 8 12 6534
0 4 8 14 8896
0 8 8 10 5664
0 8 8 12 3300
0 8 8 14 3414
0 2 9 11 3412
0 2 9 13 6168
0 2 9 15 15390
0 4 9 11 16362
0 4 9 13 5258
0 4 9 15 3724
0 8 9 11 13056
0 8 9 13 7084
0 8 9 15 8842
0 2 10 8 3258
0 2 10 12 8764
0 2 10 14 1588
0 4 10 8 4828
0 4 10 12 3610
0 4 10 14 1292
0 8 10 8 5114
0 8 10 12 17660
0 8 10 14 2686
0 2 11 9 5444
0 2 11 13 1006
0 2 11 15 5558
0 4 11 9 16890
0 4 11 13 98
0 4 11 15 3016
0 8 11 9 228
0 8 11 13 12556
0 8 11 15 1174
0 2 12 8 3732
0 2 12 10 10154
0 2 12 14 4326
0 4 12 8 12626
0 4 12 10 2612
0 4 12 14 3442
0 8 12 8 5906
0 8 12 10 13772
0 8 12 14 2448
0 2 13 9 21786
0 2 13 11 5654
0 2 13 15 4964
0 4 13 9 2036
0 4 13 11 4852
0 4 13 15 10222
0 8 13 9 7370
0 8 13 11 5806
0 8 13 15 16684
0 2 14 8 10514
0 2 14 10 6710
0 2 14 12 14244
0 4 14 8 4830
0 4 14 10 16008
0 4 14 12 14040
0 8 14 8 114
0 8 14 10 11998
0 8 14 12 66
0 2 15 9 15378
0 2 15 11 12346
0 2 15 13 392
0 4 15 9 7362
0 4 15 11 1962
0 4 15 13 3270
0 8 15 9 11600
0 8 15 11 2730
0 8 15 13 1152
1 3 0 2 3330
1 3 0 4 16864
1 3 0 6 11474
1 5 0 2 8024
1 5 0 4 5992
1 5 0 6 6202
1 9 0 2 3096
1 9 0 4 6582
1 9 0 6 14210
1 3 1 3 28942
1 3 1 5 4972
1 3 1 7 1516
1 5 1 3 5628
1 5 1 5 3750
1 5 1 7 1930
1 9 1 3 3864
1 9 1 5 1094
1 9 1 7 320
1 3 2 0 10946
1 3 2 4 7090
1 3 2 6 11222
1 5 2 0 15642
1 5 2 4 10746
1 5 2 6 8820
1 9 2 0 11216
1 9 2 4 1564
1 9 2 6 9078
1 3 3 1 22536
1 3 3 5 3180
1 3 3 7 9002
1 5 3 1 4138
1 5 3 5 10286
1 5 3 7 5112
1 9 3 1 2674
1 9 3 5 2196
1 9 3 7 2656
1 3 4 0 2610
1 3 4 2 10200
1 3 4 6 6124
1 5 4 0 10694
1 5 4 2 3536
1 5 4 6 7278
1 9 4 0 4848
1 9 4 2 4314
1 9 4 6 7534
1 3 5 1 6752
1 3 5 3 20162
1 3 5 7 13634
1 5 5 1 4936
1 5 5 3 5744
1 5 5 7 6442
1 9 5 1 7714
1 9 5 3 714
1 9 5 7 6284
1 3 6 0 322
1 3 6 2 17840
1 3 6 4 704
1 5 6 0 4004
1 5 6 2 17674
1 5 6 4 5646
1 9 6 0 3790
1 9 6 2 1924
1 9 6 4 5406
1 3 7 1 9342
1 3 7 3 9242
1 3 7 5 3946
1 5 7 1 6514
1 5 7 3 676
1 5 7 5 18974
1 9 7 1 3452
1 9 7 3 11346
1 9 7 5 600
1 3 8 10 8752
1 3 8 12 4432
1 3 8 14 1640
1 5 8 10 10754
1 5 8 12 2834
1 5 8 14 7168
1 9 8 10 12454
1 9 8 12 2884
1 9 8 14 3498
1 3 9 11 3588
1 3 9 13 6046
1 3 9 15 6510
1 5 9 11 4016
1 5 9 13 4514
1 5 9 15 2288
1 9 9 11 6674
1 9 9 13 9226
1 9 9 15 2476
1 3 10 8 6316
1 3 10 12 4742
1 3 10 14 7670
1 5 10 8 14658
1 5 10 12 4778
1 5 10 14 4658
1 9 10 8 8092
1 9 10 12 11912
1 9 10 14 4402
1 3 11 9 8596
1 3 11 13 5910
1 3 11 15 12708
1 5 11 9 6458
1 5 11 13 1796
1 5 11 15 16982
1 9 11 9 922
1 9 11 13 322
1 9 11 15 5300
1 3 12 8 18128
1 3 12 10 778
1 3 12 14 616
1 5 12 8 4798
1 5 12 10 912
1 5 12 14 1114
1 9 12 8 6692
1 9 12 10 5424
1 9 12 14 7172
1 3 13 9 88
1 3 13 11 15312
1 3 13 15 4412
1 5 13 9 7598
1 5 13 11 258
1 5 13 15 7620
1 9 13 9 5378
1 9 13 11 1854
1 9 13 15 9894
1 3 14 8 2338
1 3 14 10 10902
1 3 14 12 2146
1 5 14 8 7072
1 5 14 10 11688
1 5 14 12 4412
1 9 14 8 2656
1 9 14 10 7736
1 9 14 12 434
1 3 15 9 1192
1 3 15 11 9796
1 3 15 13 10094
1 5 15 9 12014
1 5 15 11 4402
1 5 15 13 18514
1 9 15 9 2390
1 9 15 11 14720
1 9 15 13 5864
2 6 0 2 9196
2 6 0 4 9350
2 6 0 6 4062
2 10 0 2 3348
2 10 0 4 11390
2 10 0 6 4754
2 6 1 3 1192
2 6 1 5 10956
2 6 1 7 4688
2 10 1 3 12032
2 10 1 5 4572
2 10 1 7 9904
2 6 2 0 820
2 6 2 4 3378
2 6 2 6 7994
2 10 2 0 16872
2 10 2 4 11518
2 10 2 6 5830
2 6 3 1 3418
2 6 3 5 7450
2 6 3 7 6628
2 10 3 1 6884
2 10 3 5 2816
2 10 3 7 13816
2 6 4 0 1468
2 6 4 2 3820
2 6 4 6 20674
2 10 4 0 180
2 10 4 2 450
2 10 4 6 3972
2 6 5 1 3782
2 6 5 3 1770
2 6 5 7 10194
2 10 5 1 6790
2 10 5 3 4002
2 10 5 7 2470
2 6 6 0 8974
2 6 6 2 2972
2 6 6 4 15848
2 10 6 0 3604
2 10 6 2 18174
2 10 6 4 11382
2 6 7 1 4302
2 6 7 3 2662
2 6 7 5 14308
2 10 7 1 7606
2 10 7 3 1552
2 10 7 5 10412
2 6 8 10 13324
2 6 8 12 7974
2 6 8 14 732
2 10 8 10 14348
2 10 8 12 1168
2 10 8 14 2488
2 6 9 11 2016
2 6 9 13 10340
2 6 9 15 9284
2 10 9 11 10044
2 10 9 13 18726
2 10 9 15 186
2 6 10 8 4370
2 6 10 12 22256
2 6 10 14 6606
2 10 10 8 5846
2 10 10 12 14404
2 10 10 14 6788
2 6 11 9 318
2 6 11 13 2190
2 6 11 15 13972
2 10 11 9 586
2 10 11 13 14766
2 10 11 15 5780
2 6 12 8 2350
2 6 12 10 506
2 6 12 14 3820
2 10 12 8 5032
2 10 12 10 1226
2 10 12 14 668
2 6 13 9 864
2 6 13 11 11624
2 6 13 15 6118
2 10 13 9 4964
2 10 13 11 17684
2 10 13 15 6118
2 6 14 8 10270
2 6 14 10 12466
2 6 14 12 2842
2 10 14 8 4584
2 10 14 10 9534
2 10 14 12 7292
2 6 15 9 5262
2 6 15 11 482
2 6 15 13 11514
2 10 15 9 13240
2 10 15 11 1996
2 10 15 13 13292
3 7 0 2 1780
3 7 0 4 6948
3 7 0 6 10890
3 11 0 2 4268
3 11 0 4 13146
3 11 0 6 1358
3 7 1 3 10186
3 7 1 5 7220
3 7 1 7 8900
3 11 1 3 2686
3 11 1 5 1538
3 11 1 7 11286
3 7 2 0 3480
3 7 2 4 10064
3 7 2 6 8022
3 11 2 0 11780
3 11 2 4 4348
3 11 2 6 4068
3 7 3 1 8260
3 7 3 5 11752
3 7 3 7 11932
3 11 3 1 1266
3 11 3 5 6718
3 11 3 7 7544
3 7 4 0 1248
3 7 4 2 5472
3 7 4 6 6428
3 11 4 0 7738
3 11 4 2 12926
3 11 4 6 846
3 7 5 1 2696
3 7 5 3 4284
3 7 5 7 11932
3 11 5 1 12092
3 11 5 3 7210
3 11 5 7 13554
3 7 6 0 3022
3 7 6 2 11728
3 7 6 4 16154
3 11 6 0 2050
3 11 6 2 1806
3 11 6 4 2076
3 7 7 1 3828
3 7 7 3 3956
3 7 7 5 9500
3 11 7 1 796
3 11 7 3 13162
3 11 7 5 7066
3 7 8 10 648
3 7 8 12 5842
3 7 8 14 3766
3 11 8 10 4592
3 11 8 12 2182
3 11 8 14 10218
3 7 9 11 2996
3 7 9 13 4436
3 7 9 15 3206
3 11 9 11 12942
3 11 9 13 2150
3 11 9 15 9838
3 7 10 8 21218
3 7 10 12 8336
3 7 10 14 3914
3 11 10 8 9404
3 11 10 12 6910
3 11 10 14 4296
3 7 11 9 8314
3 7 11 13 11536
3 7 11 15 9938
3 11 11 9 15428
3 11 11 13 2266
3 11 11 15 14682
3 7 12 8 13418
3 7 12 10 7388
3 7 12 14 3126
3 11 12 8 4024
3 11 12 10 4110
3 11 12 14 9872
3 7 13 9 13018
3 7 13 11 24840
3 7 13 15 4288
3 11 13 9 13408
3 11 13 11 5964
3 11 13 15 11976
3 7 14 8 2524
3 7 14 10 2668
3 7 14 12 3870
3 11 14 8 12664
3 11 14 10 8972
3 11 14 12 1940
3 7 15 9 3940
3 7 15 11 3882
3 7 15 13 6880
3 11 15 9 9518
3 11 15 11 1850
3 11 15 13 4816
4 6 0 2 3214
4 6 0 4 1188
4 6 0 6 2246
4 12 0 2 1432
4 12 0 4 5178
4 12 0 6 5664
4 6 1 3 4972
4 6 1 5 3702
4 6 1 7 6800
4 12 1 3 8270
4 12 1 5 4008
4 12 1 7 7460
4 6 2 0 1020
4 6 2 4 6524
4 6 2 6 7778
4 12 2 0 2082
4 12 2 4 1660
4 12 2 6 16040
4 6 3 1 3442
4 6 3 5 2742
4 6 3 7 25408
4 12 3 1 2842
4 12 3 5 2764
4 12 3 7 11262
4 6 4 0 14244
4 6 4 2 5632
4 6 4 6 2560
4 12 4 0 9708
4 12 4 2 4534
4 12 4 6 11826
4 6 5 1 1526
4 6 5 3 6344
4 6 5 7 11184
4 12 5 1 7596
4 12 5 3 4650
4 12 5 7 6838
4 6 6 0 2040
4 6 6 2 11476
4 6 6 4 9002
4 12 6 0 2582
4 12 6 2 10034
4 12 6 4 18362
4 6 7 1 4226
4 6 7 3 4242
4 6 7 5 672
4 12 7 1 4854
4 12 7 3 11048
4 12 7 5 6684
4 6 8 10 12590
4 6 8 12 948
4 6 8 14 7526
4 12 8 10 5182
4 12 8 12 5460
4 12 8 14 8354
4 6 9 11 5052
4 6 9 13 8684
4 6 9 15 4032
4 12 9 11 8420
4 12 9 13 7124
4 12 9 15 3400
4 6 10 8 9106
4 6 10 12 11264
4 6 10 14 2156
4 12 10 8 12410
4 12 10 12 11258
4 12 10 14 9462
4 6 11 9 6318
4 6 11 13 2604
4 6 11 15 8480
4 12 11 9 6548
4 12 11 13 1836
4 12 11 15 5682
4 6 12 8 5596
4 6 12 10 6964
4 6 12 14 2750
4 12 12 8 11736
4 12 12 10 5924
4 12 12 14 7596
4 6 13 9 7786
4 6 13 11 9382
4 6 13 15 17718
4 12 13 9 1454
4 12 13 11 4078
4 12 13 15 2658
4 6 14 8 7502
4 6 14 10 7554
4 6 14 12 6150
4 12 14 8 1992
4 12 14 10 14088
4 12 14 12 21376
4 6 15 9 6712
4 6 15 11 728
4 6 15 13 800
4 12 15 9 908
4 12 15 11 8160
4 12 15 13 3106
5 7 0 2 13236
5 7 0 4 2500
5 7 0 6 16944
5 13 0 2 6832
5 13 0 4 1154
5 13 0 6 3068
5 7 1 3 1086
5 7 1 5 4214
5 7 1 7 3682
5 13 1 3 7270
5 13 1 5 712
5 13 1 7 9826
5 7 2 0 4682
5 7 2 4 3416
5 7 2 6 6414
5 13 2 0 3240
5 13 2 4 674
5 13 2 6 3176
5 7 3 1 5528
5 7 3 5 6442
5 7 3 7 3134
5 13 3 1 796
5 13 3 5 198
5 13 3 7 6982
5 7 4 0 3872
5 7 4 2 14430
5 7 4 6 10876
5 13 4 0 4174
5 13 4 2 8894
5 13 4 6 2622
5 7 5 1 16828
5 7 5 3 2660
5 7 5 7 3644
5 13 5 1 6662
5 13 5 3 13082
5 13 5 7 7280
5 7 6 0 1296
5 7 6 2 7078
5 7 6 4 2364
5 13 6 0 6234
5 13 6 2 3714
5 13 6 4 348
5 7 7 1 12378
5 7 7 3 8428
5 7 7 5 1384
5 13 7 1 6172
5 13 7 3 9828
5 13 7 5 11758
5 7 8 10 11888
5 7 8 12 8554
5 7 8 14 4048
5 13 8 10 738
5 13 8 12 1564
5 13 8 14 56
5 7 9 11 5652
5 7 9 13 3308
5 7 9 15 12126
5 13 9 11 3186
5 13 9 13 6416
5 13 9 15 2922
5 7 10 8 140
5 7 10 12 4050
5 7 10 14 11960
5 13 10 8 7630
5 13 10 12 5030
5 13 10 14 10084
5 7 11 9 7696
5 7 11 13 14270
5 7 11 15 5198
5 13 11 9 492
5 13 11 13 8586
5 13 11 15 13226
5 7 12 8 5822
5 7 12 10 9542
5 7 12 14 2758
5 13 12 8 1524
5 13 12 10 1760
5 13 12 14 2714
5 7 13 9 4614
5 7 13 11 12628
5 7 13 15 2190
5 13 13 9 772
5 13 13 11 2
5 13 13 15 6750
5 7 14 8 11270
5 7 14 10 2460
5 7 14 12 7070
5 13 14 8 4418
5 13 14 10 3508
5 13 14 12 18366
5 7 15 9 962
5 7 15 11 4810
5 7 15 13 8834
5 13 15 9 5558
5 13 15 11 8334
5 13 15 13 2468
6 14 0 2 5268
6 14 0 4 6680
6 14 0 6 1470
6 14 1 3 1840
6 14 1 5 2466
6 14 1 7 11430
6 14 2 0 7096
6 14 2 4 3734
6 14 2 6 694
6 14 3 1 11766
6 14 3 5 3066
6 14 3 7 3928
6 14 4 0 1320
6 14 4 2 15402
6 14 4 6 6034
6 14 5 1 17354
6 14 5 3 6922
6 14 5 7 8576
6 14 6 0 2274
6 14 6 2 2016
6 14 6 4 1476
6 14 7 1 5290
6 14 7 3 9770
6 14 7 5 5308
6 14 8 10 220
6 14 8 12 502
6 14 8 14 4012
6 14 9 11 10122
6 14 9 13 11668
6 14 9 15 44
6 14 10 8 2944
6 14 10 12 998
6 14 10 14 6476
6 14 11 9 8306
6 14 11 13 4924
6 14 11 15 22924
6 14 12 8 5430
6 14 12 10 6754
6 14 12 14 696
6 14 13 9 15958
6 14 13 11 506
6 14 13 15 19954
6 14 14 8 2708
6 14 14 10 6300
6 14 14 12 1324
6 14 15 9 2116
6 14 15 11 966
6 14 15 13 7540
7 15 0 2 5108
7 15 0 4 12730
7 15 0 6 3712
7 15 1 3 7282
7 15 1 5 20944
7 15 1 7 11370
7 15 2 0 7884
7 15 2 4 5024
7 15 2 6 6404
7 15 3 1 2782
7 15 3 5 1184
7 15 3 7 3016
7 15 4 0 10216
7 15 4 2 1610
7 15 4 6 6680
7 15 5 1 6186
7 15 5 3 524
7 15 5 7 3426
7 15 6 0 838
7 15 6 2 8666
7 15 6 4 4626
7 15 7 1 838
7 15 7 3 7798
7 15 7 5 6682
7 15 8 10 10126
7 15 8 12 6932
7 15 8 14 2468
7 15 9 11 4206
7 15 9 13 7578
7 15 9 15 140
7 15 10 8 2244
7 15 10 12 8222
7 15 10 14 6168
7 15 11 9 17924
7 15 11 13 10902
7 15 11 15 4288
7 15 12 8 8486
7 15 12 10 7452
7 15 12 14 3978
7 15 13 9 2066
7 15 13 11 11080
7 15 13 15 5992
7 15 14 8 3272
7 15 14 10 4236
7 15 14 12 3468
7 15 15 9 9328
7 15 15 11 296
7 15 15 13 5166
8 10 0 2 15038
8 10 0 4 11922
8 10 0 6 21762
8 12 0 2 642
8 12 0 4 4592
8 12 0 6 30942
8 10 1 3 16538
8 10 1 5 0
8 10 1 7 3784
8 12 1 3 12814
8 12 1 5 5612
8 12 1 7 8954
8 10 2 0 3380
8 10 2 4 10386
8 10 2 6 7648
8 12 2 0 7886
8 12 2 4 6900
8 12 2 6 2534
8 10 3 1 5376
8 10 3 5 2990
8 10 3 7 11614
8 12 3 1 2660
8 12 3 5 4200
8 12 3 7 1324
8 10 4 0 17956
8 10 4 2 6762
8 10 4 6 12242
8 12 4 0 3854
8 12 4 2 4270
8 12 4 6 5908
8 10 5 1 17772
8 10 5 3 8702
8 10 5 7 15826
8 12 5 1 3272
8 12 5 3 10832
8 12 5 7 7526
8 10 6 0 850
8 10 6 2 2334
8 10 6 4 21660
8 12 6 0 844
8 12 6 2 9276
8 12 6 4 2864
8 10 7 1 8106
8 10 7 3 1666
8 10 7 5 2486
8 12 7 1 268
8 12 7 3 8288
8 12 7 5 10270
8 10 8 10 4540
8 10 8 12 6758
8 10 8 14 2520
8 12 8 10 374
8 12 8 12 10336
8 12 8 14 6578
8 10 9 11 7338
8 10 9 13 2384
8 10 9 15 6138
8 12 9 11 3590
8 12 9 13 10694
8 12 9 15 4564
8 10 10 8 10906
8 10 10 12 4002
8 10 10 14 14428
8 12 10 8 3434
8 12 10 12 10
8 12 10 14 14630
8 10 11 9 7010
8 10 11 13 7786
8 10 11 15 11034
8 12 11 9 8522
8 12 11 13 6340
8 12 11 15 12168
8 10 12 8 2658
8 10 12 10 2072
8 10 12 14 3590
8 12 12 8 1314
8 12 12 10 1076
8 12 12 14 3164
8 10 13 9 2906
8 10 13 11 2198
8 10 13 15 2106
8 12 13 9 642
8 12 13 11 1866
8 12 13 15 558
8 10 14 8 3500
8 10 14 10 5600
8 10 14 12 7296
8 12 14 8 5010
8 12 14 10 10554
8 12 14 12 178
8 10 15 9 9688
8 10 15 11 11166
8 10 15 13 3834
8 12 15 9 4218
8 12 15 11 3450
8 12 15 13 6774
9 11 0 2 20694
9 11 0 4 5060
9 11 0 6 7662
9 13 0 2 7644
9 13 0 4 6788
9 13 0 6 16778
9 11 1 3 6210
9 11 1 5 5456
9 11 1 7 1372
9 13 1 3 7620
9 13 1 5 7992
9 13 1 7 12672
9 11 2 0 3100
9 11 2 4 12984
9 11 2 6 2232
9 13 2 0 2656
9 13 2 4 3068
9 13 2 6 5048
9 11 3 1 2398
9 11 3 5 12376
9 11 3 7 2212
9 13 3 1 7394
9 13 3 5 6360
9 13 3 7 10018
9 11 4 0 1528
9 11 4 2 6486
9 11 4 6 10000
9 13 4 0 7448
9 13 4 2 2810
9 13 4 6 13278
9 11 5 1 1146
9 11 5 3 5352
9 11 5 7 10312
9 13 5 1 822
9 13 5 3 2490
9 13 5 7 2174
9 11 6 0 1538
9 11 6 2 4124
9 11 6 4 2288
9 13 6 0 520
9 13 6 2 7500
9 13 6 4 3880
9 11 7 1 3150
9 11 7 3 5126
9 11 7 5 6946
9 13 7 1 8478
9 13 7 3 1848
9 13 7 5 16076
9 11 8 10 6740
9 11 8 12 11910
9 11 8 14 1180
9 13 8 10 17464
9 13 8 12 2842
9 13 8 14 16118
9 11 9 11 6878
9 11 9 13 7452
9 11 9 15 5610
9 13 9 11 14814
9 13 9 13 2950
9 13 9 15 10658
9 11 10 8 3786
9 11 10 12 7496
9 11 10 14 20764
9 13 10 8 4740
9 13 10 12 11676
9 13 10 14 10592
9 11 11 9 2680
9 11 11 13 3170
9 11 11 15 6782
9 13 11 9 4536
9 13 11 13 8376
9 13 11 15 15412
9 11 12 8 900
9 11 12 10 100
9 11 12 14 186
9 13 12 8 10420
9 13 12 10 10928
9 13 12 14 7028
9 11 13 9 6152
9 11 13 11 6432
9 11 13 15 4108
9 13 13 9 5100
9 13 13 11 17868
9 13 13 15 6528
9 11 14 8 2060
9 11 14 10 6488
9 11 14 12 262
9 13 14 8 7420
9 13 14 10 4164
9 13 14 12 1084
9 11 15 9 10894
9 11 15 11 15836
9 11 15 13 1460
9 13 15 9 1754
9 13 15 11 9304
9 13 15 13 5246
10 14 0 2 2246
10 14 0 4 7230
10 14 0 6 12142
10 14 1 3 11794
10 14 1 5 11538
10 14 1 7 1688
10 14 2 0 3960
10 14 2 4 13672
10 14 2 6 38
10 14 3 1 8154
10 14 3 5 1474
10 14 3 7 11044
10 14 4 0 3100
10 14 4 2 4770
10 14 4 6 14068
10 14 5 1 3100
10 14 5 3 1638
10 14 5 7 8158
10 14 6 0 8132
10 14 6 2 9608
10 14 6 4 10826
10 14 7 1 12120
10 14 7 3 7764
10 14 7 5 2978
10 14 8 10 7878
10 14 8 12 8386
10 14 8 14 14038
10 14 9 11 11312
10 14 9 13 5808
10 14 9 15 2580
10 14 10 8 434
10 14 10 12 4346
10 14 10 14 826
10 14 11 9 8326
10 14 11 13 15104
10 14 11 15 4258
10 14 12 8 20078
10 14 12 10 200
10 14 12 14 7020
10 14 13 9 10040
10 14 13 11 7390
10 14 13 15 11324
10 14 14 8 21646
10 14 14 10 8786
10 14 14 12 2222
10 14 15 9 7274
10 14 15 11 1058
10 14 15 13 1358
11 15 0 2 222
11 15 0 4 15516
11 15 0 6 4192
11 15 1 3 2016
11 15 1 5 84
11 15 1 7 1826
11 15 2 0 2748
11 15 2 4 5558
11 15 2 6 8488
11 15 3 1 18224
11 15 3 5 280
11 15 3 7 8106
11 15 4 0 16362
11 15 4 2 6656
11 15 4 6 13470
11 15 5 1 4652
11 15 5 3 8728
11 15 5 7 198
11 15 6 0 736
11 15 6 2 4544
11 15 6 4 6232
11 15 7 1 3600
11 15 7 3 1384
11 15 7 5 48
11 15 8 10 4018
11 15 8 12 5970
11 15 8 14 7518
11 15 9 11 6442
11 15 9 13 8142
11 15 9 15 11872
11 15 10 8 542
11 15 10 12 9734
11 15 10 14 6244
11 15 11 9 4134
11 15 11 13 4340
11 15 11 15 8782
11 15 12 8 6076
11 15 12 10 6676
11 15 12 14 2130
11 15 13 9 10524
11 15 13 11 13882
11 15 13 15 374
11 15 14 8 6234
11 15 14 10 3296
11 15 14 12 11438
11 15 15 9 1368
11 15 15 11 6228
11 15 15 13 4028
12 14 0 2 1300
12 14 0 4 5044
12 14 0 6 3906
12 14 1 3 1328
12 14 1 5 8782
12 14 1 7 9262
12 14 2 0 17860
12 14 2 4 3814
12 14 2 6 2938
12 14 3 1 8542
12 14 3 5 4102
12 14 3 7 3786
12 14 4 0 11268
12 14 4 2 5662
12 14 4 6 2772
12 14 5 1 7292
12 14 5 3 16488
12 14 5 7 1678
12 14 6 0 28618
12 14 6 2 10188
12 14 6 4 7256
12 14 7 1 7270
12 14 7 3 10094
12 14 7 5 2310
12 14 8 10 12390
12 14 8 12 130
12 14 8 14 2236
12 14 9 11 15024
12 14 9 13 5146
12 14 9 15 6286
12 14 10 8 17300
12 14 10 12 2574
12 14 10 14 782
12 14 11 9 11386
12 14 11 13 1108
12 14 11 15 6756
12 14 12 8 1284
12 14 12 10 2126
12 14 12 14 5650
12 14 13 9 5838
12 14 13 11 5982
12 14 13 15 998
12 14 14 8 4158
12 14 14 10 6558
12 14 14 12 1170
12 14 15 9 298
12 14 15 11 3358
12 14 15 13 1356
13 15 0 2 12032
13 15 0 4 10064
13 15 0 6 6656
13 15 1 3 5954
13 15 1 5 6810
13 15 1 7 3072
13 15 2 0 1716
13 15 2 4 4212
13 15 2 6 17746
13 15 3 1 4262
13 15 3 5 7156
13 15 3 7 1676
13 15 4 0 9980
13 15 4 2 6078
13 15 4 6 6742
13 15 5 1 916
13 15 5 3 10854
13 15 5 7 1178
13 15 6 0 9932
13 15 6 2 712
13 15 6 4 10554
13 15 7 1 15774
13 15 7 3 6376
13 15 7 5 548
13 15 8 10 926
13 15 8 12 5494
13 15 8 14 8882
13 15 9 11 8050
13 15 9 13 3932
13 15 9 15 7470
13 15 10 8 11256
13 15 10 12 2664
13 15 10 14 8920
13 15 11 9 7344
13 15 11 13 5096
13 15 11 15 8520
13 15 12 8 300
13 15 12 10 6404
13 15 12 14 11080
13 15 13 9 2978
13 15 13 11 32
13 15 13 15 4624
13 15 14 8 9100
13 15 14 10 7376
13 15 14 12 6264
13 15 15 9 312
13 15 15 11 788
13 15 15 13 7784
