# KEY left=0x54 right=0x85
# GOOD_PAIRS_BEGIN count=8
# GOOD_PAIR 0x9c 0xbe
# GOOD_PAIR 0x9e 0xbc
# GOOD_PAIR 0x99 0xbf
# GOOD_PAIR 0x9f 0xb9
# GOOD_PAIR 0x5c 0xde
# GOOD_PAIR 0x5e 0xdc
# GOOD_PAIR 0x59 0xdf
# GOOD_PAIR 0x5f 0xd9
# GOOD_PAIRS_END
0 2 0 2 11810
0 2 0 4 7438
0 2 0 6 1366
0 4 0 2 6262
0 4 0 4 580
0 4 0 6 2752
0 8 0 2 632
0 8 0 4 4428
0 8 0 6 13384
0 2 1 3 10648
0 2 1 5 5762
0 2 1 7 5346
0 4 1 3 1440
0 4 1 5 7102
0 4 1 7 17608
0 8 1 3 2968
0 8 1 5 1742
0 8 1 7 196
0 2 2 0 5700
0 2 2 4 10256
0 2 2 6 10834
0 4 2 0 6342
0 4 2 4 8952
0 4 2 6 3162
0 8 2 0 1836
0 8 2 4 6792
0 8 2 6 13406
0 2 3 1 6810
0 2 3 5 4078
0 2 3 7 4272
0 4 3 1 7734
0 4 3 5 486
0 4 3 7 17744
0 8 3 1 9112
0 8 3 5 1048
0 8 3 7 11176
0 2 4 0 1988
0 2 4 2 9734
0 2 4 6 6314
0 4 4 0 12238
0 4 4 2 4240
0 4 4 6 7900
0 8 4 0 4048
0 8 4 2 11796
0 8 4 6 874
0 2 5 1 22210
0 2 5 3 10594
0 2 5 7 11818
0 4 5 1 13048
0 4 5 3 7968
0 4 5 7 2492
0 8 5 1 7132
0 8 5 3 12020
0 8 5 7 11370
0 2 6 0 7866
0 2 6 2 3840
0 2 6 4 1208
0 4 6 0 2144
0 4 6 2 9372
0 4 6 4 3696
0 8 6 0 9564
0 8 6 2 6950
0 8 6 4 13290
0 2 7 1 12372
0 2 7 3 4286
0 2 7 5 9996
0 4 7 1 7594
0 4 7 3 4062
0 4 7 5 10992
0 8 7 1 6172
0 8 7 3 10248
0 8 7 5 5344
0 2 8 10 20110
0 2 8 12 9642
0 2 8 14 5246
0 4 8 10 2794
0 4 8 12 11776
0 4 8 14 4170
0 8 8 10 3960
0 8 8 12 7192
0 8 8 14 15010
0 2 9 11 4980
0 2 9 13 4408
0 2 9 15 6276
0 4 9 11 15672
0 4 9 13 11922
0 4 9 15 56
0 8 9 11 2978
0 8 9 13 6494
0 8 9 15 7370
0 2 10 8 2398
0 2 10 12 12338
0 2 10 14 11762
0 4 10 8 14384
0 4 10 12 16438
0 4 10 14 6234
0 8 10 8 190
0 8 10 12 5282
0 8 10 14 10058
0 2 11 9 7998
0 2 11 13 22754
0 2 11 15 7978
0 4 11 9 3744
0 4 11 13 5540
0 4 11 15 6574
0 8 11 9 6030
0 8 11 13 3006
0 8 11 15 14058
0 2 12 8 50
0 2 12 10 1746
0 2 12 14 8292
0 4 12 8 6872
0 4 12 10 11888
0 4 12 14 7958
0 8 12 8 1420
0 8 12 10 846
0 8 12 14 962
0 2 13 9 7672
0 2 13 11 1622
0 2 13 15 7614
0 4 13 9 5458
0 4 13 11 2976
0 4 13 15 4604
0 8 13 9 11588
0 8 13 11 8688
0 8 13 15 12088
0 2 14 8 12458
0 2 14 10 21178
0 2 14 12 1428
0 4 14 8 582
0 4 14 10 5518
0 4 14 12 6260
0 8 14 8 8414
0 8 14 10 12448
0 8 14 12 5048
0 2 15 9 6762
0 2 15 11 1298
0 2 15 13 4170
0 4 15 9 582
0 4 15 11 9104
0 4 15 13 7476
0 8 15 9 482
0 8 15 11 4570
0 8 15 13 1636
1 3 0 2 4760
1 3 0 4 9394
1 3 0 6 21576
1 5 0 2 2132
1 5 0 4 12578
1 5 0 6 814
1 9 0 2 494
1 9 0 4 3912
1 9 0 6 14104
1 3 1 3 4432
1 3 1 5 6800
1 3 1 7 4172
1 5 1 3 10396
1 5 1 5 13794
1 5 1 7 1856
1 9 1 3 9178
1 9 1 5 2208
1 9 1 7 310
1 3 2 0 206
1 3 2 4 6448
1 3 2 6 3876
1 5 2 0 15180
1 5 2 4 2464
1 5 2 6 3292
1 9 2 0 9436
1 9 2 4 198
1 9 2 6 7890
1 3 3 1 7704
1 3 3 5 180
1 3 3 7 10646
1 5 3 1 15160
1 5 3 5 2906
1 5 3 7 4200
1 9 3 1 4158
1 9 3 5 8908
1 9 3 7 5736
1 3 4 0 7776
1 3 4 2 3994
1 3 4 6 1858
1 5 4 0 414
1 5 4 2 2768
1 5 4 6 562
1 9 4 0 6832
1 9 4 2 3484
1 9 4 6 3300
1 3 5 1 3296
1 3 5 3 2298
1 3 5 7 4186
1 5 5 1 4880
1 5 5 3 6124
1 5 5 7 5046
1 9 5 1 4176
1 9 5 3 6888
1 9 5 7 10628
1 3 6 0 1610
1 3 6 2 11136
1 3 6 4 3210
1 5 6 0 10408
1 5 6 2 3886
1 5 6 4 6996
1 9 6 0 6224
1 9 6 2 7580
1 9 6 4 10060
1 3 7 1 1032
1 3 7 3 1962
1 3 7 5 7868
1 5 7 1 452
1 5 7 3 11428
1 5 7 5 1776
1 9 7 1 10518
1 9 7 3 4602
1 9 7 5 5252
1 3 8 10 1978
1 3 8 12 2118
1 3 8 14 5632
1 5 8 10 1856
1 5 8 12 8820
1 5 8 14 780
1 9 8 10 1218
1 9 8 12 1124
1 9 8 14 10558
1 3 9 11 5124
1 3 9 13 6254
1 3 9 15 4084
1 5 9 11 18996
1 5 9 13 3842
1 5 9 15 2406
1 9 9 11 1618
1 9 9 13 3054
1 9 9 15 4798
1 3 10 8 7988
1 3 10 12 17854
1 3 10 14 6426
1 5 10 8 5914
1 5 10 12 4266
1 5 10 14 2920
1 9 10 8 1440
1 9 10 12 1132
1 9 10 14 3724
1 3 11 9 2568
1 3 11 13 15790
1 3 11 15 3486
1 5 11 9 7930
1 5 11 13 15268
1 5 11 15 11610
1 9 11 9 5518
1 9 11 13 3616
1 9 11 15 5166
1 3 12 8 3700
1 3 12 10 118
1 3 12 14 1472
1 5 12 8 4652
1 5 12 10 24792
1 5 12 14 9780
1 9 12 8 9114
1 9 12 10 998
1 9 12 14 3872
1 3 13 9 15294
1 3 13 11 7064
1 3 13 15 794
1 5 13 9 2980
1 5 13 11 4182
1 5 13 15 6852
1 9 13 9 1546
1 9 13 11 16678
1 9 13 15 16362
1 3 14 8 14574
1 3 14 10 4160
1 3 14 12 8354
1 5 14 8 2468
1 5 14 10 9532
1 5 14 12 13244
1 9 14 8 2636
1 9 14 10 7074
1 9 14 12 3648
1 3 15 9 9918
1 3 15 11 5074
1 3 15 13 7774
1 5 15 9 1846
1 5 15 11 16644
1 5 15 13 7746
1 9 15 9 5470
1 9 15 11 920
1 9 15 13 10508
2 6 0 2 7576
2 6 0 4 176
2 6 0 6 8364
2 10 0 2 15146
2 10 0 4 2686
2 10 0 6 11570
2 6 1 3 840
2 6 1 5 56
2 6 1 7 3812
2 10 1 3 1978
2 10 1 5 1894
2 10 1 7 874
2 6 2 0 7490
2 6 2 4 4050
2 6 2 6 6204
2 10 2 0 11708
2 10 2 4 15686
2 10 2 6 3380
2 6 3 1 2762
2 6 3 5 6970
2 6 3 7 8096
2 10 3 1 3450
2 10 3 5 3266
2 10 3 7 11920
2 6 4 0 7044
2 6 4 2 142
2 6 4 6 6492
2 10 4 0 5172
2 10 4 2 3110
2 10 4 6 4276
2 6 5 1 1600
2 6 5 3 4342
2 6 5 7 460
2 10 5 1 7028
2 10 5 3 13446
2 10 5 7 13596
2 6 6 0 1016
2 6 6 2 9042
2 6 6 4 4242
2 10 6 0 624
2 10 6 2 8620
2 10 6 4 10676
2 6 7 1 13636
2 6 7 3 10620
2 6 7 5 21346
2 10 7 1 2146
2 10 7 3 9072
2 10 7 5 5028
2 6 8 10 4444
2 6 8 12 16438
2 6 8 14 396
2 10 8 10 13192
2 10 8 12 15124
2 10 8 14 13826
2 6 9 11 4590
2 6 9 13 14840
2 6 9 15 11602
2 10 9 11 11168
2 10 9 13 250
2 10 9 15 5274
2 6 10 8 3038
2 6 10 12 1668
2 6 10 14 10762
2 10 10 8 15572
2 10 10 12 1496
2 10 10 14 3262
2 6 11 9 2212
2 6 11 13 928
2 6 11 15 22728
2 10 11 9 916
2 10 11 13 16542
2 10 11 15 3000
2 6 12 8 3734
2 6 12 10 7346
2 6 12 14 11128
2 10 12 8 15720
2 10 12 10 6170
2 10 12 14 1976
2 6 13 9 4222
2 6 13 11 3882
2 6 13 15 898
2 10 13 9 7818
2 10 13 11 1544
2 10 13 15 15082
2 6 14 8 5774
2 6 14 10 7120
2 6 14 12 13208
2 10 14 8 11144
2 10 14 10 2164
2 10 14 12 2380
2 6 15 9 5648
2 6 15 11 12398
2 6 15 13 944
2 10 15 9 15882
2 10 15 11 10568
2 10 15 13 3906
3 7 0 2 6748
3 7 0 4 5648
3 7 0 6 5508
3 11 0 2 5546
3 11 0 4 10212
3 11 0 6 470
3 7 1 3 4946
3 7 1 5 3972
3 7 1 7 7808
3 11 1 3 964
3 11 1 5 726
3 11 1 7 16608
3 7 2 0 4384
3 7 2 4 1442
3 7 2 6 1348
3 11 2 0 4322
3 11 2 4 6390
3 11 2 6 7298
3 7 3 1 4712
3 7 3 5 16284
3 7 3 7 2618
3 11 3 1 7060
3 11 3 5 8036
3 11 3 7 17092
3 7 4 0 15024
3 7 4 2 3490
3 7 4 6 14652
3 11 4 0 664
3 11 4 2 2842
3 11 4 6 5566
3 7 5 1 3126
3 7 5 3 5392
3 7 5 7 15012
3 11 5 1 4570
3 11 5 3 4150
3 11 5 7 12074
3 7 6 0 15082
3 7 6 2 2152
3 7 6 4 5644
3 11 6 0 2592
3 11 6 2 8618
3 11 6 4 8576
3 7 7 1 826
3 7 7 3 4108
3 7 7 5 2000
3 11 7 1 5190
3 11 7 3 922
3 11 7 5 4328
3 7 8 10 2862
3 7 8 12 4266
3 7 8 14 5966
3 11 8 10 17932
3 11 8 12 392
3 11 8 14 402
3 7 9 11 10762
3 7 9 13 3198
3 7 9 15 1864
3 11 9 11 3404
3 11 9 13 1060
3 11 9 15 4704
3 7 10 8 11496
3 7 10 12 1592
3 7 10 14 15126
3 11 10 8 2154
3 11 10 12 1082
3 11 10 14 2024
3 7 11 9 7630
3 7 11 13 6114
3 7 11 15 7632
3 11 11 9 2766
3 11 11 13 9556
3 11 11 15 7162
3 7 12 8 4312
3 7 12 10 2870
3 7 12 14 12934
3 11 12 8 14466
3 11 12 10 7254
3 11 12 14 11174
3 7 13 9 2624
3 7 13 11 2590
3 7 13 15 7576
3 11 13 9 10448
3 11 13 11 2650
3 11 13 15 15200
3 7 14 8 20478
3 7 14 10 1536
3 7 14 12 3750
3 11 14 8 192
3 11 14 10 6296
3 11 14 12 16652
3 7 15 9 2214
3 7 15 11 1408
3 7 15 13 4164
3 11 15 9 1880
3 11 15 11 2588
3 11 15 13 4122
4 6 0 2 1248
4 6 0 4 5750
4 6 0 6 114
4 12 0 2 1738
4 12 0 4 5570
4 12 0 6 2908
4 6 1 3 6634
4 6 1 5 2814
4 6 1 7 8412
4 12 1 3 8448
4 12 1 5 1468
4 12 1 7 2754
4 6 2 0 11426
4 6 2 4 4904
4 6 2 6 4530
4 12 2 0 8034
4 12 2 4 10016
4 12 2 6 5386
4 6 3 1 6708
4 6 3 5 12676
4 6 3 7 3604
4 12 3 1 2724
4 12 3 5 11638
4 12 3 7 10524
4 6 4 0 4030
4 6 4 2 4176
4 6 4 6 3664
4 12 4 0 8710
4 12 4 2 6382
4 12 4 6 9812
4 6 5 1 8484
4 6 5 3 4162
4 6 5 7 4906
4 12 5 1 7714
4 12 5 3 1656
4 12 5 7 9320
4 6 6 0 3090
4 6 6 2 26724
4 6 6 4 9992
4 12 6 0 13230
4 12 6 2 6346
4 12 6 4 9166
4 6 7 1 1044
4 6 7 3 1318
4 6 7 5 426
4 12 7 1 1208
4 12 7 3 8914
4 12 7 5 1906
4 6 8 10 1454
4 6 8 12 444
4 6 8 14 5440
4 12 8 10 3298
4 12 8 12 1626
4 12 8 14 3736
4 6 9 11 17454
4 6 9 13 1956
4 6 9 15 16324
4 12 9 11 5626
4 12 9 13 11642
4 12 9 15 4360
4 6 10 8 4428
4 6 10 12 4934
4 6 10 14 10712
4 12 10 8 19268
4 12 10 12 9100
4 12 10 14 8662
4 6 11 9 2502
4 6 11 13 14622
4 6 11 15 16522
4 12 11 9 4120
4 12 11 13 3218
4 12 11 15 7816
4 6 12 8 2560
4 6 12 10 254
4 6 12 14 13348
4 12 12 8 11468
4 12 12 10 7798
4 12 12 14 1252
4 6 13 9 3796
4 6 13 11 3886
4 6 13 15 180
4 12 13 9 7110
4 12 13 11 17668
4 12 13 15 628
4 6 14 8 12984
4 6 14 10 126
4 6 14 12 7770
4 12 14 8 4330
4 12 14 10 9118
4 12 14 12 5538
4 6 15 9 8584
4 6 15 11 5564
4 6 15 13 2702
4 12 15 9 5054
4 12 15 11 2270
4 12 15 13 266
5 7 0 2 5030
5 7 0 4 1442
5 7 0 6 10554
5 13 0 2 2574
5 13 0 4 3804
5 13 0 6 6816
5 7 1 3 3944
5 7 1 5 1380
5 7 1 7 9868
5 13 1 3 4214
5 13 1 5 5106
5 13 1 7 908
5 7 2 0 7362
5 7 2 4 19002
5 7 2 6 524
5 13 2 0 10134
5 13 2 4 3680
5 13 2 6 3456
5 7 3 1 4912
5 7 3 5 1736
5 7 3 7 17988
5 13 3 1 15244
5 13 3 5 11610
5 13 3 7 9462
5 7 4 0 13258
5 7 4 2 15746
5 7 4 6 3714
5 13 4 0 1318
5 13 4 2 2896
5 13 4 6 7766
5 7 5 1 5636
5 7 5 3 7226
5 7 5 7 674
5 13 5 1 8720
5 13 5 3 794
5 13 5 7 18480
5 7 6 0 20598
5 7 6 2 4868
5 7 6 4 17164
5 13 6 0 18250
5 13 6 2 4544
5 13 6 4 5426
5 7 7 1 268
5 7 7 3 5450
5 7 7 5 2122
5 13 7 1 6586
5 13 7 3 4158
5 13 7 5 2820
5 7 8 10 12524
5 7 8 12 16532
5 7 8 14 272
5 13 8 10 2028
5 13 8 12 3178
5 13 8 14 2496
5 7 9 11 7994
5 7 9 13 4944
5 7 9 15 3212
5 13 9 11 10032
5 13 9 13 7216
5 13 9 15 41670
5 7 10 8 7102
5 7 10 12 6166
5 7 10 14 3258
5 13 10 8 1432
5 13 10 12 6028
5 13 10 14 18098
5 7 11 9 12308
5 7 11 13 5200
5 7 11 15 5432
5 13 11 9 7908
5 13 11 13 2698
5 13 11 15 1354
5 7 12 8 18532
5 7 12 10 4828
5 7 12 14 1654
5 13 12 8 7818
5 13 12 10 5294
5 13 12 14 43132
5 7 13 9 11294
5 7 13 11 8330
5 7 13 15 11328
5 13 13 9 1850
5 13 13 11 406
5 13 13 15 6292
5 7 14 8 9354
5 7 14 10 4746
5 7 14 12 4198
5 13 14 8 9648
5 13 14 10 7966
5 13 14 12 20580
5 7 15 9 5594
5 7 15 11 2266
5 7 15 13 2174
5 13 15 9 34920
5 13 15 11 10772
5 13 15 13 72
6 14 0 2 5854
6 14 0 4 20118
6 14 0 6 10208
6 14 1 3 5012
6 14 1 5 3306
6 14 1 7 12608
6 14 2 0 1360
6 14 2 4 2432
6 14 2 6 9256
6 14 3 1 2216
6 14 3 5 10344
6 14 3 7 2898
6 14 4 0 2942
6 14 4 2 300
6 14 4 6 764
6 14 5 1 5002
6 14 5 3 8832
6 14 5 7 3984
6 14 6 0 2156
6 14 6 2 3636
6 14 6 4 2308
6 14 7 1 924
6 14 7 3 6648
6 14 7 5 2286
6 14 8 10 6628
6 14 8 12 7560
6 14 8 14 17776
6 14 9 11 536
6 14 9 13 3270
6 14 9 15 21480
6 14 10 8 14110
6 14 10 12 414
6 14 10 14 1550
6 14 11 9 3594
6 14 11 13 6234
6 14 11 15 18662
6 14 12 8 7182
6 14 12 10 22294
6 14 12 14 9736
6 14 13 9 1328
6 14 13 11 6074
6 14 13 15 12212
6 14 14 8 1250
6 14 14 10 8612
6 14 14 12 7934
6 14 15 9 1452
6 14 15 11 4028
6 14 15 13 1232
7 15 0 2 6136
7 15 0 4 1870
7 15 0 6 2954
7 15 1 3 4728
7 15 1 5 6586
7 15 1 7 2164
7 15 2 0 4878
7 15 2 4 3206
7 15 2 6 8756
7 15 3 1 6314
7 15 3 5 668
7 15 3 7 15606
7 15 4 0 6348
7 15 4 2 3248
7 15 4 6 6408
7 15 5 1 430
7 15 5 3 8306
7 15 5 7 3046
7 15 6 0 4876
7 15 6 2 136
7 15 6 4 7272
7 15 7 1 5486
7 15 7 3 3524
7 15 7 5 12474
7 15 8 10 3458
7 15 8 12 14798
7 15 8 14 11012
7 15 9 11 944
7 15 9 13 42
7 15 9 15 10170
7 15 10 8 2700
7 15 10 12 12994
7 15 10 14 14670
7 15 11 9 9606
7 15 11 13 7536
7 15 11 15 1348
7 15 12 8 2008
7 15 12 10 4732
7 15 12 14 2762
7 15 13 9 3608
7 15 13 11 13126
7 15 13 15 1358
7 15 14 8 7114
7 15 14 10 2696
7 15 14 12 4124
7 15 15 9 7164
7 15 15 11 6132
7 15 15 13 20910
8 10 0 2 5456
8 10 0 4 11516
8 10 0 6 20080
8 12 0 2 11038
8 12 0 4 9352
8 12 0 6 3434
8 10 1 3 2946
8 10 1 5 15920
8 10 1 7 2246
8 12 1 3 410
8 12 1 5 2878
8 12 1 7 690
8 10 2 0 3288
8 10 2 4 10152
8 10 2 6 5442
8 12 2 0 7966
8 12 2 4 2994
8 12 2 6 3212
8 10 3 1 8080
8 10 3 5 9720
8 10 3 7 2634
8 12 3 1 17984
8 12 3 5 17750
8 12 3 7 7908
8 10 4 0 17744
8 10 4 2 3818
8 10 4 6 4892
8 12 4 0 840
8 12 4 2 3662
8 12 4 6 13988
8 10 5 1 536
8 10 5 3 7326
8 10 5 7 1074
8 12 5 1 4616
8 12 5 3 5686
8 12 5 7 5494
8 10 6 0 9846
8 10 6 2 5250
8 10 6 4 2102
8 12 6 0 10762
8 12 6 2 23370
8 12 6 4 480
8 10 7 1 532
8 10 7 3 7954
8 10 7 5 1466
8 12 7 1 2154
8 12 7 3 12258
8 12 7 5 3216
8 10 8 10 4116
8 10 8 12 12100
8 10 8 14 7398
8 12 8 10 1462
8 12 8 12 6932
8 12 8 14 198
8 10 9 11 4582
8 10 9 13 4206
8 10 9 15 11192
8 12 9 11 7906
8 12 9 13 3862
8 12 9 15 4048
8 10 10 8 1752
8 10 10 12 7426
8 10 10 14 4388
8 12 10 8 1878
8 12 10 12 1220
8 12 10 14 8374
8 10 11 9 4232
8 10 11 13 14102
8 10 11 15 12372
8 12 11 9 6292
8 12 11 13 3108
8 12 11 15 4160
8 10 12 8 3418
8 10 12 10 914
8 10 12 14 7724
8 12 12 8 14574
8 12 12 10 14272
8 12 12 14 6030
8 10 13 9 5360
8 10 13 11 11674
8 10 13 15 1520
8 12 13 9 3874
8 12 13 11 774
8 12 13 15 2644
8 10 14 8 3838
8 10 14 10 8548
8 10 14 12 7266
8 12 14 8 2692
8 12 14 10 2214
8 12 14 12 3178
8 10 15 9 1588
8 10 15 11 4754
8 10 15 13 468
8 12 15 9 8844
8 12 15 11 4006
8 12 15 13 60
9 11 0 2 4710
9 11 0 4 2256
9 11 0 6 8088
9 13 0 2 1444
9 13 0 4 2572
9 13 0 6 4302
9 11 1 3 9436
9 11 1 5 5188
9 11 1 7 16008
9 13 1 3 6366
9 13 1 5 166
9 13 1 7 1512
9 11 2 0 386
9 11 2 4 722
9 11 2 6 9814
9 13 2 0 546
9 13 2 4 1308
9 13 2 6 8868
9 11 3 1 3720
9 11 3 5 218
9 11 3 7 6132
9 13 3 1 338
9 13 3 5 2482
9 13 3 7 16426
9 11 4 0 4324
9 11 4 2 2328
9 11 4 6 1566
9 13 4 0 11140
9 13 4 2 2138
9 13 4 6 6394
9 11 5 1 12106
9 11 5 3 7324
9 11 5 7 9920
9 13 5 1 3454
9 13 5 3 10882
9 13 5 7 196
9 11 6 0 4646
9 11 6 2 9504
9 11 6 4 2940
9 13 6 0 2468
9 13 6 2 3876
9 13 6 4 15974
9 11 7 1 5834
9 11 7 3 664
9 11 7 5 5970
9 13 7 1 4442
9 13 7 3 2800
9 13 7 5 3036
9 11 8 10 10718
9 11 8 12 1216
9 11 8 14 7986
9 13 8 10 11434
9 13 8 12 7158
9 13 8 14 7860
9 11 9 11 10504
9 11 9 13 8096
9 11 9 15 35688
9 13 9 11 3416
9 13 9 13 6234
9 13 9 15 1618
9 11 10 8 11716
9 11 10 12 12680
9 11 10 14 1630
9 13 10 8 220
9 13 10 12 1704
9 13 10 14 7990
9 11 11 9 3432
9 11 11 13 3502
9 11 11 15 10022
9 13 11 9 12656
9 13 11 13 13360
9 13 11 15 5914
9 11 12 8 9482
9 11 12 10 7218
9 11 12 14 31894
9 13 12 8 5400
9 13 12 10 2658
9 13 12 14 5480
9 11 13 9 8942
9 11 13 11 3390
9 11 13 15 8620
9 13 13 9 1048
9 13 13 11 1988
9 13 13 15 3822
9 11 14 8 8304
9 11 14 10 246
9 11 14 12 31066
9 13 14 8 4024
9 13 14 10 6348
9 13 14 12 9372
9 11 15 9 22946
9 11 15 11 7976
9 11 15 13 4068
9 13 15 9 10520
9 13 15 11 4694
9 13 15 13 1824
10 14 0 2 4348
10 14 0 4 186
10 14 0 6 2674
10 14 1 3 8516
10 14 1 5 7670
10 14 1 7 2496
10 14 2 0 6888
10 14 2 4 5368
10 14 2 6 2648
10 14 3 1 7816
10 14 3 5 5444
10 14 3 7 7750
10 14 4 0 4902
10 14 4 2 12630
10 14 4 6 7960
10 14 5 1 12278
10 14 5 3 1012
10 14 5 7 5018
10 14 6 0 3028
10 14 6 2 5966
10 14 6 4 6140
10 14 7 1 8606
10 14 7 3 7898
10 14 7 5 256
10 14 8 10 3642
10 14 8 12 13472
10 14 8 14 3028
10 14 9 11 6984
10 14 9 13 2506
10 14 9 15 1708
10 14 10 8 16842
10 14 10 12 11118
10 14 10 14 3484
10 14 11 9 10424
10 14 11 13 2264
10 14 11 15 11928
10 14 12 8 1644
10 14 12 10 8842
10 14 12 14 1676
10 14 13 9 4216
10 14 13 11 8744
10 14 13 15 4872
10 14 14 8 7528
10 14 14 10 13758
10 14 14 12 4204
10 14 15 9 7478
10 14 15 11 3494
10 14 15 13 2764
11 15 0 2 5980
11 15 0 4 6134
11 15 0 6 7906
11 15 1 3 5954
11 15 1 5 6476
11 15 1 7 16622
11 15 2 0 4734
11 15 2 4 786
11 15 2 6 5440
11 15 3 1 7306
11 15 3 5 11354
11 15 3 7 5356
11 15 4 0 8586
11 15 4 2 3660
11 15 4 6 982
11 15 5 1 10636
11 15 5 3 7372
11 15 5 7 8842
11 15 6 0 1240
11 15 6 2 4014
11 15 6 4 9638
11 15 7 1 5160
11 15 7 3 9468
11 15 7 5 1826
11 15 8 10 7002
11 15 8 12 674
11 15 8 14 5096
11 15 9 11 12596
11 15 9 13 3074
11 15 9 15 592
11 15 10 8 19168
11 15 10 12 3726
11 15 10 14 622
11 15 11 9 892
11 15 11 13 1218
11 15 11 15 7832
11 15 12 8 10140
11 15 12 10 15908
11 15 12 14 2030
11 15 13 9 5726
11 15 13 11 11976
11 15 13 15 21360
11 15 14 8 9778
11 15 14 10 12808
11 15 14 12 10996
11 15 15 9 8976
11 15 15 11 4064
11 15 15 13 936
12 14 0 2 3320
12 14 0 4 9358
12 14 0 6 4770
12 14 1 3 4974
12 14 1 5 2426
12 14 1 7 9954
12 14 2 0 4360
12 14 2 4 3002
12 14 2 6 6676
12 14 3 1 9256
12 14 3 5 7522
12 14 3 7 3796
12 14 4 0 4692
12 14 4 2 8858
12 14 4 6 15770
12 14 5 1 3684
12 14 5 3 5538
12 14 5 7 4716
12 14 6 0 76
12 14 6 2 4526
12 14 6 4 3476
12 14 7 1 620
12 14 7 3 1232
12 14 7 5 6126
12 14 8 10 14804
12 14 8 12 15978
12 14 8 14 12480
12 14 9 11 14214
12 14 9 13 20416
12 14 9 15 486
12 14 10 8 16256
12 14 10 12 4144
12 14 10 14 8042
12 14 11 9 304
12 14 11 13 6410
12 14 11 15 3650
12 14 12 8 9082
12 14 12 10 11466
12 14 12 14 3160
12 14 13 9 9096
12 14 13 11 14196
12 14 13 15 5748
12 14 14 8 6084
12 14 14 10 15722
12 14 14 12 4030
12 14 15 9 9780
12 14 15 11 2130
12 14 15 13 10850
13 15 0 2 9304
13 15 0 4 5028
13 15 0 6 2230
13 15 1 3 3596
13 15 1 5 7822
13 15 1 7 1690
13 15 2 0 7380
13 15 2 4 8904
13 15 2 6 7338
13 15 3 1 3500
13 15 3 5 4440
13 15 3 7 10786
13 15 4 0 5120
13 15 4 2 4694
13 15 4 6 6156
13 15 5 1 5116
13 15 5 3 1606
13 15 5 7 6138
13 15 6 0 1912
13 15 6 2 10306
13 15 6 4 2294
13 15 7 1 762
13 15 7 3 7726
13 15 7 5 1476
13 15 8 10 11622
13 15 8 12 4150
13 15 8 14 2040
13 15 9 11 7598
13 15 9 13 6
13 15 9 15 6254
13 15 10 8 5928
13 15 10 12 6854
13 15 10 14 4560
13 15 11 9 4408
13 15 11 13 6708
13 15 11 15 8806
13 15 12 8 12212
13 15 12 10 14654
13 15 12 14 5094
13 15 13 9 2092
13 15 13 11 6802
13 15 13 15 4228
13 15 14 8 1702
13 15 14 10 510
13 15 14 12 4880
13 15 15 9 8334
13 15 15 11 3264
13 15 15 13 14212
