# KEY left=0x49 right=0x1a
# GOOD_PAIRS_BEGIN count=4
# GOOD_PAIR 0x81 0xa3
# GOOD_PAIR 0x83 0xa1
# GOOD_PAIR 0x41 0xc3
# GOOD_PAIR 0x43 0xc1
# GOOD_PAIRS_END
0 2 0 2 1430
0 2 0 4 12576
0 2 0 6 6874
0 4 0 2 3614
0 4 0 4 4394
0 4 0 6 6694
0 8 0 2 6006
0 8 0 4 10408
0 8 0 6 3784
0 2 1 3 1254
0 2 1 5 14324
0 2 1 7 6384
0 4 1 3 11674
0 4 1 5 8302
0 4 1 7 10530
0 8 1 3 7294
0 8 1 5 10966
0 8 1 7 13000
0 2 2 0 2616
0 2 2 4 2160
0 2 2 6 8238
0 4 2 0 4784
0 4 2 4 1192
0 4 2 6 1212
0 8 2 0 26130
0 8 2 4 9540
0 8 2 6 2148
0 2 3 1 1884
0 2 3 5 1432
0 2 3 7 4536
0 4 3 1 5788
0 4 3 5 2026
0 4 3 7 2250
0 8 3 1 5450
0 8 3 5 7318
0 8 3 7 634
0 2 4 0 2364
0 2 4 2 1590
0 2 4 6 128
0 4 4 0 5482
0 4 4 2 11070
0 4 4 6 1722
0 8 4 0 19242
0 8 4 2 790
0 8 4 6 3108
0 2 5 1 1490
0 2 5 3 5650
0 2 5 7 122
0 4 5 1 2718
0 4 5 3 3688
0 4 5 7 5216
0 8 5 1 362
0 8 5 3 5728
0 8 5 7 4660
0 2 6 0 8128
0 2 6 2 6460
0 2 6 4 6518
0 4 6 0 4960
0 4 6 2 10424
0 4 6 4 4754
0 8 6 0 7338
0 8 6 2 16644
0 8 6 4 3172
0 2 7 1 5254
0 2 7 3 3358
0 2 7 5 16082
0 4 7 1 5494
0 4 7 3 3716
0 4 7 5 1090
0 8 7 1 2620
0 8 7 3 3280
0 8 7 5 7238
0 2 8 10 3640
0 2 8 12 5284
0 2 8 14 1864
0 4 8 10 6270
0 4 8 12 8768
0 4 8 14 22918
0 8 8 10 9630
0 8 8 12 3306
0 8 8 14 9770
0 2 9 11 3828
0 2 9 13 7400
0 2 9 15 7256
0 4 9 11 7636
0 4 9 13 2248
0 4 9 15 9606
0 8 9 11 4082
0 8 9 13 1740
0 8 9 15 4104
0 2 10 8 3340
0 2 10 12 880
0 2 10 14 2166
0 4 10 8 10574
0 4 10 12 12070
0 4 10 14 324
0 8 10 8 5922
0 8 10 12 210
0 8 10 14 5052
0 2 11 9 6686
0 2 11 13 9756
0 2 11 15 7278
0 4 11 9 7084
0 4 11 13 8254
0 4 11 15 1782
0 8 11 9 21128
0 8 11 13 684
0 8 11 15 8816
0 2 12 8 8904
0 2 12 10 2198
0 2 12 14 7532
0 4 12 8 5870
0 4 12 10 14984
0 4 12 14 18
0 8 12 8 6428
0 8 12 10 1184
0 8 12 14 1796
0 2 13 9 16
0 2 13 11 1776
0 2 13 15 21080
0 4 13 9 906
0 4 13 11 5308
0 4 13 15 2916
0 8 13 9 8302
0 8 13 11 7218
0 8 13 15 7144
0 2 14 8 5330
0 2 14 10 6642
0 2 14 12 5386
0 4 14 8 8348
0 4 14 10 5674
0 4 14 12 424
0 8 14 8 3070
0 8 14 10 3428
0 8 14 12 4984
0 2 15 9 2292
0 2 15 11 5770
0 2 15 13 496
0 4 15 9 7860
0 4 15 11 3690
0 4 15 13 12274
0 8 15 9 12884
0 8 15 11 5408
0 8 15 13 1594
1 3 0 2 6714
1 3 0 4 1634
1 3 0 6 8342
1 5 0 2 6186
1 5 0 4 15836
1 5 0 6 76
1 9 0 2 7618
1 9 0 4 2990
1 9 0 6 4826
1 3 1 3 10080
1 3 1 5 15036
1 3 1 7 24380
1 5 1 3 2602
1 5 1 5 6680
1 5 1 7 8548
1 9 1 3 6708
1 9 1 5 2394
1 9 1 7 2302
1 3 2 0 3220
1 3 2 4 5228
1 3 2 6 15300
1 5 2 0 11786
1 5 2 4 5120
1 5 2 6 5476
1 9 2 0 3368
1 9 2 4 208
1 9 2 6 780
1 3 3 1 5014
1 3 3 5 8022
1 3 3 7 9416
1 5 3 1 2142
1 5 3 5 16360
1 5 3 7 8
1 9 3 1 6198
1 9 3 5 5166
1 9 3 7 11870
1 3 4 0 4634
1 3 4 2 11156
1 3 4 6 3084
1 5 4 0 8960
1 5 4 2 6818
1 5 4 6 5616
1 9 4 0 3430
1 9 4 2 3360
1 9 4 6 6270
1 3 5 1 13618
1 3 5 3 16026
1 3 5 7 404
1 5 5 1 8960
1 5 5 3 16906
1 5 5 7 3782
1 9 5 1 6512
1 9 5 3 8242
1 9 5 7 1196
1 3 6 0 10648
1 3 6 2 1720
1 3 6 4 15296
1 5 6 0 6378
1 5 6 2 11322
1 5 6 4 3766
1 9 6 0 5904
1 9 6 2 7218
1 9 6 4 11486
1 3 7 1 5526
1 3 7 3 7120
1 3 7 5 6202
1 5 7 1 396
1 5 7 3 6864
1 5 7 5 2954
1 9 7 1 12252
1 9 7 3 9250
1 9 7 5 5396
1 3 8 10 11024
1 3 8 12 12454
1 3 8 14 7936
1 5 8 10 522
1 5 8 12 12720
1 5 8 14 10412
1 9 8 10 2514
1 9 8 12 3028
1 9 8 14 2638
1 3 9 11 886
1 3 9 13 4902
1 3 9 15 346
1 5 9 11 1742
1 5 9 13 2190
1 5 9 15 1346
1 9 9 11 7602
1 9 9 13 10416
1 9 9 15 13314
1 3 10 8 5262
1 3 10 12 9058
1 3 10 14 7480
1 5 10 8 9988
1 5 10 12 1772
1 5 10 14 1260
1 9 10 8 12288
1 9 10 12 6226
1 9 10 14 2324
1 3 11 9 1504
1 3 11 13 7114
1 3 11 15 13428
1 5 11 9 3300
1 5 11 13 11748
1 5 11 15 2718
1 9 11 9 4488
1 9 11 13 5874
1 9 11 15 9240
1 3 12 8 446
1 3 12 10 13756
1 3 12 14 2986
1 5 12 8 13392
1 5 12 10 9390
1 5 12 14 1328
1 9 12 8 7532
1 9 12 10 15526
1 9 12 14 1078
1 3 13 9 2368
1 3 13 11 11724
1 3 13 15 6150
1 5 13 9 314
1 5 13 11 1446
1 5 13 15 2686
1 9 13 9 7392
1 9 13 11 9694
1 9 13 15 5350
1 3 14 8 4750
1 3 14 10 2504
1 3 14 12 10684
1 5 14 8 4456
1 5 14 10 468
1 5 14 12 2790
1 9 14 8 11274
1 9 14 10 6872
1 9 14 12 7440
1 3 15 9 1434
1 3 15 11 3380
1 3 15 13 7330
1 5 15 9 10514
1 5 15 11 2490
1 5 15 13 1930
1 9 15 9 8718
1 9 15 11 16288
1 9 15 13 12036
2 6 0 2 6878
2 6 0 4 13638
2 6 0 6 492
2 10 0 2 14296
2 10 0 4 2616
2 10 0 6 2542
2 6 1 3 2890
2 6 1 5 15632
2 6 1 7 4332
2 10 1 3 5324
2 10 1 5 2138
2 10 1 7 6208
2 6 2 0 7040
2 6 2 4 4856
2 6 2 6 4778
2 10 2 0 20196
2 10 2 4 7666
2 10 2 6 2382
2 6 3 1 5064
2 6 3 5 16072
2 6 3 7 7070
2 10 3 1 18492
2 10 3 5 8656
2 10 3 7 9154
2 6 4 0 5158
2 6 4 2 14098
2 6 4 6 13560
2 10 4 0 16984
2 10 4 2 4576
2 10 4 6 5756
2 6 5 1 12578
2 6 5 3 4124
2 6 5 7 11502
2 10 5 1 10628
2 10 5 3 7288
2 10 5 7 10838
2 6 6 0 8206
2 6 6 2 7948
2 6 6 4 4370
2 10 6 0 11578
2 10 6 2 1620
2 10 6 4 6770
2 6 7 1 968
2 6 7 3 12314
2 6 7 5 5226
2 10 7 1 2644
2 10 7 3 9744
2 10 7 5 1946
2 6 8 10 9742
2 6 8 12 6462
2 6 8 14 2550
2 10 8 10 740
2 10 8 12 4290
2 10 8 14 10432
2 6 9 11 6102
2 6 9 13 3970
2 6 9 15 11638
2 10 9 11 3870
2 10 9 13 14042
2 10 9 15 1428
2 6 10 8 1404
2 6 10 12 2846
2 6 10 14 332
2 10 10 8 5062
2 10 10 12 11494
2 10 10 14 2038
2 6 11 9 10806
2 6 11 13 6974
2 6 11 15 900
2 10 11 9 8824
2 10 11 13 6550
2 10 11 15 4496
2 6 12 8 4908
2 6 12 10 8842
2 6 12 14 760
2 10 12 8 2972
2 10 12 10 2366
2 10 12 14 5712
2 6 13 9 258
2 6 13 11 2074
2 6 13 15 16610
2 10 13 9 1844
2 10 13 11 284
2 10 13 15 7798
2 6 14 8 1602
2 6 14 10 5764
2 6 14 12 6412
2 10 14 8 2500
2 10 14 10 9608
2 10 14 12 4648
2 6 15 9 5420
2 6 15 11 1336
2 6 15 13 18128
2 10 15 9 8044
2 10 15 11 9230
2 10 15 13 4106
3 7 0 2 3600
3 7 0 4 5352
3 7 0 6 7718
3 11 0 2 12750
3 11 0 4 9632
3 11 0 6 3066
3 7 1 3 460
3 7 1 5 2752
3 7 1 7 19204
3 11 1 3 186
3 11 1 5 5458
3 11 1 7 10730
3 7 2 0 15566
3 7 2 4 10502
3 7 2 6 2360
3 11 2 0 13310
3 11 2 4 3378
3 11 2 6 2202
3 7 3 1 3020
3 7 3 5 2238
3 7 3 7 5396
3 11 3 1 16354
3 11 3 5 4672
3 11 3 7 7062
3 7 4 0 2546
3 7 4 2 7058
3 7 4 6 9464
3 11 4 0 5308
3 11 4 2 14414
3 11 4 6 4086
3 7 5 1 3032
3 7 5 3 8566
3 7 5 7 2218
3 11 5 1 6664
3 11 5 3 318
3 11 5 7 5218
3 7 6 0 12490
3 7 6 2 6394
3 7 6 4 288
3 11 6 0 5370
3 11 6 2 1144
3 11 6 4 7388
3 7 7 1 4986
3 7 7 3 7174
3 7 7 5 924
3 11 7 1 1412
3 11 7 3 11394
3 11 7 5 4260
3 7 8 10 2118
3 7 8 12 11544
3 7 8 14 614
3 11 8 10 2928
3 11 8 12 7260
3 11 8 14 6356
3 7 9 11 2020
3 7 9 13 3632
3 7 9 15 5252
3 11 9 11 5522
3 11 9 13 15186
3 11 9 15 6946
3 7 10 8 716
3 7 10 12 2024
3 7 10 14 1188
3 11 10 8 4680
3 11 10 12 5136
3 11 10 14 4834
3 7 11 9 3138
3 7 11 13 826
3 7 11 15 2668
3 11 11 9 2506
3 11 11 13 152
3 11 11 15 9508
3 7 12 8 7216
3 7 12 10 11106
3 7 12 14 6590
3 11 12 8 3702
3 11 12 10 1218
3 11 12 14 6790
3 7 13 9 6136
3 7 13 11 3670
3 7 13 15 2474
3 11 13 9 13358
3 11 13 11 5554
3 11 13 15 5398
3 7 14 8 12906
3 7 14 10 5786
3 7 14 12 610
3 11 14 8 224
3 11 14 10 1108
3 11 14 12 8418
3 7 15 9 6200
3 7 15 11 9258
3 7 15 13 10296
3 11 15 9 820
3 11 15 11 8114
3 11 15 13 326
4 6 0 2 4212
4 6 0 4 10278
4 6 0 6 10072
4 12 0 2 374
4 12 0 4 966
4 12 0 6 9380
4 6 1 3 4014
4 6 1 5 2768
4 6 1 7 10934
4 12 1 3 20118
4 12 1 5 8400
4 12 1 7 13568
4 6 2 0 7080
4 6 2 4 6460
4 6 2 6 3574
4 12 2 0 236
4 12 2 4 264
4 12 2 6 9554
4 6 3 1 1804
4 6 3 5 13132
4 6 3 7 4956
4 12 3 1 30146
4 12 3 5 10530
4 12 3 7 1778
4 6 4 0 5040
4 6 4 2 5732
4 6 4 6 2560
4 12 4 0 2726
4 12 4 2 2550
4 12 4 6 8516
4 6 5 1 2594
4 6 5 3 1982
4 6 5 7 9692
4 12 5 1 7700
4 12 5 3 1164
4 12 5 7 2902
4 6 6 0 9888
4 6 6 2 2778
4 6 6 4 5710
4 12 6 0 9248
4 12 6 2 12854
4 12 6 4 13926
4 6 7 1 2750
4 6 7 3 5252
4 6 7 5 902
4 12 7 1 9586
4 12 7 3 618
4 12 7 5 10838
4 6 8 10 2070
4 6 8 12 3676
4 6 8 14 5512
4 12 8 10 1320
4 12 8 12 1674
4 12 8 14 10468
4 6 9 11 9780
4 6 9 13 8514
4 6 9 15 7658
4 12 9 11 1818
4 12 9 13 2942
4 12 9 15 12262
4 6 10 8 5182
4 6 10 12 13546
4 6 10 14 10612
4 12 10 8 17346
4 12 10 12 1210
4 12 10 14 11090
4 6 11 9 8302
4 6 11 13 10720
4 6 11 15 9448
4 12 11 9 15340
4 12 11 13 4834
4 12 11 15 3206
4 6 12 8 3448
4 6 12 10 4592
4 6 12 14 4728
4 12 12 8 6038
4 12 12 10 406
4 12 12 14 970
4 6 13 9 12030
4 6 13 11 3690
4 6 13 15 3714
4 12 13 9 16658
4 12 13 11 14644
4 12 13 15 6106
4 6 14 8 3898
4 6 14 10 3492
4 6 14 12 11644
4 12 14 8 13418
4 12 14 10 838
4 12 14 12 8832
4 6 15 9 302
4 6 15 11 5500
4 6 15 13 19834
4 12 15 9 1996
4 12 15 11 484
4 12 15 13 8874
5 7 0 2 4804
5 7 0 4 8854
5 7 0 6 10650
5 13 0 2 11264
5 13 0 4 2178
5 13 0 6 7288
5 7 1 3 27220
5 7 1 5 7220
5 7 1 7 8670
5 13 1 3 12856
5 13 1 5 17644
5 13 1 7 9542
5 7 2 0 10840
5 7 2 4 8886
5 7 2 6 3372
5 13 2 0 648
5 13 2 4 4990
5 13 2 6 6120
5 7 3 1 5652
5 7 3 5 10284
5 7 3 7 6954
5 13 3 1 17592
5 13 3 5 6636
5 13 3 7 5988
5 7 4 0 15048
5 7 4 2 5750
5 7 4 6 6494
5 13 4 0 14582
5 13 4 2 582
5 13 4 6 744
5 7 5 1 8782
5 7 5 3 5728
5 7 5 7 8148
5 13 5 1 3930
5 13 5 3 19386
5 13 5 7 3632
5 7 6 0 7234
5 7 6 2 2794
5 7 6 4 2648
5 13 6 0 1034
5 13 6 2 1358
5 13 6 4 14328
5 7 7 1 1076
5 7 7 3 6700
5 7 7 5 3144
5 13 7 1 5964
5 13 7 3 5086
5 13 7 5 8134
5 7 8 10 5298
5 7 8 12 15326
5 7 8 14 9826
5 13 8 10 7896
5 13 8 12 4142
5 13 8 14 11206
5 7 9 11 3548
5 7 9 13 4730
5 7 9 15 10412
5 13 9 11 1536
5 13 9 13 3392
5 13 9 15 1022
5 7 10 8 11000
5 7 10 12 146
5 7 10 14 9694
5 13 10 8 4888
5 13 10 12 7542
5 13 10 14 12530
5 7 11 9 20596
5 7 11 13 9500
5 7 11 15 4926
5 13 11 9 6558
5 13 11 13 1580
5 13 11 15 3574
5 7 12 8 13792
5 7 12 10 5598
5 7 12 14 1842
5 13 12 8 1096
5 13 12 10 2710
5 13 12 14 5372
5 7 13 9 2170
5 7 13 11 8476
5 7 13 15 4102
5 13 13 9 716
5 13 13 11 138
5 13 13 15 7152
5 7 14 8 5202
5 7 14 10 11104
5 7 14 12 7778
5 13 14 8 1084
5 13 14 10 1456
5 13 14 12 5954
5 7 15 9 1882
5 7 15 11 15702
5 7 15 13 3136
5 13 15 9 4216
5 13 15 11 8632
5 13 15 13 1662
6 14 0 2 3576
6 14 0 4 6396
6 14 0 6 12834
6 14 1 3 9612
6 14 1 5 10468
6 14 1 7 2898
6 14 2 0 21964
6 14 2 4 1274
6 14 2 6 5650
6 14 3 1 5696
6 14 3 5 8906
6 14 3 7 890
6 14 4 0 3992
6 14 4 2 6728
6 14 4 6 9250
6 14 5 1 3574
6 14 5 3 10546
6 14 5 7 14768
6 14 6 0 3478
6 14 6 2 1070
6 14 6 4 1084
6 14 7 1 18188
6 14 7 3 166
6 14 7 5 3086
6 14 8 10 7296
6 14 8 12 9526
6 14 8 14 7158
6 14 9 11 108
6 14 9 13 13982
6 14 9 15 9336
6 14 10 8 9648
6 14 10 12 11570
6 14 10 14 710
6 14 11 9 4460
6 14 11 13 1994
6 14 11 15 3786
6 14 12 8 8676
6 14 12 10 3762
6 14 12 14 1732
6 14 13 9 13516
6 14 13 11 15308
6 14 13 15 8894
6 14 14 8 14978
6 14 14 10 6576
6 14 14 12 1930
6 14 15 9 10612
6 14 15 11 1602
6 14 15 13 3478
7 15 0 2 10120
7 15 0 4 12410
7 15 0 6 1392
7 15 1 3 2782
7 15 1 5 3578
7 15 1 7 5646
7 15 2 0 5412
7 15 2 4 6170
7 15 2 6 7760
7 15 3 1 1960
7 15 3 5 884
7 15 3 7 7330
7 15 4 0 12818
7 15 4 2 10160
7 15 4 6 2818
7 15 5 1 13372
7 15 5 3 1424
7 15 5 7 2668
7 15 6 0 10288
7 15 6 2 11428
7 15 6 4 214
7 15 7 1 168
7 15 7 3 1388
7 15 7 5 10064
7 15 8 10 864
7 15 8 12 6578
7 15 8 14 10052
7 15 9 11 10588
7 15 9 13 4884
7 15 9 15 7732
7 15 10 8 3822
7 15 10 12 5882
7 15 10 14 1620
7 15 11 9 6014
7 15 11 13 2456
7 15 11 15 15454
7 15 12 8 3840
7 15 12 10 698
7 15 12 14 1372
7 15 13 9 13372
7 15 13 11 1404
7 15 13 15 10718
7 15 14 8 6428
7 15 14 10 616
7 15 14 12 4240
7 15 15 9 4160
7 15 15 11 9820
7 15 15 13 9222
8 10 0 2 2440
8 10 0 4 19272
8 10 0 6 16382
8 12 0 2 6164
8 12 0 4 4708
8 12 0 6 9402
8 10 1 3 29456
8 10 1 5 5938
8 10 1 7 230
8 12 1 3 17622
8 12 1 5 11566
8 12 1 7 12754
8 10 2 0 5626
8 10 2 4 15222
8 10 2 6 1918
8 12 2 0 3580
8 12 2 4 11378
8 12 2 6 2364
8 10 3 1 34574
8 10 3 5 852
8 10 3 7 4560
8 12 3 1 7810
8 12 3 5 716
8 12 3 7 9210
8 10 4 0 5668
8 10 4 2 4034
8 10 4 6 8088
8 12 4 0 2160
8 12 4 2 13230
8 12 4 6 9018
8 10 5 1 3806
8 10 5 3 220
8 10 5 7 204
8 12 5 1 8350
8 12 5 3 12908
8 12 5 7 1296
8 10 6 0 1132
8 10 6 2 3376
8 10 6 4 14822
8 12 6 0 162
8 12 6 2 2024
8 12 6 4 5216
8 10 7 1 4686
8 10 7 3 3576
8 10 7 5 9896
8 12 7 1 4196
8 12 7 3 1190
8 12 7 5 10752
8 10 8 10 13836
8 10 8 12 6830
8 10 8 14 3552
8 12 8 10 1344
8 12 8 12 13624
8 12 8 14 6108
8 10 9 11 11104
8 10 9 13 11422
8 10 9 15 550
8 12 9 11 3414
8 12 9 13 5298
8 12 9 15 4330
8 10 10 8 3726
8 10 10 12 1340
8 10 10 14 15112
8 12 10 8 378
8 12 10 12 910
8 12 10 14 3964
8 10 11 9 9094
8 10 11 13 17434
8 10 11 15 6636
8 12 11 9 7490
8 12 11 13 19798
8 12 11 15 4384
8 10 12 8 7120
8 10 12 10 5288
8 10 12 14 11082
8 12 12 8 132
8 12 12 10 10044
8 12 12 14 3002
8 10 13 9 4640
8 10 13 11 116
8 10 13 15 5756
8 12 13 9 1208
8 12 13 11 10828
8 12 13 15 7886
8 10 14 8 2254
8 10 14 10 912
8 10 14 12 1546
8 12 14 8 12116
8 12 14 10 13744
8 12 14 12 6256
8 10 15 9 12652
8 10 15 11 180
8 10 15 13 2744
8 12 15 9 548
8 12 15 11 2250
8 12 15 13 10164
9 11 0 2 10846
9 11 0 4 1222
9 11 0 6 2784
9 13 0 2 4284
9 13 0 4 6702
9 13 0 6 10778
9 11 1 3 10592
9 11 1 5 1356
9 11 1 7 10454
9 13 1 3 8568
9 13 1 5 6282
9 13 1 7 3766
9 11 2 0 7034
9 11 2 4 538
9 11 2 6 7142
9 13 2 0 4214
9 13 2 4 24880
9 13 2 6 4690
9 11 3 1 3224
9 11 3 5 5608
9 11 3 7 748
9 13 3 1 21596
9 13 3 5 25450
9 13 3 7 14544
9 11 4 0 10768
9 11 4 2 9966
9 11 4 6 18482
9 13 4 0 684
9 13 4 2 12386
9 13 4 6 9252
9 11 5 1 9334
9 11 5 3 3294
9 11 5 7 13142
9 13 5 1 3848
9 13 5 3 3480
9 13 5 7 5364
9 11 6 0 15524
9 11 6 2 2066
9 11 6 4 3606
9 13 6 0 10594
9 13 6 2 4866
9 13 6 4 22832
9 11 7 1 2168
9 11 7 3 1900
9 11 7 5 4934
9 13 7 1 6250
9 13 7 3 7480
9 13 7 5 5036
9 11 8 10 1004
9 11 8 12 5872
9 11 8 14 6196
9 13 8 10 10934
9 13 8 12 4368
9 13 8 14 1410
9 11 9 11 11424
9 11 9 13 7832
9 11 9 15 4228
9 13 9 11 8464
9 13 9 13 4534
9 13 9 15 8286
9 11 10 8 5612
9 11 10 12 3642
9 11 10 14 7234
9 13 10 8 6996
9 13 10 12 9558
9 13 10 14 3630
9 11 11 9 2274
9 11 11 13 15950
9 11 11 15 806
9 13 11 9 12610
9 13 11 13 8404
9 13 11 15 674
9 11 12 8 1472
9 11 12 10 9412
9 11 12 14 16026
9 13 12 8 4174
9 13 12 10 5554
9 13 12 14 11666
9 11 13 9 6808
9 11 13 11 9866
9 11 13 15 7846
9 13 13 9 10052
9 13 13 11 2542
9 13 13 15 5038
9 11 14 8 6036
9 11 14 10 8432
9 11 14 12 9326
9 13 14 8 9184
9 13 14 10 946
9 13 14 12 2208
9 11 15 9 3136
9 11 15 11 4318
9 11 15 13 1358
9 13 15 9 1018
9 13 15 11 4230
9 13 15 13 1828
10 14 0 2 11310
10 14 0 4 7418
10 14 0 6 7104
10 14 1 3 8554
10 14 1 5 11450
10 14 1 7 76
10 14 2 0 808
10 14 2 4 1826
10 14 2 6 1578
10 14 3 1 17720
10 14 3 5 700
10 14 3 7 3424
10 14 4 0 8476
10 14 4 2 7502
10 14 4 6 7142
10 14 5 1 6560
10 14 5 3 2220
10 14 5 7 10224
10 14 6 0 9176
10 14 6 2 9304
10 14 6 4 9592
10 14 7 1 10970
10 14 7 3 6032
10 14 7 5 7476
10 14 8 10 2080
10 14 8 12 2558
10 14 8 14 4384
10 14 9 11 2058
10 14 9 13 13380
10 14 9 15 1510
10 14 10 8 22496
10 14 10 12 1390
10 14 10 14 14740
10 14 11 9 2938
10 14 11 13 4724
10 14 11 15 12432
10 14 12 8 64
10 14 12 10 3648
10 14 12 14 14680
10 14 13 9 13402
10 14 13 11 19802
10 14 13 15 1888
10 14 14 8 3734
10 14 14 10 5708
10 14 14 12 4490
10 14 15 9 5560
10 14 15 11 1986
10 14 15 13 8560
11 15 0 2 9012
11 15 0 4 10206
11 15 0 6 10118
11 15 1 3 12488
11 15 1 5 2290
11 15 1 7 7392
11 15 2 0 5642
11 15 2 4 2296
11 15 2 6 18910
11 15 3 1 2998
11 15 3 5 6650
11 15 3 7 6262
11 15 4 0 10386
11 15 4 2 3720
11 15 4 6 7778
11 15 5 1 8176
11 15 5 3 6658
11 15 5 7 5502
11 15 6 0 8624
11 15 6 2 10024
11 15 6 4 1244
11 15 7 1 1766
11 15 7 3 8230
11 15 7 5 5522
11 15 8 10 52
11 15 8 12 6488
11 15 8 14 11418
11 15 9 11 7418
11 15 9 13 8990
11 15 9 15 11008
11 15 10 8 272
11 15 10 12 20186
11 15 10 14 8218
11 15 11 9 4172
11 15 11 13 18002
11 15 11 15 704
11 15 12 8 2126
11 15 12 10 1540
11 15 12 14 13570
11 15 13 9 570
11 15 13 11 828
11 15 13 15 13204
11 15 14 8 1248
11 15 14 10 4288
11 15 14 12 2322
11 15 15 9 1114
11 15 15 11 3738
11 15 15 13 4590
12 14 0 2 13108
12 14 0 4 9978
12 14 0 6 9950
12 14 1 3 2092
12 14 1 5 5736
12 14 1 7 1522
12 14 2 0 11502
12 14 2 4 14114
12 14 2 6 10964
12 14 3 1 5630
12 14 3 5 2762
12 14 3 7 4174
12 14 4 0 11552
12 14 4 2 1816
12 14 4 6 2874
12 14 5 1 12538
12 14 5 3 548
12 14 5 7 6558
12 14 6 0 13298
12 14 6 2 1316
12 14 6 4 5364
12 14 7 1 12886
12 14 7 3 16238
12 14 7 5 7006
12 14 8 10 724
12 14 8 12 9246
12 14 8 14 12894
12 14 9 11 6948
12 14 9 13 5858
12 14 9 15 196
12 14 10 8 8346
12 14 10 12 4938
12 14 10 14 7422
12 14 11 9 7282
12 14 11 13 3406
12 14 11 15 15250
12 14 12 8 6434
12 14 12 10 4984
12 14 12 14 3986
12 14 13 9 4128
12 14 13 11 7136
12 14 13 15 3198
12 14 14 8 382
12 14 14 10 3052
12 14 14 12 13686
12 14 15 9 8460
12 14 15 11 244
12 14 15 13 7108
13 15 0 2 9406
13 15 0 4 594
13 15 0 6 13928
13 15 1 3 2784
13 15 1 5 11956
13 15 1 7 2744
13 15 2 0 4164
13 15 2 4 1208
13 15 2 6 8864
13 15 3 1 1458
13 15 3 5 5156
13 15 3 7 5378
13 15 4 0 8486
13 15 4 2 2040
13 15 4 6 13176
13 15 5 1 5340
13 15 5 3 3212
13 15 5 7 4106
13 15 6 0 2894
13 15 6 2 1158
13 15 6 4 1722
13 15 7 1 1692
13 15 7 3 3770
13 15 7 5 7640
13 15 8 10 948
13 15 8 12 23504
13 15 8 14 3494
13 15 9 11 5292
13 15 9 13 2506
13 15 9 15 14090
13 15 10 8 7926
13 15 10 12 3800
13 15 10 14 1882
13 15 11 9 7456
13 15 11 13 2930
13 15 11 15 4204
13 15 12 8 13360
13 15 12 10 9052
13 15 12 14 9774
13 15 13 9 4898
13 15 13 11 10546
13 15 13 15 1666
13 15 14 8 4568
13 15 14 10 918
13 15 14 12 9512
13 15 15 9 6602
13 15 15 11 1974
13 15 15 13 2082
