# KEY left=0x3f right=0x39
# GOOD_PAIRS_BEGIN count=16
# GOOD_PAIR 0xd1 0xf3
# GOOD_PAIR 0xd3 0xf1
# GOOD_PAIR 0x21 0x63
# GOOD_PAIR 0x23 0x61
# GOOD_PAIR 0x31 0xb3
# GOOD_PAIR 0x33 0xb1
# GOOD_PAIR 0x41 0xc3
# GOOD_PAIR 0x43 0xc1
# GOOD_PAIR 0x11 0xa3
# GOOD_PAIR 0x13 0xa1
# GOOD_PAIR 0x51 0x83
# GOOD_PAIR 0x53 0x81
# GOOD_PAIR 0x01 0xe3
# GOOD_PAIR 0x03 0xe1
# GOOD_PAIR 0x71 0x93
# GOOD_PAIR 0x73 0x91
# GOOD_PAIRS_END
0 2 0 2 990
0 2 0 4 10
0 2 0 11 2698
0 4 0 2 264
0 4 0 4 466
0 4 0 11 58
0 8 0 2 1180
0 8 0 4 156
0 8 0 11 512
0 11 0 2 750
0 11 0 4 1416
0 11 0 11 706
0 13 0 2 908
0 13 0 4 234
0 13 0 11 670
0 14 0 2 706
0 14 0 4 874
0 14 0 11 658
0 2 1 3 404
0 2 1 5 258
0 2 1 10 300
0 4 1 3 366
0 4 1 5 538
0 4 1 10 230
0 8 1 3 1306
0 8 1 5 1080
0 8 1 10 1334
0 11 1 3 448
0 11 1 5 336
0 11 1 10 140
0 13 1 3 544
0 13 1 5 500
0 13 1 10 152
0 14 1 3 9620
0 14 1 5 830
0 14 1 10 352
0 2 2 0 246
0 2 2 6 1060
0 2 2 9 564
0 4 2 0 490
0 4 2 6 12
0 4 2 9 64
0 8 2 0 924
0 8 2 6 836
0 8 2 9 282
0 11 2 0 588
0 11 2 6 608
0 11 2 9 110
0 13 2 0 1218
0 13 2 6 218
0 13 2 9 640
0 14 2 0 346
0 14 2 6 990
0 14 2 9 1012
0 2 3 1 1152
0 2 3 7 520
0 2 3 8 280
0 4 3 1 136
0 4 3 7 530
0 4 3 8 630
0 8 3 1 1018
0 8 3 7 198
0 8 3 8 542
0 11 3 1 54
0 11 3 7 246
0 11 3 8 114
0 13 3 1 2440
0 13 3 7 136
0 13 3 8 516
0 14 3 1 10642
0 14 3 7 294
0 14 3 8 1284
0 2 4 0 130
0 2 4 6 1330
0 2 4 15 530
0 4 4 0 324
0 4 4 6 950
0 4 4 15 986
0 8 4 0 200
0 8 4 6 288
0 8 4 15 412
0 11 4 0 764
0 11 4 6 618
0 11 4 15 106
0 13 4 0 796
0 13 4 6 386
0 13 4 15 34
0 14 4 0 364
0 14 4 6 372
0 14 4 15 304
0 2 5 1 1360
0 2 5 7 180
0 2 5 14 704
0 4 5 1 1000
0 4 5 7 336
0 4 5 14 364
0 8 5 1 116
0 8 5 7 374
0 8 5 14 424
0 11 5 1 670
0 11 5 7 520
0 11 5 14 340
0 13 5 1 974
0 13 5 7 1508
0 13 5 14 172
0 14 5 1 688
0 14 5 7 474
0 14 5 14 802
0 2 6 2 686
0 2 6 4 154
0 2 6 13 1148
0 4 6 2 248
0 4 6 4 590
0 4 6 13 1026
0 8 6 2 1122
0 8 6 4 1062
0 8 6 13 554
0 11 6 2 374
0 11 6 4 684
0 11 6 13 2000
0 13 6 2 364
0 13 6 4 1090
0 13 6 13 38
0 14 6 2 538
0 14 6 4 36
0 14 6 13 134
0 2 7 3 178
0 2 7 5 1560
0 2 7 12 1176
0 4 7 3 210
0 4 7 5 250
0 4 7 12 740
0 8 7 3 476
0 8 7 5 194
0 8 7 12 240
0 11 7 3 182
0 11 7 5 810
0 11 7 12 346
0 13 7 3 1706
0 13 7 5 710
0 13 7 12 470
0 14 7 3 516
0 14 7 5 22
0 14 7 12 1034
0 2 8 3 76
0 2 8 10 98
0 2 8 12 392
0 4 8 3 162
0 4 8 10 1316
0 4 8 12 766
0 8 8 3 158
0 8 8 10 426
0 8 8 12 356
0 11 8 3 612
0 11 8 10 14
0 11 8 12 566
0 13 8 3 964
0 13 8 10 1216
0 13 8 12 302
0 14 8 3 378
0 14 8 10 790
0 14 8 12 826
0 2 9 2 834
0 2 9 11 1350
0 2 9 13 88
0 4 9 2 808
0 4 9 11 1096
0 4 9 13 486
0 8 9 2 962
0 8 9 11 50
0 8 9 13 554
0 11 9 2 698
0 11 9 11 44
0 11 9 13 262
0 13 9 2 474
0 13 9 11 280
0 13 9 13 58
0 14 9 2 70
0 14 9 11 990
0 14 9 13 550
0 2 10 1 422
0 2 10 8 638
0 2 10 14 192
0 4 10 1 362
0 4 10 8 924
0 4 10 14 234
0 8 10 1 224
0 8 10 8 80
0 8 10 14 430
0 11 10 1 164
0 11 10 8 116
0 11 10 14 450
0 13 10 1 1720
0 13 10 8 1396
0 13 10 14 338
0 14 10 1 556
0 14 10 8 246
0 14 10 14 1370
0 2 11 0 374
0 2 11 9 68
0 2 11 15 306
0 4 11 0 154
0 4 11 9 156
0 4 11 15 138
0 8 11 0 136
0 8 11 9 832
0 8 11 15 522
0 11 11 0 1812
0 11 11 9 10
0 11 11 15 80
0 13 11 0 1030
0 13 11 9 566
0 13 11 15 842
0 14 11 0 64
0 14 11 9 556
0 14 11 15 174
0 2 12 7 752
0 2 12 8 344
0 2 12 14 80
0 4 12 7 726
0 4 12 8 128
0 4 12 14 576
0 8 12 7 754
0 8 12 8 1190
0 8 12 14 248
0 11 12 7 282
0 11 12 8 774
0 11 12 14 268
0 13 12 7 622
0 13 12 8 622
0 13 12 14 1938
0 14 12 7 278
0 14 12 8 118
0 14 12 14 1124
0 2 13 6 174
0 2 13 9 1460
0 2 13 15 42
0 4 13 6 446
0 4 13 9 274
0 4 13 15 116
0 8 13 6 402
0 8 13 9 558
0 8 13 15 46
0 11 13 6 642
0 11 13 9 392
0 11 13 15 632
0 13 13 6 558
0 13 13 9 430
0 13 13 15 34
0 14 13 6 14
0 14 13 9 688
0 14 13 15 800
0 2 14 5 716
0 2 14 10 730
0 2 14 12 464
0 4 14 5 182
0 4 14 10 1166
0 4 14 12 426
0 8 14 5 1022
0 8 14 10 788
0 8 14 12 360
0 11 14 5 960
0 11 14 10 156
0 11 14 12 622
0 13 14 5 1128
0 13 14 10 668
0 13 14 12 146
0 14 14 5 840
0 14 14 10 16
0 14 14 12 972
0 2 15 4 752
0 2 15 11 130
0 2 15 13 1122
0 4 15 4 94
0 4 15 11 218
0 4 15 13 1364
0 8 15 4 1176
0 8 15 11 286
0 8 15 13 912
0 11 15 4 430
0 11 15 11 792
0 11 15 13 56
0 13 15 4 784
0 13 15 11 240
0 13 15 13 1012
0 14 15 4 132
0 14 15 11 150
0 14 15 13 378
1 3 0 2 114
1 3 0 4 1754
1 3 0 11 826
1 5 0 2 1060
1 5 0 4 290
1 5 0 11 60
1 9 0 2 414
1 9 0 4 58
1 9 0 11 738
1 10 0 2 1190
1 10 0 4 168
1 10 0 11 442
1 12 0 2 1380
1 12 0 4 86
1 12 0 11 686
1 15 0 2 50
1 15 0 4 998
1 15 0 11 692
1 3 1 3 102
1 3 1 5 960
1 3 1 10 222
1 5 1 3 460
1 5 1 5 380
1 5 1 10 1142
1 9 1 3 1134
1 9 1 5 658
1 9 1 10 546
1 10 1 3 9838
1 10 1 5 728
1 10 1 10 72
1 12 1 3 20
1 12 1 5 404
1 12 1 10 326
1 15 1 3 60
1 15 1 5 788
1 15 1 10 154
1 3 2 0 576
1 3 2 6 1026
1 3 2 9 76
1 5 2 0 386
1 5 2 6 1242
1 5 2 9 1070
1 9 2 0 312
1 9 2 6 452
1 9 2 9 1880
1 10 2 0 462
1 10 2 6 640
1 10 2 9 68
1 12 2 0 236
1 12 2 6 252
1 12 2 9 732
1 15 2 0 734
1 15 2 6 382
1 15 2 9 872
1 3 3 1 48
1 3 3 7 654
1 3 3 8 320
1 5 3 1 66
1 5 3 7 308
1 5 3 8 596
1 9 3 1 24
1 9 3 7 458
1 9 3 8 88
1 10 3 1 10472
1 10 3 7 634
1 10 3 8 134
1 12 3 1 602
1 12 3 7 1438
1 12 3 8 8
1 15 3 1 120
1 15 3 7 482
1 15 3 8 658
1 3 4 0 994
1 3 4 6 276
1 3 4 15 470
1 5 4 0 298
1 5 4 6 650
1 5 4 15 802
1 9 4 0 26
1 9 4 6 668
1 9 4 15 728
1 10 4 0 1078
1 10 4 6 282
1 10 4 15 64
1 12 4 0 880
1 12 4 6 1302
1 12 4 15 796
1 15 4 0 1846
1 15 4 6 360
1 15 4 15 92
1 3 5 1 176
1 3 5 7 500
1 3 5 14 760
1 5 5 1 314
1 5 5 7 390
1 5 5 14 714
1 9 5 1 1318
1 9 5 7 1110
1 9 5 14 408
1 10 5 1 496
1 10 5 7 402
1 10 5 14 44
1 12 5 1 760
1 12 5 7 132
1 12 5 14 726
1 15 5 1 1236
1 15 5 7 146
1 15 5 14 400
1 3 6 2 210
1 3 6 4 720
1 3 6 13 1096
1 5 6 2 320
1 5 6 4 40
1 5 6 13 396
1 9 6 2 202
1 9 6 4 18
1 9 6 13 312
1 10 6 2 590
1 10 6 4 554
1 10 6 13 550
1 12 6 2 554
1 12 6 4 1966
1 12 6 13 966
1 15 6 2 162
1 15 6 4 750
1 15 6 13 748
1 3 7 3 1194
1 3 7 5 206
1 3 7 12 410
1 5 7 3 968
1 5 7 5 1066
1 5 7 12 74
1 9 7 3 414
1 9 7 5 564
1 9 7 12 188
1 10 7 3 100
1 10 7 5 166
1 10 7 12 188
1 12 7 3 724
1 12 7 5 1166
1 12 7 12 436
1 15 7 3 128
1 15 7 5 266
1 15 7 12 832
1 3 8 3 1102
1 3 8 10 742
1 3 8 12 1024
1 5 8 3 370
1 5 8 10 298
1 5 8 12 792
1 9 8 3 368
1 9 8 10 488
1 9 8 12 1308
1 10 8 3 678
1 10 8 10 188
1 10 8 12 624
1 12 8 3 164
1 12 8 10 716
1 12 8 12 692
1 15 8 3 174
1 15 8 10 26
1 15 8 12 612
1 3 9 2 752
1 3 9 11 92
1 3 9 13 660
1 5 9 2 856
1 5 9 11 704
1 5 9 13 64
1 9 9 2 350
1 9 9 11 872
1 9 9 13 126
1 10 9 2 1006
1 10 9 11 934
1 10 9 13 716
1 12 9 2 634
1 12 9 11 486
1 12 9 13 920
1 15 9 2 618
1 15 9 11 198
1 15 9 13 52
1 3 10 1 1284
1 3 10 8 1094
1 3 10 14 224
1 5 10 1 308
1 5 10 8 650
1 5 10 14 1176
1 9 10 1 280
1 9 10 8 152
1 9 10 14 70
1 10 10 1 214
1 10 10 8 378
1 10 10 14 1054
1 12 10 1 1014
1 12 10 8 252
1 12 10 14 138
1 15 10 1 772
1 15 10 8 250
1 15 10 14 682
1 3 11 0 48
1 3 11 9 1856
1 3 11 15 786
1 5 11 0 122
1 5 11 9 768
1 5 11 15 716
1 9 11 0 598
1 9 11 9 776
1 9 11 15 1022
1 10 11 0 1268
1 10 11 9 470
1 10 11 15 1832
1 12 11 0 386
1 12 11 9 702
1 12 11 15 1118
1 15 11 0 318
1 15 11 9 1514
1 15 11 15 488
1 3 12 7 498
1 3 12 8 158
1 3 12 14 1002
1 5 12 7 694
1 5 12 8 256
1 5 12 14 176
1 9 12 7 924
1 9 12 8 364
1 9 12 14 418
1 10 12 7 58
1 10 12 8 388
1 10 12 14 664
1 12 12 7 860
1 12 12 8 740
1 12 12 14 658
1 15 12 7 376
1 15 12 8 972
1 15 12 14 864
1 3 13 6 166
1 3 13 9 726
1 3 13 15 392
1 5 13 6 544
1 5 13 9 26
1 5 13 15 354
1 9 13 6 1022
1 9 13 9 760
1 9 13 15 266
1 10 13 6 600
1 10 13 9 232
1 10 13 15 338
1 12 13 6 164
1 12 13 9 514
1 12 13 15 158
1 15 13 6 632
1 15 13 9 682
1 15 13 15 666
1 3 14 5 984
1 3 14 10 58
1 3 14 12 678
1 5 14 5 80
1 5 14 10 528
1 5 14 12 218
1 9 14 5 922
1 9 14 10 840
1 9 14 12 486
1 10 14 5 418
1 10 14 10 748
1 10 14 12 104
1 12 14 5 728
1 12 14 10 928
1 12 14 12 86
1 15 14 5 20
1 15 14 10 550
1 15 14 12 206
1 3 15 4 594
1 3 15 11 528
1 3 15 13 368
1 5 15 4 92
1 5 15 11 1104
1 5 15 13 336
1 9 15 4 246
1 9 15 11 902
1 9 15 13 524
1 10 15 4 688
1 10 15 11 346
1 10 15 13 220
1 12 15 4 534
1 12 15 11 844
1 12 15 13 1310
1 15 15 4 230
1 15 15 11 302
1 15 15 13 610
2 6 0 2 110
2 6 0 4 388
2 6 0 11 400
2 9 0 2 434
2 9 0 4 286
2 9 0 11 1252
2 10 0 2 258
2 10 0 4 1916
2 10 0 11 346
2 12 0 2 192
2 12 0 4 82
2 12 0 11 178
2 15 0 2 68
2 15 0 4 1324
2 15 0 11 430
2 6 1 3 9286
2 6 1 5 336
2 6 1 10 466
2 9 1 3 354
2 9 1 5 736
2 9 1 10 218
2 10 1 3 132
2 10 1 5 322
2 10 1 10 1120
2 12 1 3 1380
2 12 1 5 998
2 12 1 10 994
2 15 1 3 158
2 15 1 5 110
2 15 1 10 640
2 6 2 0 586
2 6 2 6 1224
2 6 2 9 72
2 9 2 0 678
2 9 2 6 1088
2 9 2 9 78
2 10 2 0 508
2 10 2 6 104
2 10 2 9 192
2 12 2 0 728
2 12 2 6 474
2 12 2 9 726
2 15 2 0 1088
2 15 2 6 196
2 15 2 9 490
2 6 3 1 9390
2 6 3 7 496
2 6 3 8 152
2 9 3 1 1068
2 9 3 7 110
2 9 3 8 602
2 10 3 1 1294
2 10 3 7 102
2 10 3 8 710
2 12 3 1 8
2 12 3 7 674
2 12 3 8 28
2 15 3 1 434
2 15 3 7 460
2 15 3 8 308
2 6 4 0 654
2 6 4 6 758
2 6 4 15 1696
2 9 4 0 702
2 9 4 6 412
2 9 4 15 52
2 10 4 0 102
2 10 4 6 982
2 10 4 15 768
2 12 4 0 2
2 12 4 6 430
2 12 4 15 756
2 15 4 0 1504
2 15 4 6 486
2 15 4 15 16
2 6 5 1 838
2 6 5 7 270
2 6 5 14 948
2 9 5 1 568
2 9 5 7 272
2 9 5 14 10
2 10 5 1 1594
2 10 5 7 432
2 10 5 14 1386
2 12 5 1 382
2 12 5 7 380
2 12 5 14 904
2 15 5 1 566
2 15 5 7 678
2 15 5 14 110
2 6 6 2 1306
2 6 6 4 106
2 6 6 13 1782
2 9 6 2 188
2 9 6 4 1630
2 9 6 13 924
2 10 6 2 1058
2 10 6 4 536
2 10 6 13 216
2 12 6 2 1144
2 12 6 4 1070
2 12 6 13 1386
2 15 6 2 1086
2 15 6 4 544
2 15 6 13 16
2 6 7 3 390
2 6 7 5 480
2 6 7 12 304
2 9 7 3 1114
2 9 7 5 22
2 9 7 12 2124
2 10 7 3 636
2 10 7 5 958
2 10 7 12 212
2 12 7 3 1070
2 12 7 5 1414
2 12 7 12 1444
2 15 7 3 530
2 15 7 5 102
2 15 7 12 1116
2 6 8 3 846
2 6 8 10 24
2 6 8 12 38
2 9 8 3 904
2 9 8 10 928
2 9 8 12 920
2 10 8 3 362
2 10 8 10 626
2 10 8 12 242
2 12 8 3 74
2 12 8 10 550
2 12 8 12 460
2 15 8 3 194
2 15 8 10 1476
2 15 8 12 416
2 6 9 2 1342
2 6 9 11 176
2 6 9 13 222
2 9 9 2 486
2 9 9 11 1324
2 9 9 13 294
2 10 9 2 1112
2 10 9 11 570
2 10 9 13 384
2 12 9 2 822
2 12 9 11 194
2 12 9 13 1002
2 15 9 2 18
2 15 9 11 492
2 15 9 13 212
2 6 10 1 192
2 6 10 8 476
2 6 10 14 566
2 9 10 1 230
2 9 10 8 196
2 9 10 14 726
2 10 10 1 1310
2 10 10 8 694
2 10 10 14 896
2 12 10 1 156
2 12 10 8 98
2 12 10 14 580
2 15 10 1 422
2 15 10 8 616
2 15 10 14 212
2 6 11 0 512
2 6 11 9 926
2 6 11 15 438
2 9 11 0 462
2 9 11 9 464
2 9 11 15 294
2 10 11 0 1146
2 10 11 9 374
2 10 11 15 198
2 12 11 0 668
2 12 11 9 246
2 12 11 15 1122
2 15 11 0 1820
2 15 11 9 1626
2 15 11 15 6
2 6 12 7 824
2 6 12 8 1676
2 6 12 14 1096
2 9 12 7 62
2 9 12 8 600
2 9 12 14 1104
2 10 12 7 1522
2 10 12 8 272
2 10 12 14 22
2 12 12 7 870
2 12 12 8 130
2 12 12 14 408
2 15 12 7 288
2 15 12 8 122
2 15 12 14 1604
2 6 13 6 352
2 6 13 9 510
2 6 13 15 104
2 9 13 6 196
2 9 13 9 556
2 9 13 15 172
2 10 13 6 322
2 10 13 9 802
2 10 13 15 12
2 12 13 6 682
2 12 13 9 352
2 12 13 15 296
2 15 13 6 260
2 15 13 9 354
2 15 13 15 324
2 6 14 5 404
2 6 14 10 192
2 6 14 12 210
2 9 14 5 1022
2 9 14 10 294
2 9 14 12 284
2 10 14 5 744
2 10 14 10 190
2 10 14 12 870
2 12 14 5 40
2 12 14 10 410
2 12 14 12 578
2 15 14 5 194
2 15 14 10 1576
2 15 14 12 216
2 6 15 4 192
2 6 15 11 872
2 6 15 13 854
2 9 15 4 334
2 9 15 11 302
2 9 15 13 622
2 10 15 4 544
2 10 15 11 388
2 10 15 13 1168
2 12 15 4 396
2 12 15 11 228
2 12 15 13 250
2 15 15 4 42
2 15 15 11 1124
2 15 15 13 480
3 7 0 2 154
3 7 0 4 672
3 7 0 11 784
3 8 0 2 222
3 8 0 4 654
3 8 0 11 634
3 11 0 2 1142
3 11 0 4 1274
3 11 0 11 106
3 13 0 2 1106
3 13 0 4 192
3 13 0 11 354
3 14 0 2 292
3 14 0 4 304
3 14 0 11 628
3 7 1 3 130
3 7 1 5 90
3 7 1 10 254
3 8 1 3 706
3 8 1 5 96
3 8 1 10 1082
3 11 1 3 9496
3 11 1 5 640
3 11 1 10 386
3 13 1 3 1142
3 13 1 5 164
3 13 1 10 784
3 14 1 3 62
3 14 1 5 718
3 14 1 10 428
3 7 2 0 684
3 7 2 6 32
3 7 2 9 604
3 8 2 0 132
3 8 2 6 628
3 8 2 9 1858
3 11 2 0 204
3 11 2 6 36
3 11 2 9 572
3 13 2 0 152
3 13 2 6 64
3 13 2 9 194
3 14 2 0 244
3 14 2 6 184
3 14 2 9 20
3 7 3 1 950
3 7 3 7 224
3 7 3 8 1212
3 8 3 1 1034
3 8 3 7 212
3 8 3 8 614
3 11 3 1 8708
3 11 3 7 38
3 11 3 8 88
3 13 3 1 760
3 13 3 7 20
3 13 3 8 542
3 14 3 1 512
3 14 3 7 612
3 14 3 8 606
3 7 4 0 168
3 7 4 6 864
3 7 4 15 888
3 8 4 0 1416
3 8 4 6 1032
3 8 4 15 1194
3 11 4 0 538
3 11 4 6 104
3 11 4 15 1494
3 13 4 0 398
3 13 4 6 140
3 13 4 15 620
3 14 4 0 236
3 14 4 6 10
3 14 4 15 524
3 7 5 1 336
3 7 5 7 644
3 7 5 14 112
3 8 5 1 1900
3 8 5 7 136
3 8 5 14 170
3 11 5 1 560
3 11 5 7 1360
3 11 5 14 98
3 13 5 1 316
3 13 5 7 22
3 13 5 14 400
3 14 5 1 750
3 14 5 7 1448
3 14 5 14 262
3 7 6 2 192
3 7 6 4 250
3 7 6 13 48
3 8 6 2 494
3 8 6 4 204
3 8 6 13 844
3 11 6 2 98
3 11 6 4 286
3 11 6 13 1012
3 13 6 2 12
3 13 6 4 344
3 13 6 13 902
3 14 6 2 998
3 14 6 4 770
3 14 6 13 780
3 7 7 3 142
3 7 7 5 32
3 7 7 12 28
3 8 7 3 2312
3 8 7 5 1760
3 8 7 12 286
3 11 7 3 704
3 11 7 5 1022
3 11 7 12 496
3 13 7 3 154
3 13 7 5 248
3 13 7 12 1126
3 14 7 3 116
3 14 7 5 670
3 14 7 12 378
3 7 8 3 320
3 7 8 10 1252
3 7 8 12 648
3 8 8 3 912
3 8 8 10 92
3 8 8 12 208
3 11 8 3 718
3 11 8 10 2286
3 11 8 12 1078
3 13 8 3 740
3 13 8 10 98
3 13 8 12 660
3 14 8 3 1072
3 14 8 10 428
3 14 8 12 904
3 7 9 2 266
3 7 9 11 30
3 7 9 13 324
3 8 9 2 610
3 8 9 11 904
3 8 9 13 130
3 11 9 2 418
3 11 9 11 296
3 11 9 13 490
3 13 9 2 998
3 13 9 11 646
3 13 9 13 980
3 14 9 2 80
3 14 9 11 262
3 14 9 13 126
3 7 10 1 856
3 7 10 8 568
3 7 10 14 1164
3 8 10 1 684
3 8 10 8 144
3 8 10 14 60
3 11 10 1 686
3 11 10 8 170
3 11 10 14 342
3 13 10 1 388
3 13 10 8 224
3 13 10 14 270
3 14 10 1 242
3 14 10 8 562
3 14 10 14 42
3 7 11 0 596
3 7 11 9 530
3 7 11 15 294
3 8 11 0 352
3 8 11 9 44
3 8 11 15 184
3 11 11 0 752
3 11 11 9 340
3 11 11 15 210
3 13 11 0 1184
3 13 11 9 242
3 13 11 15 108
3 14 11 0 772
3 14 11 9 458
3 14 11 15 908
3 7 12 7 230
3 7 12 8 862
3 7 12 14 1254
3 8 12 7 1968
3 8 12 8 262
3 8 12 14 508
3 11 12 7 1036
3 11 12 8 254
3 11 12 14 794
3 13 12 7 122
3 13 12 8 60
3 13 12 14 1254
3 14 12 7 1100
3 14 12 8 252
3 14 12 14 1440
3 7 13 6 218
3 7 13 9 556
3 7 13 15 520
3 8 13 6 1684
3 8 13 9 736
3 8 13 15 22
3 11 13 6 504
3 11 13 9 538
3 11 13 15 762
3 13 13 6 1418
3 13 13 9 1316
3 13 13 15 462
3 14 13 6 84
3 14 13 9 482
3 14 13 15 496
3 7 14 5 788
3 7 14 10 250
3 7 14 12 492
3 8 14 5 1622
3 8 14 10 744
3 8 14 12 278
3 11 14 5 250
3 11 14 10 510
3 11 14 12 546
3 13 14 5 336
3 13 14 10 76
3 13 14 12 586
3 14 14 5 746
3 14 14 10 262
3 14 14 12 94
3 7 15 4 354
3 7 15 11 1092
3 7 15 13 128
3 8 15 4 702
3 8 15 11 210
3 8 15 13 250
3 11 15 4 1266
3 11 15 11 368
3 11 15 13 1092
3 13 15 4 262
3 13 15 11 450
3 13 15 13 416
3 14 15 4 728
3 14 15 11 1060
3 14 15 13 58
4 6 0 2 682
4 6 0 4 116
4 6 0 11 360
4 9 0 2 1460
4 9 0 4 86
4 9 0 11 360
4 10 0 2 372
4 10 0 4 1228
4 10 0 11 1540
4 12 0 2 910
4 12 0 4 1288
4 12 0 11 700
4 15 0 2 138
4 15 0 4 374
4 15 0 11 154
4 6 1 3 840
4 6 1 5 346
4 6 1 10 1494
4 9 1 3 960
4 9 1 5 808
4 9 1 10 370
4 10 1 3 510
4 10 1 5 538
4 10 1 10 86
4 12 1 3 9192
4 12 1 5 764
4 12 1 10 168
4 15 1 3 1006
4 15 1 5 600
4 15 1 10 234
4 6 2 0 256
4 6 2 6 488
4 6 2 9 990
4 9 2 0 270
4 9 2 6 506
4 9 2 9 236
4 10 2 0 1008
4 10 2 6 512
4 10 2 9 98
4 12 2 0 158
4 12 2 6 128
4 12 2 9 1488
4 15 2 0 608
4 15 2 6 858
4 15 2 9 338
4 6 3 1 2970
4 6 3 7 60
4 6 3 8 958
4 9 3 1 866
4 9 3 7 286
4 9 3 8 108
4 10 3 1 1848
4 10 3 7 288
4 10 3 8 50
4 12 3 1 9954
4 12 3 7 1442
4 12 3 8 22
4 15 3 1 428
4 15 3 7 732
4 15 3 8 666
4 6 4 0 254
4 6 4 6 540
4 6 4 15 1432
4 9 4 0 42
4 9 4 6 390
4 9 4 15 292
4 10 4 0 1072
4 10 4 6 380
4 10 4 15 442
4 12 4 0 628
4 12 4 6 546
4 12 4 15 386
4 15 4 0 1022
4 15 4 6 210
4 15 4 15 1480
4 6 5 1 876
4 6 5 7 858
4 6 5 14 18
4 9 5 1 642
4 9 5 7 248
4 9 5 14 580
4 10 5 1 200
4 10 5 7 250
4 10 5 14 668
4 12 5 1 442
4 12 5 7 874
4 12 5 14 656
4 15 5 1 1388
4 15 5 7 78
4 15 5 14 874
4 6 6 2 52
4 6 6 4 122
4 6 6 13 1682
4 9 6 2 92
4 9 6 4 1124
4 9 6 13 62
4 10 6 2 656
4 10 6 4 220
4 10 6 13 1694
4 12 6 2 54
4 12 6 4 1096
4 12 6 13 12
4 15 6 2 124
4 15 6 4 348
4 15 6 13 604
4 6 7 3 1416
4 6 7 5 294
4 6 7 12 746
4 9 7 3 38
4 9 7 5 980
4 9 7 12 1124
4 10 7 3 118
4 10 7 5 1826
4 10 7 12 624
4 12 7 3 234
4 12 7 5 492
4 12 7 12 864
4 15 7 3 208
4 15 7 5 548
4 15 7 12 548
4 6 8 3 1192
4 6 8 10 104
4 6 8 12 992
4 9 8 3 616
4 9 8 10 110
4 9 8 12 1324
4 10 8 3 180
4 10 8 10 692
4 10 8 12 12
4 12 8 3 574
4 12 8 10 1046
4 12 8 12 734
4 15 8 3 360
4 15 8 10 802
4 15 8 12 310
4 6 9 2 132
4 6 9 11 846
4 6 9 13 84
4 9 9 2 642
4 9 9 11 612
4 9 9 13 66
4 10 9 2 324
4 10 9 11 398
4 10 9 13 6
4 12 9 2 506
4 12 9 11 410
4 12 9 13 172
4 15 9 2 1146
4 15 9 11 68
4 15 9 13 284
4 6 10 1 252
4 6 10 8 1076
4 6 10 14 824
4 9 10 1 102
4 9 10 8 1228
4 9 10 14 436
4 10 10 1 494
4 10 10 8 1266
4 10 10 14 224
4 12 10 1 182
4 12 10 8 312
4 12 10 14 1344
4 15 10 1 1148
4 15 10 8 668
4 15 10 14 1616
4 6 11 0 816
4 6 11 9 1364
4 6 11 15 376
4 9 11 0 1088
4 9 11 9 674
4 9 11 15 1390
4 10 11 0 1132
4 10 11 9 554
4 10 11 15 580
4 12 11 0 702
4 12 11 9 1540
4 12 11 15 1646
4 15 11 0 428
4 15 11 9 350
4 15 11 15 598
4 6 12 7 616
4 6 12 8 1482
4 6 12 14 166
4 9 12 7 716
4 9 12 8 714
4 9 12 14 130
4 10 12 7 152
4 10 12 8 1064
4 10 12 14 1954
4 12 12 7 52
4 12 12 8 1502
4 12 12 14 720
4 15 12 7 132
4 15 12 8 110
4 15 12 14 860
4 6 13 6 118
4 6 13 9 1030
4 6 13 15 364
4 9 13 6 154
4 9 13 9 878
4 9 13 15 446
4 10 13 6 458
4 10 13 9 440
4 10 13 15 292
4 12 13 6 152
4 12 13 9 72
4 12 13 15 916
4 15 13 6 22
4 15 13 9 606
4 15 13 15 794
4 6 14 5 1376
4 6 14 10 738
4 6 14 12 64
4 9 14 5 686
4 9 14 10 302
4 9 14 12 1184
4 10 14 5 542
4 10 14 10 2172
4 10 14 12 556
4 12 14 5 558
4 12 14 10 830
4 12 14 12 554
4 15 14 5 686
4 15 14 10 224
4 15 14 12 1110
4 6 15 4 190
4 6 15 11 326
4 6 15 13 920
4 9 15 4 34
4 9 15 11 566
4 9 15 13 116
4 10 15 4 22
4 10 15 11 1088
4 10 15 13 222
4 12 15 4 414
4 12 15 11 208
4 12 15 13 614
4 15 15 4 864
4 15 15 11 344
4 15 15 13 84
5 7 0 2 36
5 7 0 4 98
5 7 0 11 96
5 8 0 2 1156
5 8 0 4 800
5 8 0 11 138
5 11 0 2 1326
5 11 0 4 990
5 11 0 11 1304
5 13 0 2 1184
5 13 0 4 724
5 13 0 11 582
5 14 0 2 1148
5 14 0 4 204
5 14 0 11 1186
5 7 1 3 286
5 7 1 5 1532
5 7 1 10 838
5 8 1 3 9954
5 8 1 5 380
5 8 1 10 808
5 11 1 3 774
5 11 1 5 328
5 11 1 10 666
5 13 1 3 918
5 13 1 5 438
5 13 1 10 298
5 14 1 3 52
5 14 1 5 174
5 14 1 10 62
5 7 2 0 194
5 7 2 6 690
5 7 2 9 1038
5 8 2 0 352
5 8 2 6 794
5 8 2 9 80
5 11 2 0 1018
5 11 2 6 782
5 11 2 9 412
5 13 2 0 178
5 13 2 6 598
5 13 2 9 172
5 14 2 0 202
5 14 2 6 752
5 14 2 9 40
5 7 3 1 370
5 7 3 7 352
5 7 3 8 898
5 8 3 1 10148
5 8 3 7 94
5 8 3 8 588
5 11 3 1 1478
5 11 3 7 826
5 11 3 8 436
5 13 3 1 386
5 13 3 7 1284
5 13 3 8 554
5 14 3 1 1780
5 14 3 7 462
5 14 3 8 206
5 7 4 0 196
5 7 4 6 240
5 7 4 15 310
5 8 4 0 1328
5 8 4 6 1084
5 8 4 15 966
5 11 4 0 498
5 11 4 6 626
5 11 4 15 968
5 13 4 0 132
5 13 4 6 474
5 13 4 15 290
5 14 4 0 948
5 14 4 6 246
5 14 4 15 202
5 7 5 1 52
5 7 5 7 832
5 7 5 14 480
5 8 5 1 240
5 8 5 7 78
5 8 5 14 450
5 11 5 1 324
5 11 5 7 770
5 11 5 14 1790
5 13 5 1 1000
5 13 5 7 596
5 13 5 14 766
5 14 5 1 288
5 14 5 7 480
5 14 5 14 756
5 7 6 2 168
5 7 6 4 138
5 7 6 13 42
5 8 6 2 550
5 8 6 4 1098
5 8 6 13 394
5 11 6 2 1316
5 11 6 4 1624
5 11 6 13 134
5 13 6 2 1466
5 13 6 4 746
5 13 6 13 262
5 14 6 2 360
5 14 6 4 886
5 14 6 13 564
5 7 7 3 554
5 7 7 5 350
5 7 7 12 236
5 8 7 3 908
5 8 7 5 276
5 8 7 12 1014
5 11 7 3 338
5 11 7 5 962
5 11 7 12 730
5 13 7 3 190
5 13 7 5 282
5 13 7 12 180
5 14 7 3 578
5 14 7 5 26
5 14 7 12 1034
5 7 8 3 772
5 7 8 10 142
5 7 8 12 434
5 8 8 3 1006
5 8 8 10 70
5 8 8 12 164
5 11 8 3 1342
5 11 8 10 726
5 11 8 12 1418
5 13 8 3 274
5 13 8 10 898
5 13 8 12 886
5 14 8 3 526
5 14 8 10 396
5 14 8 12 116
5 7 9 2 62
5 7 9 11 1284
5 7 9 13 380
5 8 9 2 708
5 8 9 11 1120
5 8 9 13 736
5 11 9 2 34
5 11 9 11 1656
5 11 9 13 1072
5 13 9 2 438
5 13 9 11 486
5 13 9 13 778
5 14 9 2 266
5 14 9 11 276
5 14 9 13 230
5 7 10 1 2164
5 7 10 8 294
5 7 10 14 320
5 8 10 1 540
5 8 10 8 594
5 8 10 14 352
5 11 10 1 570
5 11 10 8 926
5 11 10 14 328
5 13 10 1 358
5 13 10 8 372
5 13 10 14 100
5 14 10 1 886
5 14 10 8 26
5 14 10 14 282
5 7 11 0 582
5 7 11 9 600
5 7 11 15 594
5 8 11 0 1520
5 8 11 9 524
5 8 11 15 114
5 11 11 0 178
5 11 11 9 384
5 11 11 15 116
5 13 11 0 1816
5 13 11 9 1002
5 13 11 15 1108
5 14 11 0 1030
5 14 11 9 484
5 14 11 15 230
5 7 12 7 1028
5 7 12 8 926
5 7 12 14 12
5 8 12 7 412
5 8 12 8 620
5 8 12 14 28
5 11 12 7 340
5 11 12 8 110
5 11 12 14 1418
5 13 12 7 1412
5 13 12 8 1424
5 13 12 14 774
5 14 12 7 226
5 14 12 8 370
5 14 12 14 802
5 7 13 6 376
5 7 13 9 332
5 7 13 15 0
5 8 13 6 238
5 8 13 9 944
5 8 13 15 38
5 11 13 6 1746
5 11 13 9 790
5 11 13 15 390
5 13 13 6 584
5 13 13 9 344
5 13 13 15 852
5 14 13 6 492
5 14 13 9 436
5 14 13 15 924
5 7 14 5 1834
5 7 14 10 236
5 7 14 12 428
5 8 14 5 354
5 8 14 10 720
5 8 14 12 440
5 11 14 5 1188
5 11 14 10 4
5 11 14 12 428
5 13 14 5 38
5 13 14 10 516
5 13 14 12 670
5 14 14 5 986
5 14 14 10 1298
5 14 14 12 834
5 7 15 4 724
5 7 15 11 1206
5 7 15 13 108
5 8 15 4 70
5 8 15 11 268
5 8 15 13 936
5 11 15 4 1340
5 11 15 11 50
5 11 15 13 652
5 13 15 4 456
5 13 15 11 490
5 13 15 13 262
5 14 15 4 540
5 14 15 11 262
5 14 15 13 550
6 8 0 2 1970
6 8 0 4 100
6 8 0 11 376
6 11 0 2 668
6 11 0 4 594
6 11 0 11 258
6 13 0 2 236
6 13 0 4 670
6 13 0 11 738
6 14 0 2 204
6 14 0 4 118
6 14 0 11 744
6 8 1 3 646
6 8 1 5 20
6 8 1 10 688
6 11 1 3 10
6 11 1 5 876
6 11 1 10 988
6 13 1 3 704
6 13 1 5 1072
6 13 1 10 514
6 14 1 3 564
6 14 1 5 398
6 14 1 10 128
6 8 2 0 204
6 8 2 6 244
6 8 2 9 710
6 11 2 0 34
6 11 2 6 32
6 11 2 9 614
6 13 2 0 448
6 13 2 6 752
6 13 2 9 102
6 14 2 0 254
6 14 2 6 502
6 14 2 9 148
6 8 3 1 296
6 8 3 7 1470
6 8 3 8 102
6 11 3 1 460
6 11 3 7 840
6 11 3 8 682
6 13 3 1 156
6 13 3 7 122
6 13 3 8 1326
6 14 3 1 1110
6 14 3 7 192
6 14 3 8 134
6 8 4 0 566
6 8 4 6 562
6 8 4 15 550
6 11 4 0 290
6 11 4 6 1478
6 11 4 15 990
6 13 4 0 1202
6 13 4 6 394
6 13 4 15 802
6 14 4 0 252
6 14 4 6 250
6 14 4 15 132
6 8 5 1 1330
6 8 5 7 352
6 8 5 14 1036
6 11 5 1 600
6 11 5 7 1464
6 11 5 14 490
6 13 5 1 6
6 13 5 7 1308
6 13 5 14 650
6 14 5 1 1260
6 14 5 7 248
6 14 5 14 156
6 8 6 2 822
6 8 6 4 488
6 8 6 13 318
6 11 6 2 484
6 11 6 4 554
6 11 6 13 306
6 13 6 2 654
6 13 6 4 1226
6 13 6 13 434
6 14 6 2 52
6 14 6 4 40
6 14 6 13 156
6 8 7 3 636
6 8 7 5 290
6 8 7 12 266
6 11 7 3 6
6 11 7 5 444
6 11 7 12 112
6 13 7 3 204
6 13 7 5 346
6 13 7 12 786
6 14 7 3 1042
6 14 7 5 1006
6 14 7 12 76
6 8 8 3 248
6 8 8 10 658
6 8 8 12 408
6 11 8 3 642
6 11 8 10 508
6 11 8 12 38
6 13 8 3 1264
6 13 8 10 296
6 13 8 12 230
6 14 8 3 824
6 14 8 10 254
6 14 8 12 962
6 8 9 2 1316
6 8 9 11 206
6 8 9 13 950
6 11 9 2 1412
6 11 9 11 172
6 11 9 13 354
6 13 9 2 426
6 13 9 11 234
6 13 9 13 384
6 14 9 2 1020
6 14 9 11 310
6 14 9 13 122
6 8 10 1 112
6 8 10 8 1046
6 8 10 14 1582
6 11 10 1 920
6 11 10 8 604
6 11 10 14 558
6 13 10 1 1328
6 13 10 8 212
6 13 10 14 446
6 14 10 1 602
6 14 10 8 132
6 14 10 14 1724
6 8 11 0 1610
6 8 11 9 268
6 8 11 15 122
6 11 11 0 60
6 11 11 9 1108
6 11 11 15 1292
6 13 11 0 384
6 13 11 9 906
6 13 11 15 698
6 14 11 0 1958
6 14 11 9 42
6 14 11 15 282
6 8 12 7 202
6 8 12 8 306
6 8 12 14 520
6 11 12 7 680
6 11 12 8 538
6 11 12 14 762
6 13 12 7 1382
6 13 12 8 336
6 13 12 14 382
6 14 12 7 638
6 14 12 8 1284
6 14 12 14 918
6 8 13 6 224
6 8 13 9 526
6 8 13 15 736
6 11 13 6 66
6 11 13 9 988
6 11 13 15 622
6 13 13 6 248
6 13 13 9 676
6 13 13 15 272
6 14 13 6 688
6 14 13 9 200
6 14 13 15 1572
6 8 14 5 138
6 8 14 10 1502
6 8 14 12 188
6 11 14 5 1096
6 11 14 10 172
6 11 14 12 508
6 13 14 5 556
6 13 14 10 496
6 13 14 12 340
6 14 14 5 182
6 14 14 10 334
6 14 14 12 496
6 8 15 4 328
6 8 15 11 1404
6 8 15 13 204
6 11 15 4 770
6 11 15 11 1052
6 11 15 13 324
6 13 15 4 386
6 13 15 11 186
6 13 15 13 948
6 14 15 4 54
6 14 15 11 230
6 14 15 13 306
7 9 0 2 826
7 9 0 4 1626
7 9 0 11 1428
7 10 0 2 770
7 10 0 4 1136
7 10 0 11 362
7 12 0 2 782
7 12 0 4 1082
7 12 0 11 1380
7 15 0 2 6
7 15 0 4 1978
7 15 0 11 148
7 9 1 3 10682
7 9 1 5 272
7 9 1 10 826
7 10 1 3 784
7 10 1 5 368
7 10 1 10 680
7 12 1 3 834
7 12 1 5 434
7 12 1 10 402
7 15 1 3 582
7 15 1 5 802
7 15 1 10 698
7 9 2 0 1110
7 9 2 6 152
7 9 2 9 418
7 10 2 0 1242
7 10 2 6 1384
7 10 2 9 706
7 12 2 0 286
7 12 2 6 674
7 12 2 9 702
7 15 2 0 632
7 15 2 6 308
7 15 2 9 1394
7 9 3 1 11186
7 9 3 7 144
7 9 3 8 626
7 10 3 1 268
7 10 3 7 190
7 10 3 8 668
7 12 3 1 1064
7 12 3 7 586
7 12 3 8 730
7 15 3 1 732
7 15 3 7 510
7 15 3 8 26
7 9 4 0 762
7 9 4 6 1492
7 9 4 15 378
7 10 4 0 82
7 10 4 6 178
7 10 4 15 418
7 12 4 0 972
7 12 4 6 360
7 12 4 15 198
7 15 4 0 168
7 15 4 6 822
7 15 4 15 462
7 9 5 1 960
7 9 5 7 694
7 9 5 14 1654
7 10 5 1 778
7 10 5 7 720
7 10 5 14 362
7 12 5 1 84
7 12 5 7 568
7 12 5 14 502
7 15 5 1 364
7 15 5 7 322
7 15 5 14 792
7 9 6 2 652
7 9 6 4 928
7 9 6 13 104
7 10 6 2 266
7 10 6 4 1420
7 10 6 13 240
7 12 6 2 422
7 12 6 4 4
7 12 6 13 1280
7 15 6 2 138
7 15 6 4 306
7 15 6 13 170
7 9 7 3 254
7 9 7 5 208
7 9 7 12 1150
7 10 7 3 502
7 10 7 5 40
7 10 7 12 1060
7 12 7 3 872
7 12 7 5 870
7 12 7 12 1376
7 15 7 3 796
7 15 7 5 200
7 15 7 12 288
7 9 8 3 820
7 9 8 10 348
7 9 8 12 1166
7 10 8 3 1330
7 10 8 10 1376
7 10 8 12 98
7 12 8 3 402
7 12 8 10 116
7 12 8 12 792
7 15 8 3 1012
7 15 8 10 162
7 15 8 12 418
7 9 9 2 724
7 9 9 11 1568
7 9 9 13 20
7 10 9 2 416
7 10 9 11 862
7 10 9 13 6
7 12 9 2 768
7 12 9 11 668
7 12 9 13 1032
7 15 9 2 246
7 15 9 11 4
7 15 9 13 528
7 9 10 1 854
7 9 10 8 698
7 9 10 14 86
7 10 10 1 128
7 10 10 8 754
7 10 10 14 318
7 12 10 1 614
7 12 10 8 402
7 12 10 14 432
7 15 10 1 176
7 15 10 8 454
7 15 10 14 718
7 9 11 0 294
7 9 11 9 350
7 9 11 15 400
7 10 11 0 930
7 10 11 9 436
7 10 11 15 714
7 12 11 0 274
7 12 11 9 1428
7 12 11 15 588
7 15 11 0 412
7 15 11 9 76
7 15 11 15 1138
7 9 12 7 344
7 9 12 8 1418
7 9 12 14 1832
7 10 12 7 106
7 10 12 8 130
7 10 12 14 82
7 12 12 7 82
7 12 12 8 818
7 12 12 14 162
7 15 12 7 162
7 15 12 8 1314
7 15 12 14 638
7 9 13 6 138
7 9 13 9 78
7 9 13 15 522
7 10 13 6 510
7 10 13 9 1000
7 10 13 15 558
7 12 13 6 462
7 12 13 9 222
7 12 13 15 296
7 15 13 6 822
7 15 13 9 766
7 15 13 15 148
7 9 14 5 782
7 9 14 10 512
7 9 14 12 932
7 10 14 5 560
7 10 14 10 498
7 10 14 12 284
7 12 14 5 1526
7 12 14 10 1380
7 12 14 12 1030
7 15 14 5 194
7 15 14 10 2058
7 15 14 12 364
7 9 15 4 226
7 9 15 11 1132
7 9 15 13 1258
7 10 15 4 648
7 10 15 11 20
7 10 15 13 670
7 12 15 4 336
7 12 15 11 150
7 12 15 13 194
7 15 15 4 360
7 15 15 11 332
7 15 15 13 150
8 10 0 2 40
8 10 0 4 334
8 10 0 11 710
8 12 0 2 480
8 12 0 4 1026
8 12 0 11 454
8 10 1 3 482
8 10 1 5 242
8 10 1 10 536
8 12 1 3 410
8 12 1 5 296
8 12 1 10 514
8 10 2 0 910
8 10 2 6 1544
8 10 2 9 272
8 12 2 0 1124
8 12 2 6 1030
8 12 2 9 214
8 10 3 1 1462
8 10 3 7 294
8 10 3 8 1492
8 12 3 1 644
8 12 3 7 50
8 12 3 8 942
8 10 4 0 274
8 10 4 6 904
8 10 4 15 126
8 12 4 0 1334
8 12 4 6 502
8 12 4 15 450
8 10 5 1 144
8 10 5 7 572
8 10 5 14 1268
8 12 5 1 1370
8 12 5 7 1104
8 12 5 14 480
8 10 6 2 1308
8 10 6 4 308
8 10 6 13 142
8 12 6 2 938
8 12 6 4 272
8 12 6 13 274
8 10 7 3 1092
8 10 7 5 1068
8 10 7 12 248
8 12 7 3 462
8 12 7 5 92
8 12 7 12 1276
8 10 8 3 892
8 10 8 10 436
8 10 8 12 776
8 12 8 3 462
8 12 8 10 852
8 12 8 12 374
8 10 9 2 1692
8 10 9 11 222
8 10 9 13 1744
8 12 9 2 1078
8 12 9 11 282
8 12 9 13 1010
8 10 10 1 46
8 10 10 8 296
8 10 10 14 238
8 12 10 1 814
8 12 10 8 282
8 12 10 14 466
8 10 11 0 1226
8 10 11 9 296
8 10 11 15 346
8 12 11 0 204
8 12 11 9 260
8 12 11 15 340
8 10 12 7 1200
8 10 12 8 888
8 10 12 14 418
8 12 12 7 468
8 12 12 8 90
8 12 12 14 64
8 10 13 6 772
8 10 13 9 672
8 10 13 15 2
8 12 13 6 300
8 12 13 9 666
8 12 13 15 72
8 10 14 5 838
8 10 14 10 812
8 10 14 12 494
8 12 14 5 402
8 12 14 10 1316
8 12 14 12 1432
8 10 15 4 12
8 10 15 11 208
8 10 15 13 414
8 12 15 4 78
8 12 15 11 268
8 12 15 13 78
9 11 0 2 910
9 11 0 4 1098
9 11 0 11 1056
9 13 0 2 538
9 13 0 4 858
9 13 0 11 1092
9 11 1 3 732
9 11 1 5 1252
9 11 1 10 836
9 13 1 3 580
9 13 1 5 980
9 13 1 10 482
9 11 2 0 894
9 11 2 6 194
9 11 2 9 1268
9 13 2 0 732
9 13 2 6 450
9 13 2 9 1452
9 11 3 1 882
9 11 3 7 432
9 11 3 8 1432
9 13 3 1 182
9 13 3 7 232
9 13 3 8 258
9 11 4 0 78
9 11 4 6 134
9 11 4 15 300
9 13 4 0 80
9 13 4 6 1650
9 13 4 15 1428
9 11 5 1 184
9 11 5 7 416
9 11 5 14 54
9 13 5 1 762
9 13 5 7 492
9 13 5 14 1514
9 11 6 2 930
9 11 6 4 768
9 11 6 13 828
9 13 6 2 48
9 13 6 4 456
9 13 6 13 1512
9 11 7 3 1190
9 11 7 5 1682
9 11 7 12 562
9 13 7 3 1094
9 13 7 5 482
9 13 7 12 576
9 11 8 3 756
9 11 8 10 100
9 11 8 12 140
9 13 8 3 44
9 13 8 10 10
9 13 8 12 58
9 11 9 2 150
9 11 9 11 610
9 11 9 13 434
9 13 9 2 578
9 13 9 11 420
9 13 9 13 754
9 11 10 1 210
9 11 10 8 244
9 11 10 14 470
9 13 10 1 628
9 13 10 8 480
9 13 10 14 258
9 11 11 0 658
9 11 11 9 256
9 11 11 15 1156
9 13 11 0 642
9 13 11 9 1276
9 13 11 15 44
9 11 12 7 706
9 11 12 8 1492
9 11 12 14 480
9 13 12 7 576
9 13 12 8 212
9 13 12 14 142
9 11 13 6 328
9 11 13 9 144
9 11 13 15 562
9 13 13 6 404
9 13 13 9 36
9 13 13 15 238
9 11 14 5 342
9 11 14 10 98
9 11 14 12 768
9 13 14 5 146
9 13 14 10 370
9 13 14 12 926
9 11 15 4 314
9 11 15 11 270
9 11 15 13 422
9 13 15 4 712
9 13 15 11 244
9 13 15 13 716
10 14 0 2 488
10 14 0 4 1080
10 14 0 11 372
10 14 1 3 1066
10 14 1 5 486
10 14 1 10 1012
10 14 2 0 48
10 14 2 6 1670
10 14 2 9 1460
10 14 3 1 240
10 14 3 7 584
10 14 3 8 1092
10 14 4 0 82
10 14 4 6 590
10 14 4 15 758
10 14 5 1 368
10 14 5 7 1072
10 14 5 14 1522
10 14 6 2 86
10 14 6 4 206
10 14 6 13 712
10 14 7 3 216
10 14 7 5 372
10 14 7 12 364
10 14 8 3 268
10 14 8 10 1396
10 14 8 12 1854
10 14 9 2 1478
10 14 9 11 262
10 14 9 13 614
10 14 10 1 414
10 14 10 8 760
10 14 10 14 864
10 14 11 0 234
10 14 11 9 570
10 14 11 15 464
10 14 12 7 6
10 14 12 8 602
10 14 12 14 524
10 14 13 6 66
10 14 13 9 656
10 14 13 15 396
10 14 14 5 330
10 14 14 10 194
10 14 14 12 636
10 14 15 4 140
10 14 15 11 642
10 14 15 13 876
11 15 0 2 476
11 15 0 4 454
11 15 0 11 6
11 15 1 3 772
11 15 1 5 36
11 15 1 10 992
11 15 2 0 208
11 15 2 6 388
11 15 2 9 1010
11 15 3 1 1380
11 15 3 7 738
11 15 3 8 672
11 15 4 0 538
11 15 4 6 438
11 15 4 15 504
11 15 5 1 268
11 15 5 7 302
11 15 5 14 44
11 15 6 2 290
11 15 6 4 106
11 15 6 13 328
11 15 7 3 802
11 15 7 5 728
11 15 7 12 520
11 15 8 3 26
11 15 8 10 328
11 15 8 12 70
11 15 9 2 514
11 15 9 11 118
11 15 9 13 1246
11 15 10 1 1292
11 15 10 8 538
11 15 10 14 406
11 15 11 0 118
11 15 11 9 700
11 15 11 15 104
11 15 12 7 726
11 15 12 8 406
11 15 12 14 90
11 15 13 6 778
11 15 13 9 880
11 15 13 15 628
11 15 14 5 1112
11 15 14 10 410
11 15 14 12 104
11 15 15 4 432
11 15 15 11 184
11 15 15 13 10
12 14 0 2 972
12 14 0 4 432
12 14 0 11 946
12 14 1 3 874
12 14 1 5 140
12 14 1 10 552
12 14 2 0 90
12 14 2 6 928
12 14 2 9 900
12 14 3 1 234
12 14 3 7 518
12 14 3 8 930
12 14 4 0 668
12 14 4 6 128
12 14 4 15 204
12 14 5 1 510
12 14 5 7 1518
12 14 5 14 1356
12 14 6 2 368
12 14 6 4 832
12 14 6 13 316
12 14 7 3 342
12 14 7 5 658
12 14 7 12 1610
12 14 8 3 252
12 14 8 10 1158
12 14 8 12 346
12 14 9 2 34
12 14 9 11 956
12 14 9 13 84
12 14 10 1 846
12 14 10 8 442
12 14 10 14 2158
12 14 11 0 574
12 14 11 9 26
12 14 11 15 140
12 14 12 7 726
12 14 12 8 452
12 14 12 14 172
12 14 13 6 422
12 14 13 9 464
12 14 13 15 300
12 14 14 5 1054
12 14 14 10 150
12 14 14 12 1014
12 14 15 4 84
12 14 15 11 394
12 14 15 13 6
13 15 0 2 60
13 15 0 4 736
13 15 0 11 1624
13 15 1 3 10112
13 15 1 5 78
13 15 1 10 142
13 15 2 0 1060
13 15 2 6 510
13 15 2 9 728
13 15 3 1 10054
13 15 3 7 32
13 15 3 8 696
13 15 4 0 354
13 15 4 6 864
13 15 4 15 1684
13 15 5 1 720
13 15 5 7 1210
13 15 5 14 566
13 15 6 2 274
13 15 6 4 510
13 15 6 13 646
13 15 7 3 30
13 15 7 5 888
13 15 7 12 1084
13 15 8 3 588
13 15 8 10 122
13 15 8 12 244
13 15 9 2 510
13 15 9 11 6
13 15 9 13 258
13 15 10 1 1476
13 15 10 8 1454
13 15 10 14 1942
13 15 11 0 1570
13 15 11 9 842
13 15 11 15 152
13 15 12 7 144
13 15 12 8 356
13 15 12 14 124
13 15 13 6 640
13 15 13 9 1270
13 15 13 15 474
13 15 14 5 188
13 15 14 10 260
13 15 14 12 432
13 15 15 4 1976
13 15 15 11 570
13 15 15 13 886
