# KEY left=0x3c right=0x18
# GOOD_PAIRS_BEGIN count=2
# GOOD_PAIR 0xd0 0xf2
# GOOD_PAIR 0xd2 0xf0
# GOOD_PAIRS_END
0 2 0 2 342
0 2 0 4 832
0 2 0 11 342
0 4 0 2 670
0 4 0 4 1246
0 4 0 11 248
0 8 0 2 630
0 8 0 4 1316
0 8 0 11 662
0 11 0 2 506
0 11 0 4 256
0 11 0 11 1230
0 13 0 2 336
0 13 0 4 68
0 13 0 11 512
0 14 0 2 964
0 14 0 4 676
0 14 0 11 1032
0 2 1 3 616
0 2 1 5 600
0 2 1 10 266
0 4 1 3 332
0 4 1 5 188
0 4 1 10 1062
0 8 1 3 84
0 8 1 5 360
0 8 1 10 722
0 11 1 3 1290
0 11 1 5 824
0 11 1 10 600
0 13 1 3 328
0 13 1 5 284
0 13 1 10 450
0 14 1 3 342
0 14 1 5 228
0 14 1 10 1026
0 2 2 0 52
0 2 2 6 226
0 2 2 9 62
0 4 2 0 254
0 4 2 6 210
0 4 2 9 980
0 8 2 0 4
0 8 2 6 52
0 8 2 9 1232
0 11 2 0 542
0 11 2 6 134
0 11 2 9 544
0 13 2 0 240
0 13 2 6 1122
0 13 2 9 68
0 14 2 0 390
0 14 2 6 376
0 14 2 9 306
0 2 3 1 566
0 2 3 7 370
0 2 3 8 672
0 4 3 1 560
0 4 3 7 76
0 4 3 8 1360
0 8 3 1 892
0 8 3 7 856
0 8 3 8 122
0 11 3 1 660
0 11 3 7 836
0 11 3 8 370
0 13 3 1 548
0 13 3 7 676
0 13 3 8 454
0 14 3 1 1114
0 14 3 7 256
0 14 3 8 818
0 2 4 0 502
0 2 4 6 98
0 2 4 15 976
0 4 4 0 872
0 4 4 6 92
0 4 4 15 4
0 8 4 0 124
0 8 4 6 172
0 8 4 15 30
0 11 4 0 298
0 11 4 6 586
0 11 4 15 352
0 13 4 0 1618
0 13 4 6 508
0 13 4 15 582
0 14 4 0 348
0 14 4 6 452
0 14 4 15 498
0 2 5 1 696
0 2 5 7 670
0 2 5 14 1178
0 4 5 1 1336
0 4 5 7 268
0 4 5 14 18
0 8 5 1 866
0 8 5 7 1044
0 8 5 14 450
0 11 5 1 1134
0 11 5 7 202
0 11 5 14 488
0 13 5 1 804
0 13 5 7 610
0 13 5 14 634
0 14 5 1 620
0 14 5 7 146
0 14 5 14 832
0 2 6 2 118
0 2 6 4 1322
0 2 6 13 1156
0 4 6 2 738
0 4 6 4 890
0 4 6 13 368
0 8 6 2 384
0 8 6 4 34
0 8 6 13 1698
0 11 6 2 446
0 11 6 4 834
0 11 6 13 18
0 13 6 2 682
0 13 6 4 330
0 13 6 13 986
0 14 6 2 408
0 14 6 4 392
0 14 6 13 248
0 2 7 3 924
0 2 7 5 336
0 2 7 12 1202
0 4 7 3 1124
0 4 7 5 142
0 4 7 12 174
0 8 7 3 210
0 8 7 5 668
0 8 7 12 544
0 11 7 3 224
0 11 7 5 1610
0 11 7 12 1326
0 13 7 3 280
0 13 7 5 218
0 13 7 12 672
0 14 7 3 772
0 14 7 5 16
0 14 7 12 1520
0 2 8 3 142
0 2 8 10 454
0 2 8 12 252
0 4 8 3 240
0 4 8 10 896
0 4 8 12 974
0 8 8 3 244
0 8 8 10 478
0 8 8 12 682
0 11 8 3 280
0 11 8 10 14
0 11 8 12 664
0 13 8 3 136
0 13 8 10 508
0 13 8 12 692
0 14 8 3 96
0 14 8 10 366
0 14 8 12 880
0 2 9 2 956
0 2 9 11 604
0 2 9 13 258
0 4 9 2 618
0 4 9 11 706
0 4 9 13 1080
0 8 9 2 372
0 8 9 11 2684
0 8 9 13 278
0 11 9 2 72
0 11 9 11 102
0 11 9 13 256
0 13 9 2 822
0 13 9 11 638
0 13 9 13 1100
0 14 9 2 22
0 14 9 11 590
0 14 9 13 858
0 2 10 1 408
0 2 10 8 674
0 2 10 14 156
0 4 10 1 410
0 4 10 8 302
0 4 10 14 266
0 8 10 1 850
0 8 10 8 474
0 8 10 14 818
0 11 10 1 982
0 11 10 8 658
0 11 10 14 86
0 13 10 1 570
0 13 10 8 22
0 13 10 14 190
0 14 10 1 1342
0 14 10 8 428
0 14 10 14 1104
0 2 11 0 274
0 2 11 9 1118
0 2 11 15 544
0 4 11 0 404
0 4 11 9 760
0 4 11 15 628
0 8 11 0 712
0 8 11 9 120
0 8 11 15 56
0 11 11 0 496
0 11 11 9 134
0 11 11 15 176
0 13 11 0 244
0 13 11 9 400
0 13 11 15 604
0 14 11 0 628
0 14 11 9 1052
0 14 11 15 514
0 2 12 7 120
0 2 12 8 914
0 2 12 14 474
0 4 12 7 1538
0 4 12 8 54
0 4 12 14 454
0 8 12 7 556
0 8 12 8 882
0 8 12 14 1238
0 11 12 7 580
0 11 12 8 472
0 11 12 14 534
0 13 12 7 464
0 13 12 8 50
0 13 12 14 1400
0 14 12 7 664
0 14 12 8 746
0 14 12 14 658
0 2 13 6 780
0 2 13 9 338
0 2 13 15 730
0 4 13 6 346
0 4 13 9 1268
0 4 13 15 822
0 8 13 6 740
0 8 13 9 250
0 8 13 15 94
0 11 13 6 108
0 11 13 9 770
0 11 13 15 388
0 13 13 6 78
0 13 13 9 1410
0 13 13 15 782
0 14 13 6 638
0 14 13 9 176
0 14 13 15 50
0 2 14 5 814
0 2 14 10 64
0 2 14 12 236
0 4 14 5 526
0 4 14 10 334
0 4 14 12 68
0 8 14 5 338
0 8 14 10 1080
0 8 14 12 1032
0 11 14 5 866
0 11 14 10 1110
0 11 14 12 742
0 13 14 5 698
0 13 14 10 186
0 13 14 12 626
0 14 14 5 40
0 14 14 10 780
0 14 14 12 722
0 2 15 4 92
0 2 15 11 372
0 2 15 13 610
0 4 15 4 116
0 4 15 11 184
0 4 15 13 1084
0 8 15 4 498
0 8 15 11 1440
0 8 15 13 496
0 11 15 4 1194
0 11 15 11 500
0 11 15 13 482
0 13 15 4 78
0 13 15 11 696
0 13 15 13 678
0 14 15 4 468
0 14 15 11 468
0 14 15 13 104
1 3 0 2 454
1 3 0 4 414
1 3 0 11 876
1 5 0 2 314
1 5 0 4 416
1 5 0 11 1356
1 9 0 2 2232
1 9 0 4 382
1 9 0 11 218
1 10 0 2 26
1 10 0 4 1222
1 10 0 11 98
1 12 0 2 12
1 12 0 4 164
1 12 0 11 650
1 15 0 2 1766
1 15 0 4 264
1 15 0 11 346
1 3 1 3 920
1 3 1 5 1048
1 3 1 10 1014
1 5 1 3 718
1 5 1 5 982
1 5 1 10 540
1 9 1 3 206
1 9 1 5 68
1 9 1 10 166
1 10 1 3 324
1 10 1 5 552
1 10 1 10 1136
1 12 1 3 826
1 12 1 5 150
1 12 1 10 182
1 15 1 3 686
1 15 1 5 28
1 15 1 10 792
1 3 2 0 52
1 3 2 6 928
1 3 2 9 442
1 5 2 0 8
1 5 2 6 386
1 5 2 9 1094
1 9 2 0 214
1 9 2 6 2122
1 9 2 9 102
1 10 2 0 630
1 10 2 6 882
1 10 2 9 242
1 12 2 0 786
1 12 2 6 318
1 12 2 9 162
1 15 2 0 602
1 15 2 6 732
1 15 2 9 248
1 3 3 1 64
1 3 3 7 292
1 3 3 8 260
1 5 3 1 412
1 5 3 7 362
1 5 3 8 898
1 9 3 1 806
1 9 3 7 10
1 9 3 8 162
1 10 3 1 38
1 10 3 7 532
1 10 3 8 332
1 12 3 1 296
1 12 3 7 248
1 12 3 8 442
1 15 3 1 246
1 15 3 7 964
1 15 3 8 788
1 3 4 0 1114
1 3 4 6 1100
1 3 4 15 1340
1 5 4 0 814
1 5 4 6 610
1 5 4 15 846
1 9 4 0 304
1 9 4 6 852
1 9 4 15 80
1 10 4 0 612
1 10 4 6 938
1 10 4 15 16
1 12 4 0 956
1 12 4 6 970
1 12 4 15 1134
1 15 4 0 1660
1 15 4 6 310
1 15 4 15 256
1 3 5 1 290
1 3 5 7 120
1 3 5 14 500
1 5 5 1 256
1 5 5 7 598
1 5 5 14 768
1 9 5 1 34
1 9 5 7 56
1 9 5 14 610
1 10 5 1 710
1 10 5 7 570
1 10 5 14 906
1 12 5 1 740
1 12 5 7 68
1 12 5 14 886
1 15 5 1 318
1 15 5 7 660
1 15 5 14 320
1 3 6 2 376
1 3 6 4 6
1 3 6 13 262
1 5 6 2 1296
1 5 6 4 72
1 5 6 13 6
1 9 6 2 68
1 9 6 4 634
1 9 6 13 734
1 10 6 2 228
1 10 6 4 662
1 10 6 13 228
1 12 6 2 650
1 12 6 4 944
1 12 6 13 712
1 15 6 2 926
1 15 6 4 842
1 15 6 13 488
1 3 7 3 1206
1 3 7 5 198
1 3 7 12 418
1 5 7 3 794
1 5 7 5 1570
1 5 7 12 1844
1 9 7 3 1014
1 9 7 5 852
1 9 7 12 206
1 10 7 3 1452
1 10 7 5 442
1 10 7 12 1138
1 12 7 3 1526
1 12 7 5 80
1 12 7 12 88
1 15 7 3 142
1 15 7 5 870
1 15 7 12 340
1 3 8 3 880
1 3 8 10 438
1 3 8 12 118
1 5 8 3 788
1 5 8 10 442
1 5 8 12 708
1 9 8 3 958
1 9 8 10 692
1 9 8 12 240
1 10 8 3 590
1 10 8 10 686
1 10 8 12 1370
1 12 8 3 970
1 12 8 10 700
1 12 8 12 256
1 15 8 3 580
1 15 8 10 1032
1 15 8 12 778
1 3 9 2 770
1 3 9 11 220
1 3 9 13 66
1 5 9 2 60
1 5 9 11 1020
1 5 9 13 244
1 9 9 2 26
1 9 9 11 360
1 9 9 13 2202
1 10 9 2 790
1 10 9 11 428
1 10 9 13 878
1 12 9 2 656
1 12 9 11 414
1 12 9 13 148
1 15 9 2 532
1 15 9 11 954
1 15 9 13 252
1 3 10 1 80
1 3 10 8 764
1 3 10 14 146
1 5 10 1 386
1 5 10 8 802
1 5 10 14 832
1 9 10 1 144
1 9 10 8 1010
1 9 10 14 1108
1 10 10 1 90
1 10 10 8 340
1 10 10 14 138
1 12 10 1 422
1 12 10 8 520
1 12 10 14 920
1 15 10 1 88
1 15 10 8 932
1 15 10 14 578
1 3 11 0 888
1 3 11 9 164
1 3 11 15 830
1 5 11 0 686
1 5 11 9 106
1 5 11 15 842
1 9 11 0 1050
1 9 11 9 938
1 9 11 15 438
1 10 11 0 1560
1 10 11 9 1030
1 10 11 15 350
1 12 11 0 74
1 12 11 9 52
1 12 11 15 464
1 15 11 0 1584
1 15 11 9 1220
1 15 11 15 996
1 3 12 7 338
1 3 12 8 26
1 3 12 14 790
1 5 12 7 1264
1 5 12 8 560
1 5 12 14 550
1 9 12 7 84
1 9 12 8 664
1 9 12 14 32
1 10 12 7 306
1 10 12 8 444
1 10 12 14 100
1 12 12 7 896
1 12 12 8 500
1 12 12 14 40
1 15 12 7 980
1 15 12 8 1228
1 15 12 14 914
1 3 13 6 584
1 3 13 9 196
1 3 13 15 1108
1 5 13 6 744
1 5 13 9 878
1 5 13 15 828
1 9 13 6 258
1 9 13 9 1098
1 9 13 15 544
1 10 13 6 684
1 10 13 9 1692
1 10 13 15 76
1 12 13 6 842
1 12 13 9 522
1 12 13 15 1712
1 15 13 6 272
1 15 13 9 928
1 15 13 15 686
1 3 14 5 904
1 3 14 10 514
1 3 14 12 1064
1 5 14 5 270
1 5 14 10 916
1 5 14 12 278
1 9 14 5 176
1 9 14 10 590
1 9 14 12 1574
1 10 14 5 290
1 10 14 10 194
1 10 14 12 22
1 12 14 5 1030
1 12 14 10 238
1 12 14 12 386
1 15 14 5 898
1 15 14 10 66
1 15 14 12 312
1 3 15 4 128
1 3 15 11 170
1 3 15 13 676
1 5 15 4 844
1 5 15 11 228
1 5 15 13 34
1 9 15 4 584
1 9 15 11 582
1 9 15 13 482
1 10 15 4 1642
1 10 15 11 1446
1 10 15 13 636
1 12 15 4 282
1 12 15 11 314
1 12 15 13 516
1 15 15 4 544
1 15 15 11 2286
1 15 15 13 904
2 6 0 2 420
2 6 0 4 286
2 6 0 11 1580
2 9 0 2 266
2 9 0 4 968
2 9 0 11 8
2 10 0 2 184
2 10 0 4 392
2 10 0 11 60
2 12 0 2 1358
2 12 0 4 522
2 12 0 11 2
2 15 0 2 328
2 15 0 4 510
2 15 0 11 110
2 6 1 3 1178
2 6 1 5 1280
2 6 1 10 678
2 9 1 3 2
2 9 1 5 1774
2 9 1 10 478
2 10 1 3 952
2 10 1 5 330
2 10 1 10 136
2 12 1 3 850
2 12 1 5 704
2 12 1 10 694
2 15 1 3 1190
2 15 1 5 512
2 15 1 10 182
2 6 2 0 372
2 6 2 6 302
2 6 2 9 738
2 9 2 0 956
2 9 2 6 1150
2 9 2 9 256
2 10 2 0 482
2 10 2 6 546
2 10 2 9 266
2 12 2 0 286
2 12 2 6 60
2 12 2 9 748
2 15 2 0 652
2 15 2 6 806
2 15 2 9 1214
2 6 3 1 1090
2 6 3 7 1280
2 6 3 8 444
2 9 3 1 770
2 9 3 7 184
2 9 3 8 2056
2 10 3 1 328
2 10 3 7 278
2 10 3 8 282
2 12 3 1 562
2 12 3 7 1922
2 12 3 8 820
2 15 3 1 608
2 15 3 7 820
2 15 3 8 1380
2 6 4 0 296
2 6 4 6 698
2 6 4 15 208
2 9 4 0 616
2 9 4 6 728
2 9 4 15 274
2 10 4 0 822
2 10 4 6 1098
2 10 4 15 1884
2 12 4 0 1498
2 12 4 6 184
2 12 4 15 204
2 15 4 0 390
2 15 4 6 996
2 15 4 15 546
2 6 5 1 1036
2 6 5 7 1208
2 6 5 14 328
2 9 5 1 248
2 9 5 7 688
2 9 5 14 800
2 10 5 1 1054
2 10 5 7 476
2 10 5 14 438
2 12 5 1 66
2 12 5 7 554
2 12 5 14 564
2 15 5 1 50
2 15 5 7 1254
2 15 5 14 560
2 6 6 2 578
2 6 6 4 874
2 6 6 13 654
2 9 6 2 646
2 9 6 4 330
2 9 6 13 346
2 10 6 2 696
2 10 6 4 558
2 10 6 13 66
2 12 6 2 1172
2 12 6 4 410
2 12 6 13 608
2 15 6 2 52
2 15 6 4 542
2 15 6 13 1182
2 6 7 3 384
2 6 7 5 412
2 6 7 12 242
2 9 7 3 34
2 9 7 5 110
2 9 7 12 4
2 10 7 3 0
2 10 7 5 1302
2 10 7 12 1018
2 12 7 3 714
2 12 7 5 1474
2 12 7 12 408
2 15 7 3 6
2 15 7 5 674
2 15 7 12 374
2 6 8 3 252
2 6 8 10 660
2 6 8 12 746
2 9 8 3 642
2 9 8 10 4
2 9 8 12 338
2 10 8 3 220
2 10 8 10 464
2 10 8 12 920
2 12 8 3 584
2 12 8 10 160
2 12 8 12 890
2 15 8 3 708
2 15 8 10 530
2 15 8 12 1012
2 6 9 2 422
2 6 9 11 670
2 6 9 13 708
2 9 9 2 252
2 9 9 11 104
2 9 9 13 256
2 10 9 2 1578
2 10 9 11 106
2 10 9 13 128
2 12 9 2 126
2 12 9 11 694
2 12 9 13 346
2 15 9 2 140
2 15 9 11 618
2 15 9 13 646
2 6 10 1 872
2 6 10 8 712
2 6 10 14 618
2 9 10 1 386
2 9 10 8 92
2 9 10 14 1230
2 10 10 1 182
2 10 10 8 246
2 10 10 14 362
2 12 10 1 240
2 12 10 8 792
2 12 10 14 296
2 15 10 1 510
2 15 10 8 186
2 15 10 14 108
2 6 11 0 448
2 6 11 9 530
2 6 11 15 1710
2 9 11 0 316
2 9 11 9 1262
2 9 11 15 544
2 10 11 0 780
2 10 11 9 548
2 10 11 15 106
2 12 11 0 394
2 12 11 9 354
2 12 11 15 240
2 15 11 0 1440
2 15 11 9 172
2 15 11 15 458
2 6 12 7 996
2 6 12 8 284
2 6 12 14 556
2 9 12 7 680
2 9 12 8 788
2 9 12 14 970
2 10 12 7 368
2 10 12 8 790
2 10 12 14 1196
2 12 12 7 274
2 12 12 8 176
2 12 12 14 714
2 15 12 7 1476
2 15 12 8 1218
2 15 12 14 132
2 6 13 6 298
2 6 13 9 1522
2 6 13 15 452
2 9 13 6 550
2 9 13 9 864
2 9 13 15 66
2 10 13 6 458
2 10 13 9 982
2 10 13 15 262
2 12 13 6 394
2 12 13 9 690
2 12 13 15 346
2 15 13 6 1220
2 15 13 9 802
2 15 13 15 512
2 6 14 5 10
2 6 14 10 132
2 6 14 12 20
2 9 14 5 350
2 9 14 10 592
2 9 14 12 234
2 10 14 5 276
2 10 14 10 38
2 10 14 12 756
2 12 14 5 1110
2 12 14 10 786
2 12 14 12 922
2 15 14 5 1064
2 15 14 10 558
2 15 14 12 608
2 6 15 4 596
2 6 15 11 524
2 6 15 13 346
2 9 15 4 1466
2 9 15 11 884
2 9 15 13 336
2 10 15 4 840
2 10 15 11 872
2 10 15 13 662
2 12 15 4 868
2 12 15 11 530
2 12 15 13 486
2 15 15 4 1058
2 15 15 11 200
2 15 15 13 1144
3 7 0 2 1372
3 7 0 4 274
3 7 0 11 216
3 8 0 2 338
3 8 0 4 768
3 8 0 11 152
3 11 0 2 1296
3 11 0 4 1196
3 11 0 11 700
3 13 0 2 2310
3 13 0 4 510
3 13 0 11 180
3 14 0 2 830
3 14 0 4 1482
3 14 0 11 364
3 7 1 3 1318
3 7 1 5 960
3 7 1 10 1194
3 8 1 3 650
3 8 1 5 758
3 8 1 10 1072
3 11 1 3 208
3 11 1 5 12
3 11 1 10 644
3 13 1 3 1178
3 13 1 5 1500
3 13 1 10 638
3 14 1 3 368
3 14 1 5 246
3 14 1 10 258
3 7 2 0 1334
3 7 2 6 1260
3 7 2 9 326
3 8 2 0 380
3 8 2 6 326
3 8 2 9 894
3 11 2 0 298
3 11 2 6 394
3 11 2 9 1076
3 13 2 0 230
3 13 2 6 566
3 13 2 9 1028
3 14 2 0 472
3 14 2 6 480
3 14 2 9 234
3 7 3 1 520
3 7 3 7 308
3 7 3 8 882
3 8 3 1 66
3 8 3 7 298
3 8 3 8 480
3 11 3 1 1852
3 11 3 7 1238
3 11 3 8 422
3 13 3 1 244
3 13 3 7 922
3 13 3 8 28
3 14 3 1 480
3 14 3 7 974
3 14 3 8 6
3 7 4 0 224
3 7 4 6 262
3 7 4 15 476
3 8 4 0 316
3 8 4 6 76
3 8 4 15 428
3 11 4 0 64
3 11 4 6 1350
3 11 4 15 902
3 13 4 0 1212
3 13 4 6 104
3 13 4 15 84
3 14 4 0 1320
3 14 4 6 252
3 14 4 15 738
3 7 5 1 426
3 7 5 7 110
3 7 5 14 370
3 8 5 1 162
3 8 5 7 758
3 8 5 14 308
3 11 5 1 876
3 11 5 7 1414
3 11 5 14 358
3 13 5 1 304
3 13 5 7 716
3 13 5 14 222
3 14 5 1 260
3 14 5 7 1178
3 14 5 14 1014
3 7 6 2 378
3 7 6 4 660
3 7 6 13 126
3 8 6 2 58
3 8 6 4 192
3 8 6 13 122
3 11 6 2 846
3 11 6 4 1464
3 11 6 13 176
3 13 6 2 410
3 13 6 4 76
3 13 6 13 1068
3 14 6 2 958
3 14 6 4 220
3 14 6 13 260
3 7 7 3 42
3 7 7 5 70
3 7 7 12 1698
3 8 7 3 758
3 8 7 5 148
3 8 7 12 470
3 11 7 3 86
3 11 7 5 316
3 11 7 12 1082
3 13 7 3 250
3 13 7 5 642
3 13 7 12 22
3 14 7 3 982
3 14 7 5 776
3 14 7 12 208
3 7 8 3 332
3 7 8 10 132
3 7 8 12 678
3 8 8 3 972
3 8 8 10 140
3 8 8 12 56
3 11 8 3 588
3 11 8 10 386
3 11 8 12 716
3 13 8 3 170
3 13 8 10 130
3 13 8 12 232
3 14 8 3 228
3 14 8 10 128
3 14 8 12 642
3 7 9 2 830
3 7 9 11 270
3 7 9 13 644
3 8 9 2 452
3 8 9 11 50
3 8 9 13 238
3 11 9 2 1148
3 11 9 11 124
3 11 9 13 780
3 13 9 2 878
3 13 9 11 562
3 13 9 13 534
3 14 9 2 782
3 14 9 11 234
3 14 9 13 1244
3 7 10 1 952
3 7 10 8 184
3 7 10 14 764
3 8 10 1 376
3 8 10 8 232
3 8 10 14 138
3 11 10 1 24
3 11 10 8 788
3 11 10 14 518
3 13 10 1 186
3 13 10 8 306
3 13 10 14 410
3 14 10 1 1492
3 14 10 8 154
3 14 10 14 266
3 7 11 0 314
3 7 11 9 824
3 7 11 15 154
3 8 11 0 210
3 8 11 9 966
3 8 11 15 1098
3 11 11 0 356
3 11 11 9 382
3 11 11 15 774
3 13 11 0 498
3 13 11 9 1144
3 13 11 15 224
3 14 11 0 934
3 14 11 9 42
3 14 11 15 636
3 7 12 7 932
3 7 12 8 1180
3 7 12 14 300
3 8 12 7 318
3 8 12 8 26
3 8 12 14 340
3 11 12 7 104
3 11 12 8 66
3 11 12 14 610
3 13 12 7 722
3 13 12 8 428
3 13 12 14 340
3 14 12 7 680
3 14 12 8 400
3 14 12 14 600
3 7 13 6 120
3 7 13 9 872
3 7 13 15 520
3 8 13 6 444
3 8 13 9 654
3 8 13 15 434
3 11 13 6 52
3 11 13 9 1372
3 11 13 15 1144
3 13 13 6 222
3 13 13 9 130
3 13 13 15 818
3 14 13 6 36
3 14 13 9 1366
3 14 13 15 794
3 7 14 5 964
3 7 14 10 1056
3 7 14 12 1286
3 8 14 5 930
3 8 14 10 210
3 8 14 12 980
3 11 14 5 944
3 11 14 10 602
3 11 14 12 1392
3 13 14 5 72
3 13 14 10 668
3 13 14 12 906
3 14 14 5 1222
3 14 14 10 300
3 14 14 12 982
3 7 15 4 186
3 7 15 11 626
3 7 15 13 206
3 8 15 4 666
3 8 15 11 1038
3 8 15 13 714
3 11 15 4 1258
3 11 15 11 192
3 11 15 13 790
3 13 15 4 410
3 13 15 11 796
3 13 15 13 988
3 14 15 4 796
3 14 15 11 1032
3 14 15 13 282
4 6 0 2 426
4 6 0 4 902
4 6 0 11 0
4 9 0 2 248
4 9 0 4 810
4 9 0 11 676
4 10 0 2 1230
4 10 0 4 550
4 10 0 11 378
4 12 0 2 1172
4 12 0 4 394
4 12 0 11 1146
4 15 0 2 164
4 15 0 4 218
4 15 0 11 1476
4 6 1 3 108
4 6 1 5 692
4 6 1 10 1120
4 9 1 3 50
4 9 1 5 1520
4 9 1 10 712
4 10 1 3 1100
4 10 1 5 602
4 10 1 10 124
4 12 1 3 714
4 12 1 5 1274
4 12 1 10 440
4 15 1 3 866
4 15 1 5 1152
4 15 1 10 482
4 6 2 0 360
4 6 2 6 110
4 6 2 9 254
4 9 2 0 150
4 9 2 6 208
4 9 2 9 700
4 10 2 0 308
4 10 2 6 180
4 10 2 9 422
4 12 2 0 418
4 12 2 6 152
4 12 2 9 544
4 15 2 0 486
4 15 2 6 368
4 15 2 9 80
4 6 3 1 366
4 6 3 7 546
4 6 3 8 22
4 9 3 1 92
4 9 3 7 422
4 9 3 8 174
4 10 3 1 820
4 10 3 7 710
4 10 3 8 526
4 12 3 1 662
4 12 3 7 228
4 12 3 8 204
4 15 3 1 1252
4 15 3 7 330
4 15 3 8 112
4 6 4 0 28
4 6 4 6 66
4 6 4 15 954
4 9 4 0 246
4 9 4 6 620
4 9 4 15 798
4 10 4 0 1070
4 10 4 6 544
4 10 4 15 1316
4 12 4 0 320
4 12 4 6 1232
4 12 4 15 922
4 15 4 0 1874
4 15 4 6 900
4 15 4 15 150
4 6 5 1 742
4 6 5 7 8
4 6 5 14 646
4 9 5 1 32
4 9 5 7 202
4 9 5 14 850
4 10 5 1 980
4 10 5 7 256
4 10 5 14 184
4 12 5 1 766
4 12 5 7 392
4 12 5 14 80
4 15 5 1 722
4 15 5 7 184
4 15 5 14 326
4 6 6 2 628
4 6 6 4 4
4 6 6 13 20
4 9 6 2 308
4 9 6 4 1484
4 9 6 13 1262
4 10 6 2 752
4 10 6 4 132
4 10 6 13 658
4 12 6 2 170
4 12 6 4 968
4 12 6 13 1352
4 15 6 2 728
4 15 6 4 504
4 15 6 13 1036
4 6 7 3 558
4 6 7 5 248
4 6 7 12 1382
4 9 7 3 486
4 9 7 5 758
4 9 7 12 476
4 10 7 3 554
4 10 7 5 928
4 10 7 12 556
4 12 7 3 850
4 12 7 5 874
4 12 7 12 940
4 15 7 3 170
4 15 7 5 366
4 15 7 12 634
4 6 8 3 272
4 6 8 10 1362
4 6 8 12 86
4 9 8 3 366
4 9 8 10 720
4 9 8 12 842
4 10 8 3 318
4 10 8 10 324
4 10 8 12 216
4 12 8 3 236
4 12 8 10 582
4 12 8 12 214
4 15 8 3 262
4 15 8 10 818
4 15 8 12 814
4 6 9 2 1320
4 6 9 11 588
4 6 9 13 130
4 9 9 2 150
4 9 9 11 536
4 9 9 13 1702
4 10 9 2 960
4 10 9 11 84
4 10 9 13 664
4 12 9 2 756
4 12 9 11 354
4 12 9 13 548
4 15 9 2 784
4 15 9 11 464
4 15 9 13 1326
4 6 10 1 408
4 6 10 8 56
4 6 10 14 126
4 9 10 1 358
4 9 10 8 690
4 9 10 14 12
4 10 10 1 58
4 10 10 8 1038
4 10 10 14 402
4 12 10 1 1266
4 12 10 8 1172
4 12 10 14 20
4 15 10 1 6
4 15 10 8 184
4 15 10 14 98
4 6 11 0 144
4 6 11 9 22
4 6 11 15 718
4 9 11 0 1100
4 9 11 9 146
4 9 11 15 956
4 10 11 0 272
4 10 11 9 474
4 10 11 15 902
4 12 11 0 268
4 12 11 9 166
4 12 11 15 142
4 15 11 0 704
4 15 11 9 200
4 15 11 15 120
4 6 12 7 410
4 6 12 8 466
4 6 12 14 72
4 9 12 7 138
4 9 12 8 1344
4 9 12 14 720
4 10 12 7 482
4 10 12 8 1762
4 10 12 14 508
4 12 12 7 292
4 12 12 8 756
4 12 12 14 706
4 15 12 7 250
4 15 12 8 22
4 15 12 14 2048
4 6 13 6 1462
4 6 13 9 1256
4 6 13 15 572
4 9 13 6 194
4 9 13 9 278
4 9 13 15 608
4 10 13 6 1006
4 10 13 9 708
4 10 13 15 1676
4 12 13 6 114
4 12 13 9 702
4 12 13 15 1182
4 15 13 6 308
4 15 13 9 502
4 15 13 15 604
4 6 14 5 746
4 6 14 10 448
4 6 14 12 44
4 9 14 5 254
4 9 14 10 634
4 9 14 12 572
4 10 14 5 172
4 10 14 10 498
4 10 14 12 638
4 12 14 5 402
4 12 14 10 414
4 12 14 12 72
4 15 14 5 928
4 15 14 10 1028
4 15 14 12 128
4 6 15 4 140
4 6 15 11 546
4 6 15 13 122
4 9 15 4 582
4 9 15 11 1384
4 9 15 13 1028
4 10 15 4 224
4 10 15 11 978
4 10 15 13 874
4 12 15 4 738
4 12 15 11 1216
4 12 15 13 164
4 15 15 4 314
4 15 15 11 440
4 15 15 13 778
5 7 0 2 286
5 7 0 4 358
5 7 0 11 990
5 8 0 2 1732
5 8 0 4 444
5 8 0 11 1664
5 11 0 2 422
5 11 0 4 96
5 11 0 11 704
5 13 0 2 884
5 13 0 4 202
5 13 0 11 568
5 14 0 2 1054
5 14 0 4 554
5 14 0 11 1256
5 7 1 3 392
5 7 1 5 350
5 7 1 10 406
5 8 1 3 1210
5 8 1 5 898
5 8 1 10 760
5 11 1 3 1068
5 11 1 5 1000
5 11 1 10 606
5 13 1 3 476
5 13 1 5 26
5 13 1 10 114
5 14 1 3 1122
5 14 1 5 1196
5 14 1 10 24
5 7 2 0 1228
5 7 2 6 1068
5 7 2 9 1130
5 8 2 0 1152
5 8 2 6 402
5 8 2 9 184
5 11 2 0 574
5 11 2 6 498
5 11 2 9 296
5 13 2 0 96
5 13 2 6 710
5 13 2 9 610
5 14 2 0 318
5 14 2 6 34
5 14 2 9 916
5 7 3 1 322
5 7 3 7 316
5 7 3 8 1056
5 8 3 1 1120
5 8 3 7 1128
5 8 3 8 1010
5 11 3 1 448
5 11 3 7 100
5 11 3 8 560
5 13 3 1 744
5 13 3 7 250
5 13 3 8 42
5 14 3 1 146
5 14 3 7 360
5 14 3 8 1182
5 7 4 0 1070
5 7 4 6 796
5 7 4 15 78
5 8 4 0 690
5 8 4 6 396
5 8 4 15 1012
5 11 4 0 1424
5 11 4 6 288
5 11 4 15 652
5 13 4 0 290
5 13 4 6 402
5 13 4 15 68
5 14 4 0 798
5 14 4 6 606
5 14 4 15 788
5 7 5 1 820
5 7 5 7 180
5 7 5 14 440
5 8 5 1 174
5 8 5 7 1378
5 8 5 14 162
5 11 5 1 412
5 11 5 7 664
5 11 5 14 52
5 13 5 1 856
5 13 5 7 84
5 13 5 14 978
5 14 5 1 108
5 14 5 7 168
5 14 5 14 2082
5 7 6 2 490
5 7 6 4 998
5 7 6 13 814
5 8 6 2 382
5 8 6 4 250
5 8 6 13 330
5 11 6 2 48
5 11 6 4 904
5 11 6 13 770
5 13 6 2 700
5 13 6 4 116
5 13 6 13 458
5 14 6 2 594
5 14 6 4 684
5 14 6 13 962
5 7 7 3 930
5 7 7 5 662
5 7 7 12 650
5 8 7 3 526
5 8 7 5 358
5 8 7 12 536
5 11 7 3 122
5 11 7 5 8
5 11 7 12 328
5 13 7 3 244
5 13 7 5 1568
5 13 7 12 372
5 14 7 3 62
5 14 7 5 846
5 14 7 12 974
5 7 8 3 968
5 7 8 10 8
5 7 8 12 958
5 8 8 3 48
5 8 8 10 246
5 8 8 12 456
5 11 8 3 858
5 11 8 10 1628
5 11 8 12 52
5 13 8 3 334
5 13 8 10 1124
5 13 8 12 294
5 14 8 3 478
5 14 8 10 336
5 14 8 12 1452
5 7 9 2 798
5 7 9 11 1326
5 7 9 13 988
5 8 9 2 184
5 8 9 11 632
5 8 9 13 328
5 11 9 2 970
5 11 9 11 990
5 11 9 13 812
5 13 9 2 686
5 13 9 11 198
5 13 9 13 800
5 14 9 2 228
5 14 9 11 858
5 14 9 13 264
5 7 10 1 862
5 7 10 8 530
5 7 10 14 1504
5 8 10 1 1380
5 8 10 8 444
5 8 10 14 164
5 11 10 1 500
5 11 10 8 518
5 11 10 14 410
5 13 10 1 122
5 13 10 8 700
5 13 10 14 28
5 14 10 1 1852
5 14 10 8 572
5 14 10 14 194
5 7 11 0 516
5 7 11 9 210
5 7 11 15 278
5 8 11 0 730
5 8 11 9 754
5 8 11 15 128
5 11 11 0 588
5 11 11 9 34
5 11 11 15 942
5 13 11 0 544
5 13 11 9 124
5 13 11 15 306
5 14 11 0 462
5 14 11 9 328
5 14 11 15 568
5 7 12 7 774
5 7 12 8 602
5 7 12 14 750
5 8 12 7 392
5 8 12 8 186
5 8 12 14 440
5 11 12 7 492
5 11 12 8 634
5 11 12 14 1446
5 13 12 7 40
5 13 12 8 180
5 13 12 14 444
5 14 12 7 724
5 14 12 8 1084
5 14 12 14 764
5 7 13 6 528
5 7 13 9 708
5 7 13 15 180
5 8 13 6 728
5 8 13 9 488
5 8 13 15 1196
5 11 13 6 130
5 11 13 9 378
5 11 13 15 4
5 13 13 6 1134
5 13 13 9 1632
5 13 13 15 816
5 14 13 6 1694
5 14 13 9 942
5 14 13 15 1094
5 7 14 5 636
5 7 14 10 2054
5 7 14 12 1158
5 8 14 5 92
5 8 14 10 1226
5 8 14 12 732
5 11 14 5 1014
5 11 14 10 356
5 11 14 12 1014
5 13 14 5 788
5 13 14 10 1022
5 13 14 12 290
5 14 14 5 104
5 14 14 10 480
5 14 14 12 1362
5 7 15 4 478
5 7 15 11 1206
5 7 15 13 674
5 8 15 4 1184
5 8 15 11 380
5 8 15 13 290
5 11 15 4 72
5 11 15 11 180
5 11 15 13 1724
5 13 15 4 514
5 13 15 11 782
5 13 15 13 380
5 14 15 4 252
5 14 15 11 392
5 14 15 13 1484
6 8 0 2 924
6 8 0 4 276
6 8 0 11 86
6 11 0 2 492
6 11 0 4 686
6 11 0 11 1244
6 13 0 2 24
6 13 0 4 396
6 13 0 11 1104
6 14 0 2 244
6 14 0 4 536
6 14 0 11 298
6 8 1 3 776
6 8 1 5 166
6 8 1 10 324
6 11 1 3 156
6 11 1 5 650
6 11 1 10 368
6 13 1 3 216
6 13 1 5 568
6 13 1 10 1016
6 14 1 3 756
6 14 1 5 572
6 14 1 10 1024
6 8 2 0 348
6 8 2 6 440
6 8 2 9 454
6 11 2 0 508
6 11 2 6 138
6 11 2 9 416
6 13 2 0 76
6 13 2 6 296
6 13 2 9 902
6 14 2 0 106
6 14 2 6 482
6 14 2 9 226
6 8 3 1 1268
6 8 3 7 626
6 8 3 8 604
6 11 3 1 144
6 11 3 7 486
6 11 3 8 626
6 13 3 1 946
6 13 3 7 826
6 13 3 8 820
6 14 3 1 690
6 14 3 7 712
6 14 3 8 490
6 8 4 0 192
6 8 4 6 1092
6 8 4 15 196
6 11 4 0 454
6 11 4 6 474
6 11 4 15 562
6 13 4 0 486
6 13 4 6 434
6 13 4 15 482
6 14 4 0 228
6 14 4 6 848
6 14 4 15 222
6 8 5 1 488
6 8 5 7 526
6 8 5 14 1628
6 11 5 1 1778
6 11 5 7 490
6 11 5 14 768
6 13 5 1 490
6 13 5 7 596
6 13 5 14 584
6 14 5 1 388
6 14 5 7 794
6 14 5 14 90
6 8 6 2 316
6 8 6 4 614
6 8 6 13 800
6 11 6 2 376
6 11 6 4 396
6 11 6 13 740
6 13 6 2 166
6 13 6 4 810
6 13 6 13 496
6 14 6 2 312
6 14 6 4 1634
6 14 6 13 768
6 8 7 3 424
6 8 7 5 1072
6 8 7 12 566
6 11 7 3 80
6 11 7 5 1156
6 11 7 12 182
6 13 7 3 222
6 13 7 5 254
6 13 7 12 1042
6 14 7 3 338
6 14 7 5 1396
6 14 7 12 188
6 8 8 3 658
6 8 8 10 1038
6 8 8 12 142
6 11 8 3 1932
6 11 8 10 882
6 11 8 12 240
6 13 8 3 384
6 13 8 10 792
6 13 8 12 570
6 14 8 3 114
6 14 8 10 2172
6 14 8 12 430
6 8 9 2 1252
6 8 9 11 360
6 8 9 13 540
6 11 9 2 1414
6 11 9 11 1038
6 11 9 13 372
6 13 9 2 176
6 13 9 11 196
6 13 9 13 436
6 14 9 2 826
6 14 9 11 232
6 14 9 13 268
6 8 10 1 570
6 8 10 8 132
6 8 10 14 832
6 11 10 1 78
6 11 10 8 306
6 11 10 14 80
6 13 10 1 480
6 13 10 8 522
6 13 10 14 1206
6 14 10 1 1618
6 14 10 8 290
6 14 10 14 110
6 8 11 0 472
6 8 11 9 1198
6 8 11 15 546
6 11 11 0 168
6 11 11 9 730
6 11 11 15 202
6 13 11 0 996
6 13 11 9 1308
6 13 11 15 492
6 14 11 0 946
6 14 11 9 132
6 14 11 15 10
6 8 12 7 290
6 8 12 8 316
6 8 12 14 880
6 11 12 7 220
6 11 12 8 42
6 11 12 14 540
6 13 12 7 648
6 13 12 8 918
6 13 12 14 512
6 14 12 7 482
6 14 12 8 772
6 14 12 14 12
6 8 13 6 1484
6 8 13 9 790
6 8 13 15 374
6 11 13 6 764
6 11 13 9 422
6 11 13 15 138
6 13 13 6 280
6 13 13 9 688
6 13 13 15 854
6 14 13 6 1158
6 14 13 9 320
6 14 13 15 102
6 8 14 5 360
6 8 14 10 260
6 8 14 12 754
6 11 14 5 470
6 11 14 10 1698
6 11 14 12 94
6 13 14 5 668
6 13 14 10 2036
6 13 14 12 796
6 14 14 5 90
6 14 14 10 18
6 14 14 12 620
6 8 15 4 772
6 8 15 11 308
6 8 15 13 598
6 11 15 4 696
6 11 15 11 124
6 11 15 13 978
6 13 15 4 526
6 13 15 11 464
6 13 15 13 700
6 14 15 4 350
6 14 15 11 436
6 14 15 13 146
7 9 0 2 1158
7 9 0 4 1860
7 9 0 11 550
7 10 0 2 1008
7 10 0 4 62
7 10 0 11 970
7 12 0 2 898
7 12 0 4 246
7 12 0 11 298
7 15 0 2 828
7 15 0 4 364
7 15 0 11 74
7 9 1 3 26
7 9 1 5 240
7 9 1 10 1536
7 10 1 3 1484
7 10 1 5 1456
7 10 1 10 562
7 12 1 3 798
7 12 1 5 162
7 12 1 10 1010
7 15 1 3 144
7 15 1 5 42
7 15 1 10 322
7 9 2 0 222
7 9 2 6 950
7 9 2 9 186
7 10 2 0 872
7 10 2 6 292
7 10 2 9 460
7 12 2 0 818
7 12 2 6 1076
7 12 2 9 704
7 15 2 0 660
7 15 2 6 280
7 15 2 9 1038
7 9 3 1 228
7 9 3 7 128
7 9 3 8 524
7 10 3 1 960
7 10 3 7 472
7 10 3 8 386
7 12 3 1 1020
7 12 3 7 774
7 12 3 8 432
7 15 3 1 358
7 15 3 7 692
7 15 3 8 12
7 9 4 0 64
7 9 4 6 826
7 9 4 15 1042
7 10 4 0 1096
7 10 4 6 334
7 10 4 15 1576
7 12 4 0 292
7 12 4 6 272
7 12 4 15 616
7 15 4 0 468
7 15 4 6 144
7 15 4 15 352
7 9 5 1 524
7 9 5 7 790
7 9 5 14 8
7 10 5 1 210
7 10 5 7 22
7 10 5 14 1696
7 12 5 1 512
7 12 5 7 154
7 12 5 14 1354
7 15 5 1 1250
7 15 5 7 402
7 15 5 14 804
7 9 6 2 134
7 9 6 4 842
7 9 6 13 712
7 10 6 2 64
7 10 6 4 158
7 10 6 13 458
7 12 6 2 392
7 12 6 4 502
7 12 6 13 4
7 15 6 2 500
7 15 6 4 1072
7 15 6 13 266
7 9 7 3 166
7 9 7 5 1168
7 9 7 12 600
7 10 7 3 236
7 10 7 5 1214
7 10 7 12 718
7 12 7 3 122
7 12 7 5 508
7 12 7 12 208
7 15 7 3 748
7 15 7 5 54
7 15 7 12 76
7 9 8 3 154
7 9 8 10 148
7 9 8 12 112
7 10 8 3 950
7 10 8 10 560
7 10 8 12 610
7 12 8 3 722
7 12 8 10 120
7 12 8 12 512
7 15 8 3 568
7 15 8 10 16
7 15 8 12 794
7 9 9 2 554
7 9 9 11 2
7 9 9 13 278
7 10 9 2 98
7 10 9 11 558
7 10 9 13 1018
7 12 9 2 32
7 12 9 11 1208
7 12 9 13 788
7 15 9 2 188
7 15 9 11 710
7 15 9 13 996
7 9 10 1 128
7 9 10 8 322
7 9 10 14 250
7 10 10 1 678
7 10 10 8 580
7 10 10 14 546
7 12 10 1 634
7 12 10 8 592
7 12 10 14 660
7 15 10 1 302
7 15 10 8 100
7 15 10 14 346
7 9 11 0 294
7 9 11 9 1826
7 9 11 15 498
7 10 11 0 234
7 10 11 9 374
7 10 11 15 172
7 12 11 0 442
7 12 11 9 1146
7 12 11 15 1716
7 15 11 0 228
7 15 11 9 136
7 15 11 15 96
7 9 12 7 226
7 9 12 8 500
7 9 12 14 510
7 10 12 7 342
7 10 12 8 880
7 10 12 14 484
7 12 12 7 268
7 12 12 8 742
7 12 12 14 300
7 15 12 7 222
7 15 12 8 464
7 15 12 14 60
7 9 13 6 480
7 9 13 9 132
7 9 13 15 718
7 10 13 6 312
7 10 13 9 1036
7 10 13 15 1198
7 12 13 6 8
7 12 13 9 786
7 12 13 15 876
7 15 13 6 1186
7 15 13 9 286
7 15 13 15 400
7 9 14 5 138
7 9 14 10 8
7 9 14 12 698
7 10 14 5 644
7 10 14 10 118
7 10 14 12 168
7 12 14 5 744
7 12 14 10 320
7 12 14 12 344
7 15 14 5 398
7 15 14 10 428
7 15 14 12 164
7 9 15 4 94
7 9 15 11 476
7 9 15 13 1364
7 10 15 4 114
7 10 15 11 372
7 10 15 13 726
7 12 15 4 412
7 12 15 11 522
7 12 15 13 1382
7 15 15 4 152
7 15 15 11 662
7 15 15 13 810
8 10 0 2 1790
8 10 0 4 414
8 10 0 11 436
8 12 0 2 58
8 12 0 4 1874
8 12 0 11 960
8 10 1 3 300
8 10 1 5 410
8 10 1 10 274
8 12 1 3 1440
8 12 1 5 390
8 12 1 10 10
8 10 2 0 478
8 10 2 6 34
8 10 2 9 316
8 12 2 0 826
8 12 2 6 1110
8 12 2 9 412
8 10 3 1 792
8 10 3 7 124
8 10 3 8 562
8 12 3 1 1398
8 12 3 7 230
8 12 3 8 592
8 10 4 0 14
8 10 4 6 672
8 10 4 15 1522
8 12 4 0 966
8 12 4 6 50
8 12 4 15 4
8 10 5 1 216
8 10 5 7 1272
8 10 5 14 102
8 12 5 1 422
8 12 5 7 838
8 12 5 14 86
8 10 6 2 32
8 10 6 4 96
8 10 6 13 448
8 12 6 2 1698
8 12 6 4 348
8 12 6 13 1054
8 10 7 3 360
8 10 7 5 440
8 10 7 12 940
8 12 7 3 270
8 12 7 5 822
8 12 7 12 602
8 10 8 3 1814
8 10 8 10 36
8 10 8 12 1232
8 12 8 3 4
8 12 8 10 508
8 12 8 12 308
8 10 9 2 846
8 10 9 11 464
8 10 9 13 50
8 12 9 2 114
8 12 9 11 548
8 12 9 13 758
8 10 10 1 336
8 10 10 8 722
8 10 10 14 1262
8 12 10 1 374
8 12 10 8 212
8 12 10 14 132
8 10 11 0 162
8 10 11 9 236
8 10 11 15 354
8 12 11 0 662
8 12 11 9 460
8 12 11 15 536
8 10 12 7 518
8 10 12 8 1412
8 10 12 14 740
8 12 12 7 404
8 12 12 8 86
8 12 12 14 22
8 10 13 6 426
8 10 13 9 780
8 10 13 15 86
8 12 13 6 430
8 12 13 9 972
8 12 13 15 46
8 10 14 5 402
8 10 14 10 380
8 10 14 12 260
8 12 14 5 1540
8 12 14 10 516
8 12 14 12 14
8 10 15 4 240
8 10 15 11 394
8 10 15 13 386
8 12 15 4 1076
8 12 15 11 178
8 12 15 13 1142
9 11 0 2 652
9 11 0 4 244
9 11 0 11 786
9 13 0 2 126
9 13 0 4 0
9 13 0 11 462
9 11 1 3 770
9 11 1 5 480
9 11 1 10 108
9 13 1 3 358
9 13 1 5 374
9 13 1 10 276
9 11 2 0 678
9 11 2 6 362
9 11 2 9 716
9 13 2 0 340
9 13 2 6 320
9 13 2 9 696
9 11 3 1 440
9 11 3 7 1178
9 11 3 8 1152
9 13 3 1 490
9 13 3 7 164
9 13 3 8 1710
9 11 4 0 588
9 11 4 6 400
9 11 4 15 622
9 13 4 0 1174
9 13 4 6 480
9 13 4 15 502
9 11 5 1 1256
9 11 5 7 638
9 11 5 14 1398
9 13 5 1 420
9 13 5 7 542
9 13 5 14 1080
9 11 6 2 476
9 11 6 4 1782
9 11 6 13 252
9 13 6 2 800
9 13 6 4 390
9 13 6 13 550
9 11 7 3 576
9 11 7 5 24
9 11 7 12 144
9 13 7 3 298
9 13 7 5 686
9 13 7 12 710
9 11 8 3 854
9 11 8 10 992
9 11 8 12 756
9 13 8 3 78
9 13 8 10 384
9 13 8 12 150
9 11 9 2 1044
9 11 9 11 446
9 11 9 13 200
9 13 9 2 1412
9 13 9 11 282
9 13 9 13 188
9 11 10 1 544
9 11 10 8 656
9 11 10 14 764
9 13 10 1 1602
9 13 10 8 296
9 13 10 14 598
9 11 11 0 612
9 11 11 9 510
9 11 11 15 456
9 13 11 0 366
9 13 11 9 494
9 13 11 15 222
9 11 12 7 342
9 11 12 8 400
9 11 12 14 946
9 13 12 7 964
9 13 12 8 712
9 13 12 14 320
9 11 13 6 208
9 11 13 9 872
9 11 13 15 600
9 13 13 6 146
9 13 13 9 360
9 13 13 15 56
9 11 14 5 152
9 11 14 10 256
9 11 14 12 48
9 13 14 5 102
9 13 14 10 1482
9 13 14 12 360
9 11 15 4 716
9 11 15 11 534
9 11 15 13 318
9 13 15 4 1106
9 13 15 11 1090
9 13 15 13 870
10 14 0 2 46
10 14 0 4 172
10 14 0 11 1326
10 14 1 3 792
10 14 1 5 448
10 14 1 10 350
10 14 2 0 8
10 14 2 6 212
10 14 2 9 344
10 14 3 1 1506
10 14 3 7 190
10 14 3 8 536
10 14 4 0 1104
10 14 4 6 620
10 14 4 15 914
10 14 5 1 682
10 14 5 7 468
10 14 5 14 34
10 14 6 2 668
10 14 6 4 990
10 14 6 13 850
10 14 7 3 1144
10 14 7 5 506
10 14 7 12 712
10 14 8 3 382
10 14 8 10 1124
10 14 8 12 764
10 14 9 2 688
10 14 9 11 1230
10 14 9 13 1204
10 14 10 1 838
10 14 10 8 96
10 14 10 14 258
10 14 11 0 558
10 14 11 9 106
10 14 11 15 310
10 14 12 7 64
10 14 12 8 226
10 14 12 14 424
10 14 13 6 786
10 14 13 9 772
10 14 13 15 948
10 14 14 5 174
10 14 14 10 580
10 14 14 12 478
10 14 15 4 844
10 14 15 11 622
10 14 15 13 1038
11 15 0 2 558
11 15 0 4 276
11 15 0 11 992
11 15 1 3 388
11 15 1 5 1646
11 15 1 10 700
11 15 2 0 82
11 15 2 6 310
11 15 2 9 732
11 15 3 1 680
11 15 3 7 344
11 15 3 8 880
11 15 4 0 788
11 15 4 6 210
11 15 4 15 440
11 15 5 1 1140
11 15 5 7 786
11 15 5 14 460
11 15 6 2 356
11 15 6 4 494
11 15 6 13 1216
11 15 7 3 416
11 15 7 5 390
11 15 7 12 810
11 15 8 3 1710
11 15 8 10 1070
11 15 8 12 192
11 15 9 2 704
11 15 9 11 1196
11 15 9 13 526
11 15 10 1 656
11 15 10 8 528
11 15 10 14 568
11 15 11 0 222
11 15 11 9 210
11 15 11 15 128
11 15 12 7 382
11 15 12 8 722
11 15 12 14 500
11 15 13 6 694
11 15 13 9 614
11 15 13 15 590
11 15 14 5 360
11 15 14 10 38
11 15 14 12 596
11 15 15 4 1014
11 15 15 11 462
11 15 15 13 512
12 14 0 2 200
12 14 0 4 1032
12 14 0 11 936
12 14 1 3 182
12 14 1 5 592
12 14 1 10 1042
12 14 2 0 460
12 14 2 6 1234
12 14 2 9 1144
12 14 3 1 210
12 14 3 7 230
12 14 3 8 454
12 14 4 0 1060
12 14 4 6 742
12 14 4 15 206
12 14 5 1 1316
12 14 5 7 790
12 14 5 14 2600
12 14 6 2 652
12 14 6 4 1240
12 14 6 13 212
12 14 7 3 1370
12 14 7 5 384
12 14 7 12 368
12 14 8 3 1282
12 14 8 10 546
12 14 8 12 366
12 14 9 2 722
12 14 9 11 392
12 14 9 13 564
12 14 10 1 498
12 14 10 8 660
12 14 10 14 750
12 14 11 0 522
12 14 11 9 818
12 14 11 15 202
12 14 12 7 562
12 14 12 8 90
12 14 12 14 550
12 14 13 6 860
12 14 13 9 568
12 14 13 15 778
12 14 14 5 216
12 14 14 10 1240
12 14 14 12 1078
12 14 15 4 248
12 14 15 11 944
12 14 15 13 278
13 15 0 2 9036
13 15 0 4 372
13 15 0 11 578
13 15 1 3 746
13 15 1 5 1580
13 15 1 10 152
13 15 2 0 9976
13 15 2 6 206
13 15 2 9 1548
13 15 3 1 202
13 15 3 7 1218
13 15 3 8 1570
13 15 4 0 386
13 15 4 6 206
13 15 4 15 828
13 15 5 1 446
13 15 5 7 924
13 15 5 14 678
13 15 6 2 528
13 15 6 4 302
13 15 6 13 1280
13 15 7 3 578
13 15 7 5 670
13 15 7 12 90
13 15 8 3 248
13 15 8 10 576
13 15 8 12 912
13 15 9 2 588
13 15 9 11 318
13 15 9 13 118
13 15 10 1 640
13 15 10 8 842
13 15 10 14 586
13 15 11 0 42
13 15 11 9 270
13 15 11 15 958
13 15 12 7 840
13 15 12 8 778
13 15 12 14 1322
13 15 13 6 456
13 15 13 9 250
13 15 13 15 1038
13 15 14 5 326
13 15 14 10 620
13 15 14 12 146
13 15 15 4 486
13 15 15 11 188
13 15 15 13 1230
