# KEY left=0x4b right=0xbe
# GOOD_PAIRS_BEGIN count=8
# GOOD_PAIR 0x3a 0xbe
# GOOD_PAIR 0x3e 0xba
# GOOD_PAIR 0x4a 0xce
# GOOD_PAIR 0x4e 0xca
# GOOD_PAIR 0x32 0xb9
# GOOD_PAIR 0x39 0xb2
# GOOD_PAIR 0x42 0xc9
# GOOD_PAIR 0x49 0xc2
# GOOD_PAIRS_END
0 2 0 2 202
0 2 0 4 780
0 2 0 11 330
0 4 0 2 904
0 4 0 4 1322
0 4 0 11 2358
0 8 0 2 526
0 8 0 4 1460
0 8 0 11 1808
0 11 0 2 384
0 11 0 4 1384
0 11 0 11 136
0 13 0 2 574
0 13 0 4 786
0 13 0 11 32
0 14 0 2 254
0 14 0 4 36
0 14 0 11 120
0 2 1 3 346
0 2 1 5 538
0 2 1 10 1896
0 4 1 3 452
0 4 1 5 42
0 4 1 10 1108
0 8 1 3 198
0 8 1 5 912
0 8 1 10 816
0 11 1 3 850
0 11 1 5 1294
0 11 1 10 414
0 13 1 3 966
0 13 1 5 904
0 13 1 10 320
0 14 1 3 2024
0 14 1 5 90
0 14 1 10 2
0 2 2 0 602
0 2 2 6 38
0 2 2 9 458
0 4 2 0 232
0 4 2 6 4
0 4 2 9 918
0 8 2 0 1252
0 8 2 6 720
0 8 2 9 1064
0 11 2 0 392
0 11 2 6 166
0 11 2 9 288
0 13 2 0 400
0 13 2 6 360
0 13 2 9 302
0 14 2 0 1318
0 14 2 6 716
0 14 2 9 40
0 2 3 1 1044
0 2 3 7 832
0 2 3 8 416
0 4 3 1 898
0 4 3 7 774
0 4 3 8 1026
0 8 3 1 10
0 8 3 7 180
0 8 3 8 1256
0 11 3 1 1428
0 11 3 7 22
0 11 3 8 1312
0 13 3 1 290
0 13 3 7 704
0 13 3 8 186
0 14 3 1 802
0 14 3 7 202
0 14 3 8 110
0 2 4 0 38
0 2 4 6 2180
0 2 4 15 1006
0 4 4 0 384
0 4 4 6 442
0 4 4 15 116
0 8 4 0 144
0 8 4 6 646
0 8 4 15 538
0 11 4 0 798
0 11 4 6 580
0 11 4 15 188
0 13 4 0 918
0 13 4 6 404
0 13 4 15 46
0 14 4 0 78
0 14 4 6 200
0 14 4 15 366
0 2 5 1 678
0 2 5 7 226
0 2 5 14 164
0 4 5 1 220
0 4 5 7 516
0 4 5 14 48
0 8 5 1 160
0 8 5 7 696
0 8 5 14 1650
0 11 5 1 1236
0 11 5 7 122
0 11 5 14 688
0 13 5 1 320
0 13 5 7 906
0 13 5 14 886
0 14 5 1 364
0 14 5 7 290
0 14 5 14 502
0 2 6 2 368
0 2 6 4 462
0 2 6 13 890
0 4 6 2 1638
0 4 6 4 216
0 4 6 13 718
0 8 6 2 1170
0 8 6 4 652
0 8 6 13 596
0 11 6 2 166
0 11 6 4 88
0 11 6 13 362
0 13 6 2 1198
0 13 6 4 152
0 13 6 13 1170
0 14 6 2 462
0 14 6 4 122
0 14 6 13 764
0 2 7 3 470
0 2 7 5 584
0 2 7 12 850
0 4 7 3 888
0 4 7 5 926
0 4 7 12 238
0 8 7 3 1478
0 8 7 5 786
0 8 7 12 1080
0 11 7 3 194
0 11 7 5 632
0 11 7 12 72
0 13 7 3 556
0 13 7 5 914
0 13 7 12 320
0 14 7 3 822
0 14 7 5 554
0 14 7 12 246
0 2 8 3 1054
0 2 8 10 158
0 2 8 12 1062
0 4 8 3 676
0 4 8 10 180
0 4 8 12 522
0 8 8 3 52
0 8 8 10 692
0 8 8 12 328
0 11 8 3 1094
0 11 8 10 4
0 11 8 12 410
0 13 8 3 272
0 13 8 10 350
0 13 8 12 398
0 14 8 3 136
0 14 8 10 484
0 14 8 12 42
0 2 9 2 254
0 2 9 11 474
0 2 9 13 212
0 4 9 2 920
0 4 9 11 354
0 4 9 13 750
0 8 9 2 1320
0 8 9 11 358
0 8 9 13 220
0 11 9 2 662
0 11 9 11 6
0 11 9 13 136
0 13 9 2 1174
0 13 9 11 676
0 13 9 13 300
0 14 9 2 722
0 14 9 11 386
0 14 9 13 856
0 2 10 1 460
0 2 10 8 400
0 2 10 14 706
0 4 10 1 1134
0 4 10 8 772
0 4 10 14 256
0 8 10 1 1286
0 8 10 8 258
0 8 10 14 162
0 11 10 1 258
0 11 10 8 60
0 11 10 14 1206
0 13 10 1 74
0 13 10 8 724
0 13 10 14 974
0 14 10 1 326
0 14 10 8 250
0 14 10 14 572
0 2 11 0 688
0 2 11 9 664
0 2 11 15 44
0 4 11 0 150
0 4 11 9 546
0 4 11 15 1076
0 8 11 0 94
0 8 11 9 184
0 8 11 15 40
0 11 11 0 656
0 11 11 9 450
0 11 11 15 90
0 13 11 0 130
0 13 11 9 244
0 13 11 15 440
0 14 11 0 12
0 14 11 9 1590
0 14 11 15 562
0 2 12 7 86
0 2 12 8 598
0 2 12 14 218
0 4 12 7 308
0 4 12 8 208
0 4 12 14 1126
0 8 12 7 722
0 8 12 8 330
0 8 12 14 1004
0 11 12 7 244
0 11 12 8 178
0 11 12 14 876
0 13 12 7 480
0 13 12 8 320
0 13 12 14 686
0 14 12 7 980
0 14 12 8 368
0 14 12 14 274
0 2 13 6 628
0 2 13 9 174
0 2 13 15 446
0 4 13 6 562
0 4 13 9 812
0 4 13 15 700
0 8 13 6 916
0 8 13 9 538
0 8 13 15 218
0 11 13 6 274
0 11 13 9 406
0 11 13 15 460
0 13 13 6 330
0 13 13 9 744
0 13 13 15 762
0 14 13 6 898
0 14 13 9 306
0 14 13 15 146
0 2 14 5 346
0 2 14 10 174
0 2 14 12 544
0 4 14 5 142
0 4 14 10 772
0 4 14 12 766
0 8 14 5 466
0 8 14 10 1204
0 8 14 12 122
0 11 14 5 396
0 11 14 10 476
0 11 14 12 894
0 13 14 5 1094
0 13 14 10 1646
0 13 14 12 404
0 14 14 5 2174
0 14 14 10 30
0 14 14 12 364
0 2 15 4 264
0 2 15 11 164
0 2 15 13 1346
0 4 15 4 64
0 4 15 11 14
0 4 15 13 108
0 8 15 4 312
0 8 15 11 1076
0 8 15 13 702
0 11 15 4 420
0 11 15 11 508
0 11 15 13 1324
0 13 15 4 346
0 13 15 11 1218
0 13 15 13 1338
0 14 15 4 540
0 14 15 11 1040
0 14 15 13 774
1 3 0 2 1320
1 3 0 4 458
1 3 0 11 326
1 5 0 2 1288
1 5 0 4 352
1 5 0 11 1028
1 9 0 2 432
1 9 0 4 826
1 9 0 11 598
1 10 0 2 496
1 10 0 4 420
1 10 0 11 732
1 12 0 2 860
1 12 0 4 386
1 12 0 11 366
1 15 0 2 524
1 15 0 4 394
1 15 0 11 202
1 3 1 3 72
1 3 1 5 90
1 3 1 10 908
1 5 1 3 318
1 5 1 5 1016
1 5 1 10 824
1 9 1 3 1416
1 9 1 5 852
1 9 1 10 110
1 10 1 3 164
1 10 1 5 378
1 10 1 10 714
1 12 1 3 96
1 12 1 5 368
1 12 1 10 558
1 15 1 3 536
1 15 1 5 174
1 15 1 10 496
1 3 2 0 304
1 3 2 6 258
1 3 2 9 1402
1 5 2 0 58
1 5 2 6 28
1 5 2 9 616
1 9 2 0 28
1 9 2 6 1076
1 9 2 9 352
1 10 2 0 620
1 10 2 6 490
1 10 2 9 412
1 12 2 0 138
1 12 2 6 694
1 12 2 9 358
1 15 2 0 862
1 15 2 6 908
1 15 2 9 778
1 3 3 1 216
1 3 3 7 1038
1 3 3 8 564
1 5 3 1 1214
1 5 3 7 1028
1 5 3 8 420
1 9 3 1 172
1 9 3 7 892
1 9 3 8 1548
1 10 3 1 758
1 10 3 7 754
1 10 3 8 858
1 12 3 1 1422
1 12 3 7 1166
1 12 3 8 12
1 15 3 1 170
1 15 3 7 510
1 15 3 8 2328
1 3 4 0 28
1 3 4 6 324
1 3 4 15 94
1 5 4 0 416
1 5 4 6 948
1 5 4 15 148
1 9 4 0 744
1 9 4 6 570
1 9 4 15 20
1 10 4 0 772
1 10 4 6 1256
1 10 4 15 978
1 12 4 0 1096
1 12 4 6 1218
1 12 4 15 226
1 15 4 0 420
1 15 4 6 1032
1 15 4 15 1556
1 3 5 1 1152
1 3 5 7 716
1 3 5 14 618
1 5 5 1 414
1 5 5 7 626
1 5 5 14 76
1 9 5 1 358
1 9 5 7 438
1 9 5 14 972
1 10 5 1 492
1 10 5 7 734
1 10 5 14 12
1 12 5 1 4
1 12 5 7 812
1 12 5 14 216
1 15 5 1 718
1 15 5 7 186
1 15 5 14 752
1 3 6 2 1388
1 3 6 4 324
1 3 6 13 680
1 5 6 2 1018
1 5 6 4 570
1 5 6 13 806
1 9 6 2 842
1 9 6 4 422
1 9 6 13 740
1 10 6 2 140
1 10 6 4 234
1 10 6 13 576
1 12 6 2 108
1 12 6 4 182
1 12 6 13 514
1 15 6 2 76
1 15 6 4 1476
1 15 6 13 578
1 3 7 3 1298
1 3 7 5 656
1 3 7 12 834
1 5 7 3 264
1 5 7 5 900
1 5 7 12 738
1 9 7 3 790
1 9 7 5 864
1 9 7 12 92
1 10 7 3 196
1 10 7 5 814
1 10 7 12 764
1 12 7 3 390
1 12 7 5 334
1 12 7 12 118
1 15 7 3 64
1 15 7 5 90
1 15 7 12 376
1 3 8 3 806
1 3 8 10 282
1 3 8 12 1580
1 5 8 3 362
1 5 8 10 936
1 5 8 12 290
1 9 8 3 624
1 9 8 10 146
1 9 8 12 298
1 10 8 3 1212
1 10 8 10 726
1 10 8 12 232
1 12 8 3 254
1 12 8 10 280
1 12 8 12 1960
1 15 8 3 1102
1 15 8 10 660
1 15 8 12 664
1 3 9 2 1056
1 3 9 11 1534
1 3 9 13 164
1 5 9 2 396
1 5 9 11 88
1 5 9 13 952
1 9 9 2 914
1 9 9 11 646
1 9 9 13 814
1 10 9 2 388
1 10 9 11 266
1 10 9 13 416
1 12 9 2 1036
1 12 9 11 1488
1 12 9 13 1154
1 15 9 2 462
1 15 9 11 98
1 15 9 13 1198
1 3 10 1 994
1 3 10 8 1004
1 3 10 14 526
1 5 10 1 318
1 5 10 8 240
1 5 10 14 732
1 9 10 1 1266
1 9 10 8 248
1 9 10 14 856
1 10 10 1 122
1 10 10 8 826
1 10 10 14 82
1 12 10 1 1020
1 12 10 8 1230
1 12 10 14 444
1 15 10 1 430
1 15 10 8 1458
1 15 10 14 786
1 3 11 0 1950
1 3 11 9 138
1 3 11 15 90
1 5 11 0 1200
1 5 11 9 54
1 5 11 15 312
1 9 11 0 440
1 9 11 9 1468
1 9 11 15 66
1 10 11 0 1592
1 10 11 9 372
1 10 11 15 118
1 12 11 0 1190
1 12 11 9 1512
1 12 11 15 482
1 15 11 0 242
1 15 11 9 1496
1 15 11 15 180
1 3 12 7 360
1 3 12 8 248
1 3 12 14 1030
1 5 12 7 492
1 5 12 8 1438
1 5 12 14 1148
1 9 12 7 58
1 9 12 8 448
1 9 12 14 732
1 10 12 7 356
1 10 12 8 470
1 10 12 14 120
1 12 12 7 256
1 12 12 8 1116
1 12 12 14 1728
1 15 12 7 52
1 15 12 8 768
1 15 12 14 242
1 3 13 6 154
1 3 13 9 330
1 3 13 15 166
1 5 13 6 600
1 5 13 9 212
1 5 13 15 64
1 9 13 6 876
1 9 13 9 1178
1 9 13 15 262
1 10 13 6 626
1 10 13 9 74
1 10 13 15 1076
1 12 13 6 1198
1 12 13 9 400
1 12 13 15 864
1 15 13 6 812
1 15 13 9 314
1 15 13 15 1140
1 3 14 5 248
1 3 14 10 1240
1 3 14 12 856
1 5 14 5 1124
1 5 14 10 202
1 5 14 12 234
1 9 14 5 1828
1 9 14 10 546
1 9 14 12 1120
1 10 14 5 208
1 10 14 10 320
1 10 14 12 96
1 12 14 5 290
1 12 14 10 292
1 12 14 12 562
1 15 14 5 1116
1 15 14 10 542
1 15 14 12 1020
1 3 15 4 1088
1 3 15 11 920
1 3 15 13 448
1 5 15 4 92
1 5 15 11 1036
1 5 15 13 1144
1 9 15 4 894
1 9 15 11 554
1 9 15 13 1370
1 10 15 4 832
1 10 15 11 284
1 10 15 13 602
1 12 15 4 990
1 12 15 11 76
1 12 15 13 428
1 15 15 4 240
1 15 15 11 734
1 15 15 13 584
2 6 0 2 1194
2 6 0 4 630
2 6 0 11 52
2 9 0 2 412
2 9 0 4 282
2 9 0 11 1338
2 10 0 2 688
2 10 0 4 508
2 10 0 11 156
2 12 0 2 1854
2 12 0 4 686
2 12 0 11 352
2 15 0 2 286
2 15 0 4 552
2 15 0 11 578
2 6 1 3 1380
2 6 1 5 454
2 6 1 10 448
2 9 1 3 1308
2 9 1 5 1582
2 9 1 10 656
2 10 1 3 636
2 10 1 5 204
2 10 1 10 542
2 12 1 3 588
2 12 1 5 76
2 12 1 10 50
2 15 1 3 1030
2 15 1 5 720
2 15 1 10 1296
2 6 2 0 748
2 6 2 6 1354
2 6 2 9 554
2 9 2 0 580
2 9 2 6 238
2 9 2 9 1668
2 10 2 0 60
2 10 2 6 634
2 10 2 9 1924
2 12 2 0 582
2 12 2 6 734
2 12 2 9 16
2 15 2 0 1188
2 15 2 6 966
2 15 2 9 1364
2 6 3 1 994
2 6 3 7 804
2 6 3 8 816
2 9 3 1 480
2 9 3 7 176
2 9 3 8 14
2 10 3 1 236
2 10 3 7 1088
2 10 3 8 796
2 12 3 1 912
2 12 3 7 486
2 12 3 8 392
2 15 3 1 446
2 15 3 7 140
2 15 3 8 44
2 6 4 0 590
2 6 4 6 584
2 6 4 15 684
2 9 4 0 428
2 9 4 6 664
2 9 4 15 390
2 10 4 0 320
2 10 4 6 666
2 10 4 15 158
2 12 4 0 264
2 12 4 6 104
2 12 4 15 278
2 15 4 0 72
2 15 4 6 764
2 15 4 15 728
2 6 5 1 408
2 6 5 7 516
2 6 5 14 928
2 9 5 1 816
2 9 5 7 1262
2 9 5 14 552
2 10 5 1 1562
2 10 5 7 936
2 10 5 14 0
2 12 5 1 362
2 12 5 7 792
2 12 5 14 532
2 15 5 1 1544
2 15 5 7 100
2 15 5 14 286
2 6 6 2 634
2 6 6 4 184
2 6 6 13 650
2 9 6 2 430
2 9 6 4 780
2 9 6 13 766
2 10 6 2 1800
2 10 6 4 934
2 10 6 13 1076
2 12 6 2 1340
2 12 6 4 508
2 12 6 13 582
2 15 6 2 188
2 15 6 4 626
2 15 6 13 772
2 6 7 3 320
2 6 7 5 838
2 6 7 12 948
2 9 7 3 704
2 9 7 5 478
2 9 7 12 916
2 10 7 3 1186
2 10 7 5 666
2 10 7 12 222
2 12 7 3 1376
2 12 7 5 264
2 12 7 12 2
2 15 7 3 388
2 15 7 5 1092
2 15 7 12 254
2 6 8 3 422
2 6 8 10 952
2 6 8 12 502
2 9 8 3 896
2 9 8 10 716
2 9 8 12 572
2 10 8 3 926
2 10 8 10 348
2 10 8 12 930
2 12 8 3 110
2 12 8 10 326
2 12 8 12 1316
2 15 8 3 772
2 15 8 10 222
2 15 8 12 1508
2 6 9 2 370
2 6 9 11 186
2 6 9 13 300
2 9 9 2 1696
2 9 9 11 1216
2 9 9 13 382
2 10 9 2 450
2 10 9 11 318
2 10 9 13 396
2 12 9 2 1354
2 12 9 11 914
2 12 9 13 98
2 15 9 2 378
2 15 9 11 216
2 15 9 13 1526
2 6 10 1 236
2 6 10 8 558
2 6 10 14 80
2 9 10 1 2
2 9 10 8 250
2 9 10 14 198
2 10 10 1 266
2 10 10 8 964
2 10 10 14 686
2 12 10 1 186
2 12 10 8 450
2 12 10 14 656
2 15 10 1 1428
2 15 10 8 450
2 15 10 14 166
2 6 11 0 688
2 6 11 9 664
2 6 11 15 436
2 9 11 0 246
2 9 11 9 494
2 9 11 15 1190
2 10 11 0 860
2 10 11 9 788
2 10 11 15 318
2 12 11 0 346
2 12 11 9 376
2 12 11 15 1060
2 15 11 0 1212
2 15 11 9 844
2 15 11 15 972
2 6 12 7 408
2 6 12 8 778
2 6 12 14 56
2 9 12 7 384
2 9 12 8 1024
2 9 12 14 772
2 10 12 7 1030
2 10 12 8 534
2 10 12 14 1466
2 12 12 7 408
2 12 12 8 292
2 12 12 14 620
2 15 12 7 624
2 15 12 8 750
2 15 12 14 376
2 6 13 6 1416
2 6 13 9 268
2 6 13 15 8
2 9 13 6 608
2 9 13 9 1598
2 9 13 15 218
2 10 13 6 1232
2 10 13 9 210
2 10 13 15 340
2 12 13 6 174
2 12 13 9 998
2 12 13 15 1156
2 15 13 6 1170
2 15 13 9 2
2 15 13 15 1216
2 6 14 5 1458
2 6 14 10 292
2 6 14 12 132
2 9 14 5 30
2 9 14 10 654
2 9 14 12 452
2 10 14 5 26
2 10 14 10 258
2 10 14 12 1362
2 12 14 5 288
2 12 14 10 1018
2 12 14 12 44
2 15 14 5 528
2 15 14 10 544
2 15 14 12 172
2 6 15 4 1004
2 6 15 11 168
2 6 15 13 110
2 9 15 4 568
2 9 15 11 614
2 9 15 13 126
2 10 15 4 202
2 10 15 11 656
2 10 15 13 472
2 12 15 4 280
2 12 15 11 1494
2 12 15 13 44
2 15 15 4 42
2 15 15 11 64
2 15 15 13 818
3 7 0 2 164
3 7 0 4 1574
3 7 0 11 22
3 8 0 2 340
3 8 0 4 370
3 8 0 11 968
3 11 0 2 1618
3 11 0 4 1270
3 11 0 11 360
3 13 0 2 456
3 13 0 4 370
3 13 0 11 6
3 14 0 2 52
3 14 0 4 350
3 14 0 11 348
3 7 1 3 876
3 7 1 5 196
3 7 1 10 86
3 8 1 3 64
3 8 1 5 820
3 8 1 10 904
3 11 1 3 24
3 11 1 5 172
3 11 1 10 188
3 13 1 3 338
3 13 1 5 634
3 13 1 10 230
3 14 1 3 1462
3 14 1 5 252
3 14 1 10 1566
3 7 2 0 1230
3 7 2 6 950
3 7 2 9 846
3 8 2 0 124
3 8 2 6 948
3 8 2 9 206
3 11 2 0 96
3 11 2 6 1242
3 11 2 9 9916
3 13 2 0 826
3 13 2 6 1452
3 13 2 9 320
3 14 2 0 180
3 14 2 6 418
3 14 2 9 600
3 7 3 1 1196
3 7 3 7 756
3 7 3 8 348
3 8 3 1 802
3 8 3 7 1240
3 8 3 8 1332
3 11 3 1 1778
3 11 3 7 414
3 11 3 8 54
3 13 3 1 592
3 13 3 7 550
3 13 3 8 1364
3 14 3 1 324
3 14 3 7 208
3 14 3 8 688
3 7 4 0 70
3 7 4 6 266
3 7 4 15 124
3 8 4 0 158
3 8 4 6 1214
3 8 4 15 112
3 11 4 0 380
3 11 4 6 338
3 11 4 15 798
3 13 4 0 734
3 13 4 6 282
3 13 4 15 420
3 14 4 0 548
3 14 4 6 982
3 14 4 15 792
3 7 5 1 220
3 7 5 7 620
3 7 5 14 60
3 8 5 1 1708
3 8 5 7 654
3 8 5 14 440
3 11 5 1 712
3 11 5 7 106
3 11 5 14 858
3 13 5 1 1218
3 13 5 7 578
3 13 5 14 304
3 14 5 1 440
3 14 5 7 964
3 14 5 14 82
3 7 6 2 10
3 7 6 4 1216
3 7 6 13 78
3 8 6 2 58
3 8 6 4 244
3 8 6 13 152
3 11 6 2 614
3 11 6 4 672
3 11 6 13 848
3 13 6 2 70
3 13 6 4 474
3 13 6 13 154
3 14 6 2 636
3 14 6 4 598
3 14 6 13 230
3 7 7 3 150
3 7 7 5 686
3 7 7 12 776
3 8 7 3 274
3 8 7 5 572
3 8 7 12 708
3 11 7 3 118
3 11 7 5 132
3 11 7 12 1320
3 13 7 3 154
3 13 7 5 134
3 13 7 12 596
3 14 7 3 368
3 14 7 5 170
3 14 7 12 66
3 7 8 3 772
3 7 8 10 704
3 7 8 12 1206
3 8 8 3 726
3 8 8 10 1046
3 8 8 12 988
3 11 8 3 154
3 11 8 10 586
3 11 8 12 580
3 13 8 3 1368
3 13 8 10 48
3 13 8 12 580
3 14 8 3 1476
3 14 8 10 298
3 14 8 12 552
3 7 9 2 498
3 7 9 11 752
3 7 9 13 408
3 8 9 2 122
3 8 9 11 110
3 8 9 13 1430
3 11 9 2 10696
3 11 9 11 616
3 11 9 13 1258
3 13 9 2 52
3 13 9 11 1076
3 13 9 13 1648
3 14 9 2 368
3 14 9 11 652
3 14 9 13 744
3 7 10 1 1082
3 7 10 8 644
3 7 10 14 458
3 8 10 1 626
3 8 10 8 452
3 8 10 14 96
3 11 10 1 754
3 11 10 8 392
3 11 10 14 10124
3 13 10 1 56
3 13 10 8 502
3 13 10 14 616
3 14 10 1 550
3 14 10 8 248
3 14 10 14 404
3 7 11 0 210
3 7 11 9 192
3 7 11 15 738
3 8 11 0 0
3 8 11 9 306
3 8 11 15 1634
3 11 11 0 506
3 11 11 9 34
3 11 11 15 424
3 13 11 0 758
3 13 11 9 66
3 13 11 15 366
3 14 11 0 262
3 14 11 9 6
3 14 11 15 230
3 7 12 7 1602
3 7 12 8 82
3 7 12 14 976
3 8 12 7 312
3 8 12 8 674
3 8 12 14 164
3 11 12 7 4
3 11 12 8 258
3 11 12 14 144
3 13 12 7 1428
3 13 12 8 1378
3 13 12 14 544
3 14 12 7 988
3 14 12 8 546
3 14 12 14 210
3 7 13 6 158
3 7 13 9 564
3 7 13 15 1884
3 8 13 6 1816
3 8 13 9 786
3 8 13 15 348
3 11 13 6 672
3 11 13 9 132
3 11 13 15 712
3 13 13 6 454
3 13 13 9 1226
3 13 13 15 606
3 14 13 6 146
3 14 13 9 460
3 14 13 15 748
3 7 14 5 84
3 7 14 10 954
3 7 14 12 606
3 8 14 5 250
3 8 14 10 880
3 8 14 12 802
3 11 14 5 128
3 11 14 10 9868
3 11 14 12 418
3 13 14 5 416
3 13 14 10 1114
3 13 14 12 340
3 14 14 5 906
3 14 14 10 928
3 14 14 12 662
3 7 15 4 528
3 7 15 11 1062
3 7 15 13 174
3 8 15 4 94
3 8 15 11 392
3 8 15 13 1020
3 11 15 4 116
3 11 15 11 350
3 11 15 13 1462
3 13 15 4 1114
3 13 15 11 642
3 13 15 13 178
3 14 15 4 174
3 14 15 11 1478
3 14 15 13 840
4 6 0 2 388
4 6 0 4 242
4 6 0 11 832
4 9 0 2 816
4 9 0 4 782
4 9 0 11 196
4 10 0 2 446
4 10 0 4 1212
4 10 0 11 800
4 12 0 2 1126
4 12 0 4 586
4 12 0 11 554
4 15 0 2 114
4 15 0 4 66
4 15 0 11 662
4 6 1 3 1672
4 6 1 5 1484
4 6 1 10 1398
4 9 1 3 710
4 9 1 5 116
4 9 1 10 1186
4 10 1 3 104
4 10 1 5 500
4 10 1 10 402
4 12 1 3 826
4 12 1 5 158
4 12 1 10 1442
4 15 1 3 618
4 15 1 5 698
4 15 1 10 256
4 6 2 0 1178
4 6 2 6 16
4 6 2 9 366
4 9 2 0 398
4 9 2 6 224
4 9 2 9 826
4 10 2 0 660
4 10 2 6 450
4 10 2 9 1194
4 12 2 0 236
4 12 2 6 186
4 12 2 9 9090
4 15 2 0 1368
4 15 2 6 916
4 15 2 9 1644
4 6 3 1 114
4 6 3 7 136
4 6 3 8 274
4 9 3 1 612
4 9 3 7 162
4 9 3 8 402
4 10 3 1 20
4 10 3 7 278
4 10 3 8 122
4 12 3 1 424
4 12 3 7 20
4 12 3 8 212
4 15 3 1 752
4 15 3 7 78
4 15 3 8 1064
4 6 4 0 120
4 6 4 6 190
4 6 4 15 170
4 9 4 0 70
4 9 4 6 924
4 9 4 15 994
4 10 4 0 474
4 10 4 6 1392
4 10 4 15 308
4 12 4 0 264
4 12 4 6 586
4 12 4 15 400
4 15 4 0 530
4 15 4 6 166
4 15 4 15 422
4 6 5 1 408
4 6 5 7 98
4 6 5 14 396
4 9 5 1 644
4 9 5 7 1226
4 9 5 14 102
4 10 5 1 1322
4 10 5 7 618
4 10 5 14 348
4 12 5 1 210
4 12 5 7 912
4 12 5 14 860
4 15 5 1 304
4 15 5 7 160
4 15 5 14 112
4 6 6 2 566
4 6 6 4 90
4 6 6 13 256
4 9 6 2 720
4 9 6 4 284
4 9 6 13 308
4 10 6 2 282
4 10 6 4 742
4 10 6 13 446
4 12 6 2 70
4 12 6 4 772
4 12 6 13 320
4 15 6 2 850
4 15 6 4 1672
4 15 6 13 296
4 6 7 3 632
4 6 7 5 1346
4 6 7 12 128
4 9 7 3 256
4 9 7 5 478
4 9 7 12 286
4 10 7 3 386
4 10 7 5 1322
4 10 7 12 540
4 12 7 3 892
4 12 7 5 866
4 12 7 12 456
4 15 7 3 926
4 15 7 5 912
4 15 7 12 552
4 6 8 3 2198
4 6 8 10 724
4 6 8 12 242
4 9 8 3 578
4 9 8 10 112
4 9 8 12 132
4 10 8 3 146
4 10 8 10 318
4 10 8 12 474
4 12 8 3 240
4 12 8 10 454
4 12 8 12 20
4 15 8 3 92
4 15 8 10 488
4 15 8 12 482
4 6 9 2 924
4 6 9 11 16
4 6 9 13 900
4 9 9 2 136
4 9 9 11 784
4 9 9 13 778
4 10 9 2 142
4 10 9 11 146
4 10 9 13 744
4 12 9 2 9822
4 12 9 11 432
4 12 9 13 8
4 15 9 2 398
4 15 9 11 138
4 15 9 13 198
4 6 10 1 936
4 6 10 8 104
4 6 10 14 172
4 9 10 1 118
4 9 10 8 372
4 9 10 14 510
4 10 10 1 1126
4 10 10 8 246
4 10 10 14 4
4 12 10 1 1062
4 12 10 8 416
4 12 10 14 8878
4 15 10 1 838
4 15 10 8 42
4 15 10 14 286
4 6 11 0 178
4 6 11 9 678
4 6 11 15 172
4 9 11 0 126
4 9 11 9 328
4 9 11 15 792
4 10 11 0 642
4 10 11 9 186
4 10 11 15 692
4 12 11 0 92
4 12 11 9 178
4 12 11 15 228
4 15 11 0 106
4 15 11 9 1080
4 15 11 15 92
4 6 12 7 242
4 6 12 8 442
4 6 12 14 64
4 9 12 7 740
4 9 12 8 238
4 9 12 14 1018
4 10 12 7 468
4 10 12 8 226
4 10 12 14 60
4 12 12 7 1378
4 12 12 8 12
4 12 12 14 364
4 15 12 7 272
4 15 12 8 332
4 15 12 14 124
4 6 13 6 56
4 6 13 9 384
4 6 13 15 470
4 9 13 6 874
4 9 13 9 998
4 9 13 15 34
4 10 13 6 406
4 10 13 9 652
4 10 13 15 550
4 12 13 6 1312
4 12 13 9 168
4 12 13 15 230
4 15 13 6 366
4 15 13 9 666
4 15 13 15 112
4 6 14 5 964
4 6 14 10 392
4 6 14 12 852
4 9 14 5 128
4 9 14 10 100
4 9 14 12 356
4 10 14 5 154
4 10 14 10 276
4 10 14 12 44
4 12 14 5 480
4 12 14 10 8930
4 12 14 12 490
4 15 14 5 462
4 15 14 10 992
4 15 14 12 476
4 6 15 4 568
4 6 15 11 1466
4 6 15 13 284
4 9 15 4 94
4 9 15 11 168
4 9 15 13 780
4 10 15 4 1102
4 10 15 11 292
4 10 15 13 780
4 12 15 4 476
4 12 15 11 602
4 12 15 13 494
4 15 15 4 448
4 15 15 11 114
4 15 15 13 758
5 7 0 2 182
5 7 0 4 776
5 7 0 11 336
5 8 0 2 130
5 8 0 4 1178
5 8 0 11 12
5 11 0 2 442
5 11 0 4 1342
5 11 0 11 274
5 13 0 2 178
5 13 0 4 912
5 13 0 11 658
5 14 0 2 506
5 14 0 4 298
5 14 0 11 432
5 7 1 3 316
5 7 1 5 512
5 7 1 10 32
5 8 1 3 264
5 8 1 5 902
5 8 1 10 1718
5 11 1 3 232
5 11 1 5 240
5 11 1 10 666
5 13 1 3 116
5 13 1 5 1090
5 13 1 10 450
5 14 1 3 272
5 14 1 5 576
5 14 1 10 1022
5 7 2 0 86
5 7 2 6 744
5 7 2 9 1274
5 8 2 0 200
5 8 2 6 1022
5 8 2 9 1124
5 11 2 0 388
5 11 2 6 898
5 11 2 9 504
5 13 2 0 2478
5 13 2 6 198
5 13 2 9 480
5 14 2 0 2040
5 14 2 6 412
5 14 2 9 376
5 7 3 1 576
5 7 3 7 564
5 7 3 8 254
5 8 3 1 542
5 8 3 7 24
5 8 3 8 968
5 11 3 1 1230
5 11 3 7 742
5 11 3 8 168
5 13 3 1 146
5 13 3 7 1088
5 13 3 8 908
5 14 3 1 270
5 14 3 7 1228
5 14 3 8 1218
5 7 4 0 588
5 7 4 6 1428
5 7 4 15 24
5 8 4 0 1486
5 8 4 6 710
5 8 4 15 82
5 11 4 0 118
5 11 4 6 184
5 11 4 15 130
5 13 4 0 102
5 13 4 6 542
5 13 4 15 40
5 14 4 0 646
5 14 4 6 764
5 14 4 15 396
5 7 5 1 464
5 7 5 7 2326
5 7 5 14 916
5 8 5 1 58
5 8 5 7 492
5 8 5 14 986
5 11 5 1 288
5 11 5 7 102
5 11 5 14 22
5 13 5 1 48
5 13 5 7 90
5 13 5 14 22
5 14 5 1 1148
5 14 5 7 868
5 14 5 14 394
5 7 6 2 428
5 7 6 4 974
5 7 6 13 672
5 8 6 2 948
5 8 6 4 446
5 8 6 13 482
5 11 6 2 6
5 11 6 4 582
5 11 6 13 22
5 13 6 2 966
5 13 6 4 232
5 13 6 13 1286
5 14 6 2 888
5 14 6 4 1320
5 14 6 13 800
5 7 7 3 320
5 7 7 5 22
5 7 7 12 710
5 8 7 3 670
5 8 7 5 36
5 8 7 12 348
5 11 7 3 1608
5 11 7 5 98
5 11 7 12 412
5 13 7 3 374
5 13 7 5 746
5 13 7 12 474
5 14 7 3 1254
5 14 7 5 802
5 14 7 12 460
5 7 8 3 520
5 7 8 10 942
5 7 8 12 1338
5 8 8 3 236
5 8 8 10 88
5 8 8 12 428
5 11 8 3 1006
5 11 8 10 902
5 11 8 12 184
5 13 8 3 1030
5 13 8 10 1228
5 13 8 12 316
5 14 8 3 1350
5 14 8 10 674
5 14 8 12 524
5 7 9 2 810
5 7 9 11 586
5 7 9 13 1916
5 8 9 2 1552
5 8 9 11 1314
5 8 9 13 1072
5 11 9 2 1290
5 11 9 11 542
5 11 9 13 1224
5 13 9 2 258
5 13 9 11 66
5 13 9 13 522
5 14 9 2 856
5 14 9 11 144
5 14 9 13 666
5 7 10 1 154
5 7 10 8 1212
5 7 10 14 104
5 8 10 1 104
5 8 10 8 172
5 8 10 14 522
5 11 10 1 604
5 11 10 8 510
5 11 10 14 660
5 13 10 1 762
5 13 10 8 254
5 13 10 14 896
5 14 10 1 104
5 14 10 8 70
5 14 10 14 732
5 7 11 0 1630
5 7 11 9 78
5 7 11 15 856
5 8 11 0 724
5 8 11 9 618
5 8 11 15 466
5 11 11 0 600
5 11 11 9 1024
5 11 11 15 410
5 13 11 0 1744
5 13 11 9 344
5 13 11 15 492
5 14 11 0 214
5 14 11 9 852
5 14 11 15 684
5 7 12 7 132
5 7 12 8 314
5 7 12 14 338
5 8 12 7 138
5 8 12 8 208
5 8 12 14 56
5 11 12 7 176
5 11 12 8 302
5 11 12 14 118
5 13 12 7 658
5 13 12 8 340
5 13 12 14 774
5 14 12 7 1552
5 14 12 8 430
5 14 12 14 240
5 7 13 6 90
5 7 13 9 758
5 7 13 15 412
5 8 13 6 1134
5 8 13 9 164
5 8 13 15 1284
5 11 13 6 50
5 11 13 9 436
5 11 13 15 892
5 13 13 6 1458
5 13 13 9 620
5 13 13 15 26
5 14 13 6 452
5 14 13 9 1572
5 14 13 15 1074
5 7 14 5 24
5 7 14 10 1244
5 7 14 12 1154
5 8 14 5 330
5 8 14 10 320
5 8 14 12 388
5 11 14 5 1552
5 11 14 10 274
5 11 14 12 250
5 13 14 5 406
5 13 14 10 96
5 13 14 12 264
5 14 14 5 384
5 14 14 10 148
5 14 14 12 260
5 7 15 4 310
5 7 15 11 492
5 7 15 13 550
5 8 15 4 590
5 8 15 11 46
5 8 15 13 684
5 11 15 4 78
5 11 15 11 162
5 11 15 13 394
5 13 15 4 348
5 13 15 11 148
5 13 15 13 546
5 14 15 4 124
5 14 15 11 654
5 14 15 13 256
6 8 0 2 376
6 8 0 4 168
6 8 0 11 324
6 11 0 2 872
6 11 0 4 202
6 11 0 11 36
6 13 0 2 484
6 13 0 4 304
6 13 0 11 1148
6 14 0 2 358
6 14 0 4 570
6 14 0 11 14
6 8 1 3 484
6 8 1 5 618
6 8 1 10 170
6 11 1 3 510
6 11 1 5 712
6 11 1 10 1340
6 13 1 3 1444
6 13 1 5 1104
6 13 1 10 942
6 14 1 3 920
6 14 1 5 590
6 14 1 10 1408
6 8 2 0 642
6 8 2 6 476
6 8 2 9 888
6 11 2 0 1064
6 11 2 6 990
6 11 2 9 572
6 13 2 0 542
6 13 2 6 250
6 13 2 9 788
6 14 2 0 736
6 14 2 6 1234
6 14 2 9 850
6 8 3 1 216
6 8 3 7 212
6 8 3 8 344
6 11 3 1 210
6 11 3 7 410
6 11 3 8 794
6 13 3 1 2
6 13 3 7 1300
6 13 3 8 784
6 14 3 1 1378
6 14 3 7 540
6 14 3 8 522
6 8 4 0 306
6 8 4 6 570
6 8 4 15 318
6 11 4 0 468
6 11 4 6 474
6 11 4 15 78
6 13 4 0 546
6 13 4 6 24
6 13 4 15 238
6 14 4 0 112
6 14 4 6 1696
6 14 4 15 80
6 8 5 1 378
6 8 5 7 824
6 8 5 14 68
6 11 5 1 492
6 11 5 7 108
6 11 5 14 250
6 13 5 1 544
6 13 5 7 1576
6 13 5 14 40
6 14 5 1 950
6 14 5 7 28
6 14 5 14 284
6 8 6 2 1540
6 8 6 4 904
6 8 6 13 280
6 11 6 2 330
6 11 6 4 402
6 11 6 13 246
6 13 6 2 186
6 13 6 4 864
6 13 6 13 548
6 14 6 2 196
6 14 6 4 254
6 14 6 13 634
6 8 7 3 720
6 8 7 5 432
6 8 7 12 58
6 11 7 3 96
6 11 7 5 390
6 11 7 12 846
6 13 7 3 290
6 13 7 5 2
6 13 7 12 350
6 14 7 3 196
6 14 7 5 324
6 14 7 12 506
6 8 8 3 1228
6 8 8 10 834
6 8 8 12 72
6 11 8 3 120
6 11 8 10 1366
6 11 8 12 274
6 13 8 3 1158
6 13 8 10 386
6 13 8 12 1172
6 14 8 3 20
6 14 8 10 74
6 14 8 12 306
6 8 9 2 666
6 8 9 11 476
6 8 9 13 1130
6 11 9 2 1262
6 11 9 11 366
6 11 9 13 910
6 13 9 2 1296
6 13 9 11 814
6 13 9 13 88
6 14 9 2 44
6 14 9 11 868
6 14 9 13 528
6 8 10 1 104
6 8 10 8 36
6 8 10 14 674
6 11 10 1 1430
6 11 10 8 1184
6 11 10 14 498
6 13 10 1 802
6 13 10 8 42
6 13 10 14 1948
6 14 10 1 692
6 14 10 8 62
6 14 10 14 748
6 8 11 0 834
6 8 11 9 616
6 8 11 15 262
6 11 11 0 410
6 11 11 9 1062
6 11 11 15 1302
6 13 11 0 640
6 13 11 9 774
6 13 11 15 278
6 14 11 0 1528
6 14 11 9 872
6 14 11 15 48
6 8 12 7 276
6 8 12 8 180
6 8 12 14 616
6 11 12 7 322
6 11 12 8 504
6 11 12 14 950
6 13 12 7 100
6 13 12 8 980
6 13 12 14 1246
6 14 12 7 98
6 14 12 8 1100
6 14 12 14 1362
6 8 13 6 1202
6 8 13 9 224
6 8 13 15 172
6 11 13 6 1278
6 11 13 9 1028
6 11 13 15 224
6 13 13 6 864
6 13 13 9 290
6 13 13 15 768
6 14 13 6 874
6 14 13 9 1178
6 14 13 15 320
6 8 14 5 168
6 8 14 10 716
6 8 14 12 198
6 11 14 5 260
6 11 14 10 1774
6 11 14 12 602
6 13 14 5 264
6 13 14 10 1388
6 13 14 12 512
6 14 14 5 732
6 14 14 10 28
6 14 14 12 300
6 8 15 4 122
6 8 15 11 1292
6 8 15 13 396
6 11 15 4 980
6 11 15 11 784
6 11 15 13 1352
6 13 15 4 468
6 13 15 11 422
6 13 15 13 394
6 14 15 4 420
6 14 15 11 602
6 14 15 13 462
7 9 0 2 66
7 9 0 4 16
7 9 0 11 166
7 10 0 2 408
7 10 0 4 856
7 10 0 11 376
7 12 0 2 816
7 12 0 4 1320
7 12 0 11 842
7 15 0 2 96
7 15 0 4 384
7 15 0 11 894
7 9 1 3 58
7 9 1 5 938
7 9 1 10 1058
7 10 1 3 464
7 10 1 5 96
7 10 1 10 746
7 12 1 3 1050
7 12 1 5 334
7 12 1 10 1214
7 15 1 3 1320
7 15 1 5 360
7 15 1 10 1168
7 9 2 0 66
7 9 2 6 188
7 9 2 9 502
7 10 2 0 624
7 10 2 6 958
7 10 2 9 436
7 12 2 0 334
7 12 2 6 72
7 12 2 9 506
7 15 2 0 356
7 15 2 6 1522
7 15 2 9 860
7 9 3 1 280
7 9 3 7 1460
7 9 3 8 422
7 10 3 1 1140
7 10 3 7 154
7 10 3 8 298
7 12 3 1 100
7 12 3 7 590
7 12 3 8 2046
7 15 3 1 1046
7 15 3 7 550
7 15 3 8 732
7 9 4 0 246
7 9 4 6 658
7 9 4 15 548
7 10 4 0 34
7 10 4 6 424
7 10 4 15 1638
7 12 4 0 756
7 12 4 6 506
7 12 4 15 504
7 15 4 0 1438
7 15 4 6 1190
7 15 4 15 360
7 9 5 1 126
7 9 5 7 254
7 9 5 14 396
7 10 5 1 124
7 10 5 7 48
7 10 5 14 54
7 12 5 1 200
7 12 5 7 344
7 12 5 14 700
7 15 5 1 406
7 15 5 7 460
7 15 5 14 1080
7 9 6 2 670
7 9 6 4 644
7 9 6 13 222
7 10 6 2 238
7 10 6 4 1238
7 10 6 13 46
7 12 6 2 840
7 12 6 4 346
7 12 6 13 200
7 15 6 2 1802
7 15 6 4 254
7 15 6 13 268
7 9 7 3 802
7 9 7 5 1728
7 9 7 12 740
7 10 7 3 310
7 10 7 5 962
7 10 7 12 506
7 12 7 3 272
7 12 7 5 912
7 12 7 12 1390
7 15 7 3 1116
7 15 7 5 132
7 15 7 12 152
7 9 8 3 40
7 9 8 10 948
7 9 8 12 118
7 10 8 3 296
7 10 8 10 1402
7 10 8 12 414
7 12 8 3 828
7 12 8 10 410
7 12 8 12 1630
7 15 8 3 286
7 15 8 10 1044
7 15 8 12 110
7 9 9 2 984
7 9 9 11 86
7 9 9 13 618
7 10 9 2 0
7 10 9 11 466
7 10 9 13 212
7 12 9 2 634
7 12 9 11 1282
7 12 9 13 676
7 15 9 2 58
7 15 9 11 96
7 15 9 13 298
7 9 10 1 884
7 9 10 8 122
7 9 10 14 864
7 10 10 1 486
7 10 10 8 686
7 10 10 14 374
7 12 10 1 1046
7 12 10 8 788
7 12 10 14 290
7 15 10 1 94
7 15 10 8 1108
7 15 10 14 564
7 9 11 0 138
7 9 11 9 500
7 9 11 15 76
7 10 11 0 32
7 10 11 9 64
7 10 11 15 164
7 12 11 0 460
7 12 11 9 740
7 12 11 15 264
7 15 11 0 774
7 15 11 9 272
7 15 11 15 1042
7 9 12 7 600
7 9 12 8 110
7 9 12 14 624
7 10 12 7 888
7 10 12 8 440
7 10 12 14 82
7 12 12 7 1190
7 12 12 8 546
7 12 12 14 352
7 15 12 7 66
7 15 12 8 600
7 15 12 14 356
7 9 13 6 1050
7 9 13 9 78
7 9 13 15 534
7 10 13 6 532
7 10 13 9 322
7 10 13 15 310
7 12 13 6 718
7 12 13 9 812
7 12 13 15 70
7 15 13 6 422
7 15 13 9 316
7 15 13 15 66
7 9 14 5 674
7 9 14 10 1176
7 9 14 12 868
7 10 14 5 1134
7 10 14 10 140
7 10 14 12 720
7 12 14 5 266
7 12 14 10 724
7 12 14 12 1658
7 15 14 5 404
7 15 14 10 562
7 15 14 12 570
7 9 15 4 538
7 9 15 11 406
7 9 15 13 1160
7 10 15 4 98
7 10 15 11 794
7 10 15 13 112
7 12 15 4 80
7 12 15 11 128
7 12 15 13 866
7 15 15 4 186
7 15 15 11 312
7 15 15 13 72
8 10 0 2 194
8 10 0 4 790
8 10 0 11 184
8 12 0 2 624
8 12 0 4 204
8 12 0 11 904
8 10 1 3 134
8 10 1 5 1728
8 10 1 10 910
8 12 1 3 1444
8 12 1 5 244
8 12 1 10 528
8 10 2 0 406
8 10 2 6 1426
8 10 2 9 570
8 12 2 0 758
8 12 2 6 176
8 12 2 9 968
8 10 3 1 14
8 10 3 7 220
8 10 3 8 1186
8 12 3 1 550
8 12 3 7 198
8 12 3 8 1006
8 10 4 0 1110
8 10 4 6 200
8 10 4 15 620
8 12 4 0 40
8 12 4 6 80
8 12 4 15 308
8 10 5 1 450
8 10 5 7 156
8 10 5 14 700
8 12 5 1 774
8 12 5 7 310
8 12 5 14 522
8 10 6 2 20
8 10 6 4 182
8 10 6 13 398
8 12 6 2 690
8 12 6 4 1082
8 12 6 13 234
8 10 7 3 644
8 10 7 5 338
8 10 7 12 724
8 12 7 3 54
8 12 7 5 1090
8 12 7 12 426
8 10 8 3 228
8 10 8 10 748
8 10 8 12 356
8 12 8 3 144
8 12 8 10 520
8 12 8 12 1446
8 10 9 2 22
8 10 9 11 338
8 10 9 13 220
8 12 9 2 548
8 12 9 11 90
8 12 9 13 1050
8 10 10 1 278
8 10 10 8 320
8 10 10 14 546
8 12 10 1 38
8 12 10 8 112
8 12 10 14 1116
8 10 11 0 716
8 10 11 9 98
8 10 11 15 180
8 12 11 0 494
8 12 11 9 288
8 12 11 15 198
8 10 12 7 926
8 10 12 8 600
8 10 12 14 1138
8 12 12 7 830
8 12 12 8 88
8 12 12 14 548
8 10 13 6 552
8 10 13 9 226
8 10 13 15 578
8 12 13 6 656
8 12 13 9 232
8 12 13 15 386
8 10 14 5 300
8 10 14 10 186
8 10 14 12 2152
8 12 14 5 196
8 12 14 10 1102
8 12 14 12 310
8 10 15 4 470
8 10 15 11 1790
8 10 15 13 460
8 12 15 4 1332
8 12 15 11 36
8 12 15 13 620
9 11 0 2 4
9 11 0 4 398
9 11 0 11 72
9 13 0 2 322
9 13 0 4 62
9 13 0 11 334
9 11 1 3 300
9 11 1 5 986
9 11 1 10 118
9 13 1 3 372
9 13 1 5 164
9 13 1 10 620
9 11 2 0 1082
9 11 2 6 488
9 11 2 9 468
9 13 2 0 1300
9 13 2 6 72
9 13 2 9 1312
9 11 3 1 326
9 11 3 7 458
9 11 3 8 332
9 13 3 1 838
9 13 3 7 48
9 13 3 8 330
9 11 4 0 1682
9 11 4 6 1378
9 11 4 15 430
9 13 4 0 756
9 13 4 6 132
9 13 4 15 520
9 11 5 1 420
9 11 5 7 548
9 11 5 14 444
9 13 5 1 176
9 13 5 7 922
9 13 5 14 906
9 11 6 2 1922
9 11 6 4 1278
9 11 6 13 686
9 13 6 2 230
9 13 6 4 880
9 13 6 13 240
9 11 7 3 86
9 11 7 5 1344
9 11 7 12 946
9 13 7 3 82
9 13 7 5 1370
9 13 7 12 134
9 11 8 3 654
9 11 8 10 52
9 11 8 12 408
9 13 8 3 408
9 13 8 10 412
9 13 8 12 626
9 11 9 2 42
9 11 9 11 248
9 11 9 13 1142
9 13 9 2 482
9 13 9 11 96
9 13 9 13 292
9 11 10 1 430
9 11 10 8 1386
9 11 10 14 438
9 13 10 1 580
9 13 10 8 350
9 13 10 14 822
9 11 11 0 266
9 11 11 9 700
9 11 11 15 792
9 13 11 0 642
9 13 11 9 456
9 13 11 15 100
9 11 12 7 12
9 11 12 8 820
9 11 12 14 152
9 13 12 7 718
9 13 12 8 1226
9 13 12 14 52
9 11 13 6 36
9 11 13 9 1024
9 11 13 15 2408
9 13 13 6 836
9 13 13 9 18
9 13 13 15 220
9 11 14 5 696
9 11 14 10 382
9 11 14 12 880
9 13 14 5 1058
9 13 14 10 458
9 13 14 12 168
9 11 15 4 48
9 11 15 11 52
9 11 15 13 232
9 13 15 4 24
9 13 15 11 990
9 13 15 13 798
10 14 0 2 586
10 14 0 4 1212
10 14 0 11 202
10 14 1 3 996
10 14 1 5 330
10 14 1 10 2368
10 14 2 0 544
10 14 2 6 32
10 14 2 9 1558
10 14 3 1 238
10 14 3 7 258
10 14 3 8 144
10 14 4 0 368
10 14 4 6 136
10 14 4 15 526
10 14 5 1 48
10 14 5 7 248
10 14 5 14 114
10 14 6 2 544
10 14 6 4 656
10 14 6 13 86
10 14 7 3 538
10 14 7 5 712
10 14 7 12 68
10 14 8 3 348
10 14 8 10 748
10 14 8 12 356
10 14 9 2 234
10 14 9 11 468
10 14 9 13 664
10 14 10 1 46
10 14 10 8 1564
10 14 10 14 616
10 14 11 0 2
10 14 11 9 410
10 14 11 15 244
10 14 12 7 124
10 14 12 8 1042
10 14 12 14 140
10 14 13 6 328
10 14 13 9 258
10 14 13 15 524
10 14 14 5 84
10 14 14 10 256
10 14 14 12 626
10 14 15 4 1060
10 14 15 11 672
10 14 15 13 332
11 15 0 2 576
11 15 0 4 700
11 15 0 11 184
11 15 1 3 574
11 15 1 5 284
11 15 1 10 66
11 15 2 0 818
11 15 2 6 338
11 15 2 9 1154
11 15 3 1 1502
11 15 3 7 348
11 15 3 8 518
11 15 4 0 1014
11 15 4 6 498
11 15 4 15 750
11 15 5 1 1082
11 15 5 7 574
11 15 5 14 276
11 15 6 2 478
11 15 6 4 514
11 15 6 13 404
11 15 7 3 330
11 15 7 5 240
11 15 7 12 898
11 15 8 3 742
11 15 8 10 134
11 15 8 12 210
11 15 9 2 1252
11 15 9 11 1528
11 15 9 13 686
11 15 10 1 196
11 15 10 8 740
11 15 10 14 816
11 15 11 0 350
11 15 11 9 344
11 15 11 15 268
11 15 12 7 1320
11 15 12 8 1910
11 15 12 14 252
11 15 13 6 356
11 15 13 9 1166
11 15 13 15 100
11 15 14 5 446
11 15 14 10 356
11 15 14 12 344
11 15 15 4 1082
11 15 15 11 224
11 15 15 13 570
12 14 0 2 776
12 14 0 4 140
12 14 0 11 582
12 14 1 3 706
12 14 1 5 238
12 14 1 10 128
12 14 2 0 806
12 14 2 6 370
12 14 2 9 282
12 14 3 1 326
12 14 3 7 1372
12 14 3 8 1198
12 14 4 0 290
12 14 4 6 1200
12 14 4 15 508
12 14 5 1 1442
12 14 5 7 192
12 14 5 14 190
12 14 6 2 548
12 14 6 4 272
12 14 6 13 1288
12 14 7 3 776
12 14 7 5 1004
12 14 7 12 96
12 14 8 3 136
12 14 8 10 910
12 14 8 12 226
12 14 9 2 44
12 14 9 11 304
12 14 9 13 214
12 14 10 1 1404
12 14 10 8 1020
12 14 10 14 1268
12 14 11 0 846
12 14 11 9 836
12 14 11 15 14
12 14 12 7 224
12 14 12 8 364
12 14 12 14 770
12 14 13 6 1186
12 14 13 9 88
12 14 13 15 174
12 14 14 5 256
12 14 14 10 894
12 14 14 12 322
12 14 15 4 446
12 14 15 11 914
12 14 15 13 568
13 15 0 2 200
13 15 0 4 1122
13 15 0 11 1120
13 15 1 3 752
13 15 1 5 30
13 15 1 10 122
13 15 2 0 202
13 15 2 6 720
13 15 2 9 1476
13 15 3 1 570
13 15 3 7 1292
13 15 3 8 1170
13 15 4 0 1708
13 15 4 6 200
13 15 4 15 914
13 15 5 1 1342
13 15 5 7 488
13 15 5 14 88
13 15 6 2 450
13 15 6 4 178
13 15 6 13 688
13 15 7 3 72
13 15 7 5 1076
13 15 7 12 464
13 15 8 3 318
13 15 8 10 1030
13 15 8 12 1108
13 15 9 2 22
13 15 9 11 152
13 15 9 13 596
13 15 10 1 548
13 15 10 8 546
13 15 10 14 24
13 15 11 0 386
13 15 11 9 1474
13 15 11 15 604
13 15 12 7 102
13 15 12 8 1200
13 15 12 14 152
13 15 13 6 294
13 15 13 9 2124
13 15 13 15 1024
13 15 14 5 1378
13 15 14 10 348
13 15 14 12 264
13 15 15 4 252
13 15 15 11 1514
13 15 15 13 312
