# KEY left=0x2e right=0x2b
# GOOD_PAIRS_BEGIN count=32
# GOOD_PAIR 0xcb 0xef
# GOOD_PAIR 0xcf 0xeb
# GOOD_PAIR 0xc7 0xec
# GOOD_PAIR 0xcc 0xe7
# GOOD_PAIR 0x3b 0x7f
# GOOD_PAIR 0x3f 0x7b
# GOOD_PAIR 0x37 0x7c
# GOOD_PAIR 0x3c 0x77
# GOOD_PAIR 0x2b 0xaf
# GOOD_PAIR 0x2f 0xab
# GOOD_PAIR 0x5b 0xdf
# GOOD_PAIR 0x5f 0xdb
# GOOD_PAIR 0x27 0xac
# GOOD_PAIR 0x2c 0xa7
# GOOD_PAIR 0x57 0xdc
# GOOD_PAIR 0x5c 0xd7
# GOOD_PAIR 0x0b 0xbf
# GOOD_PAIR 0x0f 0xbb
# GOOD_PAIR 0x07 0xbc
# GOOD_PAIR 0x0c 0xb7
# GOOD_PAIR 0x4b 0x9f
# GOOD_PAIR 0x4f 0x9b
# GOOD_PAIR 0x47 0x9c
# GOOD_PAIR 0x4c 0x97
# GOOD_PAIR 0x1b 0xff
# GOOD_PAIR 0x1f 0xfb
# GOOD_PAIR 0x6b 0x8f
# GOOD_PAIR 0x6f 0x8b
# GOOD_PAIR 0x17 0xfc
# GOOD_PAIR 0x1c 0xf7
# GOOD_PAIR 0x67 0x8c
# GOOD_PAIR 0x6c 0x87
# GOOD_PAIRS_END
0 2 0 2 766
0 2 0 4 300
0 2 0 11 368
0 4 0 2 892
0 4 0 4 336
0 4 0 11 528
0 8 0 2 248
0 8 0 4 342
0 8 0 11 294
0 11 0 2 1180
0 11 0 4 60
0 11 0 11 562
0 13 0 2 684
0 13 0 4 542
0 13 0 11 516
0 14 0 2 1318
0 14 0 4 190
0 14 0 11 466
0 2 1 3 652
0 2 1 5 536
0 2 1 10 330
0 4 1 3 372
0 4 1 5 1236
0 4 1 10 1940
0 8 1 3 244
0 8 1 5 78
0 8 1 10 20
0 11 1 3 4
0 11 1 5 328
0 11 1 10 32
0 13 1 3 754
0 13 1 5 826
0 13 1 10 224
0 14 1 3 844
0 14 1 5 740
0 14 1 10 1076
0 2 2 0 552
0 2 2 6 172
0 2 2 9 850
0 4 2 0 1550
0 4 2 6 620
0 4 2 9 260
0 8 2 0 160
0 8 2 6 866
0 8 2 9 918
0 11 2 0 482
0 11 2 6 1338
0 11 2 9 960
0 13 2 0 246
0 13 2 6 998
0 13 2 9 1194
0 14 2 0 86
0 14 2 6 2952
0 14 2 9 294
0 2 3 1 20
0 2 3 7 738
0 2 3 8 238
0 4 3 1 76
0 4 3 7 778
0 4 3 8 850
0 8 3 1 816
0 8 3 7 264
0 8 3 8 192
0 11 3 1 650
0 11 3 7 986
0 11 3 8 320
0 13 3 1 800
0 13 3 7 1134
0 13 3 8 644
0 14 3 1 158
0 14 3 7 526
0 14 3 8 1070
0 2 4 0 1124
0 2 4 6 286
0 2 4 15 1054
0 4 4 0 648
0 4 4 6 570
0 4 4 15 1052
0 8 4 0 822
0 8 4 6 1054
0 8 4 15 384
0 11 4 0 176
0 11 4 6 270
0 11 4 15 488
0 13 4 0 708
0 13 4 6 1226
0 13 4 15 962
0 14 4 0 134
0 14 4 6 60
0 14 4 15 744
0 2 5 1 650
0 2 5 7 232
0 2 5 14 474
0 4 5 1 326
0 4 5 7 488
0 4 5 14 1008
0 8 5 1 400
0 8 5 7 908
0 8 5 14 234
0 11 5 1 820
0 11 5 7 168
0 11 5 14 260
0 13 5 1 606
0 13 5 7 616
0 13 5 14 116
0 14 5 1 36
0 14 5 7 436
0 14 5 14 650
0 2 6 2 1280
0 2 6 4 448
0 2 6 13 1716
0 4 6 2 404
0 4 6 4 54
0 4 6 13 34
0 8 6 2 598
0 8 6 4 346
0 8 6 13 466
0 11 6 2 1336
0 11 6 4 348
0 11 6 13 156
0 13 6 2 1472
0 13 6 4 746
0 13 6 13 56
0 14 6 2 1114
0 14 6 4 424
0 14 6 13 1404
0 2 7 3 948
0 2 7 5 510
0 2 7 12 476
0 4 7 3 94
0 4 7 5 960
0 4 7 12 1196
0 8 7 3 424
0 8 7 5 1102
0 8 7 12 1624
0 11 7 3 1110
0 11 7 5 846
0 11 7 12 10414
0 13 7 3 684
0 13 7 5 414
0 13 7 12 276
0 14 7 3 340
0 14 7 5 94
0 14 7 12 550
0 2 8 3 932
0 2 8 10 390
0 2 8 12 380
0 4 8 3 208
0 4 8 10 526
0 4 8 12 392
0 8 8 3 708
0 8 8 10 778
0 8 8 12 660
0 11 8 3 6
0 11 8 10 990
0 11 8 12 964
0 13 8 3 650
0 13 8 10 132
0 13 8 12 94
0 14 8 3 546
0 14 8 10 1222
0 14 8 12 776
0 2 9 2 894
0 2 9 11 108
0 2 9 13 652
0 4 9 2 752
0 4 9 11 630
0 4 9 13 1056
0 8 9 2 1302
0 8 9 11 614
0 8 9 13 202
0 11 9 2 1080
0 11 9 11 144
0 11 9 13 406
0 13 9 2 1050
0 13 9 11 1934
0 13 9 13 78
0 14 9 2 392
0 14 9 11 374
0 14 9 13 80
0 2 10 1 150
0 2 10 8 526
0 2 10 14 38
0 4 10 1 936
0 4 10 8 344
0 4 10 14 1526
0 8 10 1 1632
0 8 10 8 476
0 8 10 14 384
0 11 10 1 302
0 11 10 8 810
0 11 10 14 576
0 13 10 1 628
0 13 10 8 904
0 13 10 14 302
0 14 10 1 142
0 14 10 8 42
0 14 10 14 80
0 2 11 0 144
0 2 11 9 882
0 2 11 15 122
0 4 11 0 154
0 4 11 9 402
0 4 11 15 256
0 8 11 0 144
0 8 11 9 168
0 8 11 15 634
0 11 11 0 460
0 11 11 9 1652
0 11 11 15 8604
0 13 11 0 318
0 13 11 9 634
0 13 11 15 348
0 14 11 0 1678
0 14 11 9 568
0 14 11 15 462
0 2 12 7 514
0 2 12 8 656
0 2 12 14 124
0 4 12 7 400
0 4 12 8 710
0 4 12 14 958
0 8 12 7 108
0 8 12 8 838
0 8 12 14 626
0 11 12 7 9444
0 11 12 8 100
0 11 12 14 502
0 13 12 7 98
0 13 12 8 1382
0 13 12 14 412
0 14 12 7 1028
0 14 12 8 340
0 14 12 14 578
0 2 13 6 736
0 2 13 9 298
0 2 13 15 178
0 4 13 6 242
0 4 13 9 256
0 4 13 15 370
0 8 13 6 446
0 8 13 9 288
0 8 13 15 600
0 11 13 6 238
0 11 13 9 136
0 11 13 15 192
0 13 13 6 238
0 13 13 9 354
0 13 13 15 1116
0 14 13 6 274
0 14 13 9 636
0 14 13 15 88
0 2 14 5 172
0 2 14 10 568
0 2 14 12 2094
0 4 14 5 308
0 4 14 10 92
0 4 14 12 158
0 8 14 5 288
0 8 14 10 1046
0 8 14 12 468
0 11 14 5 774
0 11 14 10 302
0 11 14 12 206
0 13 14 5 798
0 13 14 10 994
0 13 14 12 262
0 14 14 5 756
0 14 14 10 314
0 14 14 12 466
0 2 15 4 1348
0 2 15 11 488
0 2 15 13 54
0 4 15 4 294
0 4 15 11 598
0 4 15 13 22
0 8 15 4 702
0 8 15 11 370
0 8 15 13 1178
0 11 15 4 684
0 11 15 11 9358
0 11 15 13 60
0 13 15 4 268
0 13 15 11 60
0 13 15 13 142
0 14 15 4 598
0 14 15 11 306
0 14 15 13 678
1 3 0 2 1134
1 3 0 4 594
1 3 0 11 618
1 5 0 2 316
1 5 0 4 136
1 5 0 11 474
1 9 0 2 916
1 9 0 4 820
1 9 0 11 270
1 10 0 2 1352
1 10 0 4 480
1 10 0 11 244
1 12 0 2 196
1 12 0 4 660
1 12 0 11 86
1 15 0 2 308
1 15 0 4 604
1 15 0 11 346
1 3 1 3 1064
1 3 1 5 670
1 3 1 10 460
1 5 1 3 256
1 5 1 5 694
1 5 1 10 892
1 9 1 3 1056
1 9 1 5 408
1 9 1 10 1308
1 10 1 3 314
1 10 1 5 718
1 10 1 10 212
1 12 1 3 272
1 12 1 5 164
1 12 1 10 298
1 15 1 3 1164
1 15 1 5 142
1 15 1 10 1080
1 3 2 0 174
1 3 2 6 42
1 3 2 9 182
1 5 2 0 986
1 5 2 6 178
1 5 2 9 908
1 9 2 0 626
1 9 2 6 1146
1 9 2 9 648
1 10 2 0 1106
1 10 2 6 194
1 10 2 9 116
1 12 2 0 1958
1 12 2 6 922
1 12 2 9 654
1 15 2 0 150
1 15 2 6 48
1 15 2 9 570
1 3 3 1 364
1 3 3 7 272
1 3 3 8 496
1 5 3 1 286
1 5 3 7 72
1 5 3 8 246
1 9 3 1 212
1 9 3 7 838
1 9 3 8 1018
1 10 3 1 256
1 10 3 7 184
1 10 3 8 44
1 12 3 1 84
1 12 3 7 692
1 12 3 8 602
1 15 3 1 250
1 15 3 7 234
1 15 3 8 150
1 3 4 0 218
1 3 4 6 74
1 3 4 15 114
1 5 4 0 388
1 5 4 6 420
1 5 4 15 444
1 9 4 0 84
1 9 4 6 936
1 9 4 15 642
1 10 4 0 110
1 10 4 6 144
1 10 4 15 808
1 12 4 0 342
1 12 4 6 362
1 12 4 15 1410
1 15 4 0 308
1 15 4 6 124
1 15 4 15 1626
1 3 5 1 74
1 3 5 7 66
1 3 5 14 34
1 5 5 1 192
1 5 5 7 1008
1 5 5 14 224
1 9 5 1 944
1 9 5 7 622
1 9 5 14 232
1 10 5 1 56
1 10 5 7 140
1 10 5 14 254
1 12 5 1 146
1 12 5 7 222
1 12 5 14 1086
1 15 5 1 700
1 15 5 7 2096
1 15 5 14 440
1 3 6 2 772
1 3 6 4 750
1 3 6 13 464
1 5 6 2 366
1 5 6 4 984
1 5 6 13 30
1 9 6 2 912
1 9 6 4 104
1 9 6 13 350
1 10 6 2 780
1 10 6 4 126
1 10 6 13 684
1 12 6 2 1400
1 12 6 4 276
1 12 6 13 26
1 15 6 2 1502
1 15 6 4 684
1 15 6 13 38
1 3 7 3 1192
1 3 7 5 102
1 3 7 12 786
1 5 7 3 622
1 5 7 5 428
1 5 7 12 1216
1 9 7 3 1532
1 9 7 5 548
1 9 7 12 442
1 10 7 3 314
1 10 7 5 136
1 10 7 12 972
1 12 7 3 652
1 12 7 5 1390
1 12 7 12 798
1 15 7 3 98
1 15 7 5 122
1 15 7 12 9472
1 3 8 3 66
1 3 8 10 206
1 3 8 12 92
1 5 8 3 314
1 5 8 10 388
1 5 8 12 1512
1 9 8 3 82
1 9 8 10 960
1 9 8 12 254
1 10 8 3 84
1 10 8 10 194
1 10 8 12 296
1 12 8 3 476
1 12 8 10 1276
1 12 8 12 48
1 15 8 3 188
1 15 8 10 1084
1 15 8 12 30
1 3 9 2 400
1 3 9 11 1016
1 3 9 13 324
1 5 9 2 508
1 5 9 11 1362
1 5 9 13 774
1 9 9 2 896
1 9 9 11 106
1 9 9 13 20
1 10 9 2 182
1 10 9 11 680
1 10 9 13 54
1 12 9 2 250
1 12 9 11 146
1 12 9 13 278
1 15 9 2 722
1 15 9 11 672
1 15 9 13 280
1 3 10 1 266
1 3 10 8 296
1 3 10 14 478
1 5 10 1 670
1 5 10 8 552
1 5 10 14 294
1 9 10 1 1106
1 9 10 8 372
1 9 10 14 478
1 10 10 1 810
1 10 10 8 1060
1 10 10 14 702
1 12 10 1 236
1 12 10 8 340
1 12 10 14 186
1 15 10 1 464
1 15 10 8 300
1 15 10 14 282
1 3 11 0 948
1 3 11 9 152
1 3 11 15 150
1 5 11 0 404
1 5 11 9 1288
1 5 11 15 986
1 9 11 0 158
1 9 11 9 200
1 9 11 15 8
1 10 11 0 444
1 10 11 9 264
1 10 11 15 130
1 12 11 0 420
1 12 11 9 504
1 12 11 15 152
1 15 11 0 692
1 15 11 9 256
1 15 11 15 9372
1 3 12 7 264
1 3 12 8 864
1 3 12 14 112
1 5 12 7 936
1 5 12 8 84
1 5 12 14 342
1 9 12 7 1454
1 9 12 8 1016
1 9 12 14 152
1 10 12 7 68
1 10 12 8 168
1 10 12 14 164
1 12 12 7 344
1 12 12 8 156
1 12 12 14 934
1 15 12 7 9704
1 15 12 8 1012
1 15 12 14 1046
1 3 13 6 214
1 3 13 9 312
1 3 13 15 64
1 5 13 6 512
1 5 13 9 342
1 5 13 15 210
1 9 13 6 146
1 9 13 9 26
1 9 13 15 38
1 10 13 6 690
1 10 13 9 892
1 10 13 15 882
1 12 13 6 864
1 12 13 9 902
1 12 13 15 630
1 15 13 6 48
1 15 13 9 668
1 15 13 15 542
1 3 14 5 400
1 3 14 10 802
1 3 14 12 16
1 5 14 5 976
1 5 14 10 14
1 5 14 12 942
1 9 14 5 1696
1 9 14 10 20
1 9 14 12 444
1 10 14 5 806
1 10 14 10 128
1 10 14 12 946
1 12 14 5 378
1 12 14 10 484
1 12 14 12 46
1 15 14 5 574
1 15 14 10 180
1 15 14 12 184
1 3 15 4 20
1 3 15 11 328
1 3 15 13 1112
1 5 15 4 78
1 5 15 11 84
1 5 15 13 268
1 9 15 4 390
1 9 15 11 34
1 9 15 13 502
1 10 15 4 416
1 10 15 11 448
1 10 15 13 220
1 12 15 4 290
1 12 15 11 186
1 12 15 13 410
1 15 15 4 86
1 15 15 11 10536
1 15 15 13 248
2 6 0 2 740
2 6 0 4 936
2 6 0 11 728
2 9 0 2 30
2 9 0 4 278
2 9 0 11 182
2 10 0 2 328
2 10 0 4 282
2 10 0 11 872
2 12 0 2 158
2 12 0 4 664
2 12 0 11 312
2 15 0 2 644
2 15 0 4 874
2 15 0 11 1026
2 6 1 3 612
2 6 1 5 424
2 6 1 10 130
2 9 1 3 1314
2 9 1 5 440
2 9 1 10 480
2 10 1 3 738
2 10 1 5 732
2 10 1 10 136
2 12 1 3 1382
2 12 1 5 306
2 12 1 10 1816
2 15 1 3 166
2 15 1 5 1392
2 15 1 10 208
2 6 2 0 98
2 6 2 6 904
2 6 2 9 554
2 9 2 0 864
2 9 2 6 434
2 9 2 9 258
2 10 2 0 794
2 10 2 6 284
2 10 2 9 1126
2 12 2 0 424
2 12 2 6 194
2 12 2 9 318
2 15 2 0 278
2 15 2 6 798
2 15 2 9 496
2 6 3 1 346
2 6 3 7 932
2 6 3 8 1032
2 9 3 1 172
2 9 3 7 676
2 9 3 8 48
2 10 3 1 984
2 10 3 7 1342
2 10 3 8 462
2 12 3 1 372
2 12 3 7 782
2 12 3 8 676
2 15 3 1 60
2 15 3 7 622
2 15 3 8 108
2 6 4 0 2
2 6 4 6 1234
2 6 4 15 166
2 9 4 0 996
2 9 4 6 992
2 9 4 15 766
2 10 4 0 1424
2 10 4 6 294
2 10 4 15 710
2 12 4 0 368
2 12 4 6 956
2 12 4 15 478
2 15 4 0 1098
2 15 4 6 986
2 15 4 15 446
2 6 5 1 180
2 6 5 7 576
2 6 5 14 716
2 9 5 1 788
2 9 5 7 674
2 9 5 14 1024
2 10 5 1 616
2 10 5 7 284
2 10 5 14 152
2 12 5 1 226
2 12 5 7 186
2 12 5 14 146
2 15 5 1 392
2 15 5 7 1126
2 15 5 14 1032
2 6 6 2 14
2 6 6 4 742
2 6 6 13 284
2 9 6 2 338
2 9 6 4 408
2 9 6 13 364
2 10 6 2 714
2 10 6 4 1216
2 10 6 13 300
2 12 6 2 110
2 12 6 4 1444
2 12 6 13 980
2 15 6 2 1274
2 15 6 4 900
2 15 6 13 722
2 6 7 3 630
2 6 7 5 1364
2 6 7 12 66
2 9 7 3 548
2 9 7 5 1208
2 9 7 12 24
2 10 7 3 1010
2 10 7 5 772
2 10 7 12 9912
2 12 7 3 1066
2 12 7 5 220
2 12 7 12 610
2 15 7 3 890
2 15 7 5 258
2 15 7 12 1186
2 6 8 3 610
2 6 8 10 990
2 6 8 12 182
2 9 8 3 640
2 9 8 10 590
2 9 8 12 408
2 10 8 3 314
2 10 8 10 466
2 10 8 12 214
2 12 8 3 1034
2 12 8 10 82
2 12 8 12 128
2 15 8 3 1706
2 15 8 10 116
2 15 8 12 168
2 6 9 2 810
2 6 9 11 178
2 6 9 13 430
2 9 9 2 32
2 9 9 11 754
2 9 9 13 476
2 10 9 2 492
2 10 9 11 288
2 10 9 13 254
2 12 9 2 1320
2 12 9 11 152
2 12 9 13 314
2 15 9 2 318
2 15 9 11 674
2 15 9 13 338
2 6 10 1 326
2 6 10 8 956
2 6 10 14 1070
2 9 10 1 564
2 9 10 8 164
2 9 10 14 348
2 10 10 1 1542
2 10 10 8 436
2 10 10 14 354
2 12 10 1 608
2 12 10 8 306
2 12 10 14 1320
2 15 10 1 786
2 15 10 8 642
2 15 10 14 80
2 6 11 0 1366
2 6 11 9 440
2 6 11 15 650
2 9 11 0 268
2 9 11 9 902
2 9 11 15 462
2 10 11 0 182
2 10 11 9 248
2 10 11 15 10908
2 12 11 0 338
2 12 11 9 308
2 12 11 15 686
2 15 11 0 1260
2 15 11 9 370
2 15 11 15 1660
2 6 12 7 1532
2 6 12 8 1014
2 6 12 14 1236
2 9 12 7 300
2 9 12 8 102
2 9 12 14 8
2 10 12 7 10386
2 10 12 8 622
2 10 12 14 656
2 12 12 7 752
2 12 12 8 238
2 12 12 14 108
2 15 12 7 496
2 15 12 8 600
2 15 12 14 300
2 6 13 6 1088
2 6 13 9 2176
2 6 13 15 8
2 9 13 6 962
2 9 13 9 482
2 9 13 15 30
2 10 13 6 22
2 10 13 9 486
2 10 13 15 434
2 12 13 6 618
2 12 13 9 772
2 12 13 15 448
2 15 13 6 670
2 15 13 9 690
2 15 13 15 186
2 6 14 5 256
2 6 14 10 278
2 6 14 12 140
2 9 14 5 368
2 9 14 10 220
2 9 14 12 1440
2 10 14 5 364
2 10 14 10 538
2 10 14 12 658
2 12 14 5 90
2 12 14 10 448
2 12 14 12 764
2 15 14 5 26
2 15 14 10 1042
2 15 14 12 442
2 6 15 4 62
2 6 15 11 524
2 6 15 13 1058
2 9 15 4 812
2 9 15 11 702
2 9 15 13 708
2 10 15 4 1542
2 10 15 11 9158
2 10 15 13 474
2 12 15 4 842
2 12 15 11 532
2 12 15 13 1384
2 15 15 4 646
2 15 15 11 660
2 15 15 13 468
3 7 0 2 2014
3 7 0 4 204
3 7 0 11 30
3 8 0 2 250
3 8 0 4 204
3 8 0 11 1068
3 11 0 2 734
3 11 0 4 374
3 11 0 11 780
3 13 0 2 670
3 13 0 4 1208
3 13 0 11 604
3 14 0 2 204
3 14 0 4 890
3 14 0 11 254
3 7 1 3 478
3 7 1 5 642
3 7 1 10 302
3 8 1 3 554
3 8 1 5 64
3 8 1 10 230
3 11 1 3 1406
3 11 1 5 1398
3 11 1 10 344
3 13 1 3 60
3 13 1 5 960
3 13 1 10 206
3 14 1 3 616
3 14 1 5 1000
3 14 1 10 478
3 7 2 0 594
3 7 2 6 410
3 7 2 9 90
3 8 2 0 684
3 8 2 6 824
3 8 2 9 908
3 11 2 0 622
3 11 2 6 984
3 11 2 9 590
3 13 2 0 172
3 13 2 6 1104
3 13 2 9 200
3 14 2 0 228
3 14 2 6 308
3 14 2 9 134
3 7 3 1 58
3 7 3 7 122
3 7 3 8 832
3 8 3 1 580
3 8 3 7 300
3 8 3 8 714
3 11 3 1 336
3 11 3 7 904
3 11 3 8 34
3 13 3 1 778
3 13 3 7 184
3 13 3 8 718
3 14 3 1 286
3 14 3 7 1208
3 14 3 8 2600
3 7 4 0 284
3 7 4 6 232
3 7 4 15 1686
3 8 4 0 400
3 8 4 6 198
3 8 4 15 200
3 11 4 0 232
3 11 4 6 902
3 11 4 15 406
3 13 4 0 44
3 13 4 6 708
3 13 4 15 212
3 14 4 0 1494
3 14 4 6 122
3 14 4 15 572
3 7 5 1 1954
3 7 5 7 144
3 7 5 14 498
3 8 5 1 1302
3 8 5 7 66
3 8 5 14 394
3 11 5 1 362
3 11 5 7 516
3 11 5 14 92
3 13 5 1 280
3 13 5 7 836
3 13 5 14 1200
3 14 5 1 144
3 14 5 7 1068
3 14 5 14 640
3 7 6 2 940
3 7 6 4 426
3 7 6 13 324
3 8 6 2 316
3 8 6 4 230
3 8 6 13 42
3 11 6 2 822
3 11 6 4 1270
3 11 6 13 6
3 13 6 2 1276
3 13 6 4 324
3 13 6 13 1704
3 14 6 2 166
3 14 6 4 1366
3 14 6 13 1198
3 7 7 3 816
3 7 7 5 1526
3 7 7 12 9372
3 8 7 3 1494
3 8 7 5 264
3 8 7 12 404
3 11 7 3 344
3 11 7 5 526
3 11 7 12 270
3 13 7 3 106
3 13 7 5 380
3 13 7 12 736
3 14 7 3 86
3 14 7 5 834
3 14 7 12 918
3 7 8 3 58
3 7 8 10 1732
3 7 8 12 276
3 8 8 3 456
3 8 8 10 210
3 8 8 12 702
3 11 8 3 552
3 11 8 10 588
3 11 8 12 188
3 13 8 3 34
3 13 8 10 158
3 13 8 12 1268
3 14 8 3 900
3 14 8 10 530
3 14 8 12 248
3 7 9 2 1296
3 7 9 11 924
3 7 9 13 202
3 8 9 2 1792
3 8 9 11 642
3 8 9 13 1132
3 11 9 2 50
3 11 9 11 424
3 11 9 13 272
3 13 9 2 1136
3 13 9 11 1122
3 13 9 13 140
3 14 9 2 754
3 14 9 11 372
3 14 9 13 438
3 7 10 1 70
3 7 10 8 356
3 7 10 14 236
3 8 10 1 1028
3 8 10 8 1822
3 8 10 14 538
3 11 10 1 162
3 11 10 8 826
3 11 10 14 462
3 13 10 1 1278
3 13 10 8 554
3 13 10 14 350
3 14 10 1 782
3 14 10 8 1034
3 14 10 14 1056
3 7 11 0 472
3 7 11 9 356
3 7 11 15 9190
3 8 11 0 130
3 8 11 9 66
3 8 11 15 544
3 11 11 0 216
3 11 11 9 82
3 11 11 15 774
3 13 11 0 10
3 13 11 9 554
3 13 11 15 14
3 14 11 0 1172
3 14 11 9 1096
3 14 11 15 706
3 7 12 7 10406
3 7 12 8 652
3 7 12 14 96
3 8 12 7 928
3 8 12 8 380
3 8 12 14 1136
3 11 12 7 146
3 11 12 8 590
3 11 12 14 270
3 13 12 7 106
3 13 12 8 568
3 13 12 14 140
3 14 12 7 708
3 14 12 8 348
3 14 12 14 1016
3 7 13 6 810
3 7 13 9 580
3 7 13 15 1130
3 8 13 6 646
3 8 13 9 568
3 8 13 15 184
3 11 13 6 1586
3 11 13 9 18
3 11 13 15 434
3 13 13 6 834
3 13 13 9 1468
3 13 13 15 124
3 14 13 6 126
3 14 13 9 888
3 14 13 15 480
3 7 14 5 796
3 7 14 10 782
3 7 14 12 28
3 8 14 5 266
3 8 14 10 700
3 8 14 12 392
3 11 14 5 772
3 11 14 10 2106
3 11 14 12 66
3 13 14 5 112
3 13 14 10 284
3 13 14 12 190
3 14 14 5 14
3 14 14 10 130
3 14 14 12 840
3 7 15 4 166
3 7 15 11 10044
3 7 15 13 936
3 8 15 4 344
3 8 15 11 96
3 8 15 13 664
3 11 15 4 278
3 11 15 11 54
3 11 15 13 16
3 13 15 4 162
3 13 15 11 156
3 13 15 13 564
3 14 15 4 736
3 14 15 11 1266
3 14 15 13 8
4 6 0 2 794
4 6 0 4 1630
4 6 0 11 580
4 9 0 2 1644
4 9 0 4 662
4 9 0 11 4
4 10 0 2 26
4 10 0 4 486
4 10 0 11 366
4 12 0 2 164
4 12 0 4 320
4 12 0 11 824
4 15 0 2 610
4 15 0 4 266
4 15 0 11 28
4 6 1 3 348
4 6 1 5 538
4 6 1 10 162
4 9 1 3 628
4 9 1 5 242
4 9 1 10 1254
4 10 1 3 22
4 10 1 5 354
4 10 1 10 750
4 12 1 3 706
4 12 1 5 1986
4 12 1 10 982
4 15 1 3 544
4 15 1 5 490
4 15 1 10 638
4 6 2 0 102
4 6 2 6 552
4 6 2 9 634
4 9 2 0 710
4 9 2 6 810
4 9 2 9 794
4 10 2 0 1482
4 10 2 6 434
4 10 2 9 122
4 12 2 0 1038
4 12 2 6 494
4 12 2 9 66
4 15 2 0 224
4 15 2 6 616
4 15 2 9 1466
4 6 3 1 1252
4 6 3 7 710
4 6 3 8 134
4 9 3 1 14
4 9 3 7 1914
4 9 3 8 872
4 10 3 1 604
4 10 3 7 162
4 10 3 8 438
4 12 3 1 564
4 12 3 7 1336
4 12 3 8 506
4 15 3 1 118
4 15 3 7 538
4 15 3 8 500
4 6 4 0 736
4 6 4 6 134
4 6 4 15 416
4 9 4 0 192
4 9 4 6 202
4 9 4 15 902
4 10 4 0 446
4 10 4 6 560
4 10 4 15 72
4 12 4 0 214
4 12 4 6 610
4 12 4 15 418
4 15 4 0 416
4 15 4 6 538
4 15 4 15 478
4 6 5 1 1020
4 6 5 7 230
4 6 5 14 354
4 9 5 1 180
4 9 5 7 572
4 9 5 14 56
4 10 5 1 360
4 10 5 7 304
4 10 5 14 434
4 12 5 1 316
4 12 5 7 1058
4 12 5 14 18
4 15 5 1 56
4 15 5 7 1102
4 15 5 14 104
4 6 6 2 760
4 6 6 4 92
4 6 6 13 80
4 9 6 2 270
4 9 6 4 678
4 9 6 13 676
4 10 6 2 1034
4 10 6 4 322
4 10 6 13 204
4 12 6 2 1768
4 12 6 4 56
4 12 6 13 50
4 15 6 2 1888
4 15 6 4 434
4 15 6 13 1218
4 6 7 3 1492
4 6 7 5 218
4 6 7 12 172
4 9 7 3 840
4 9 7 5 736
4 9 7 12 8052
4 10 7 3 114
4 10 7 5 658
4 10 7 12 1476
4 12 7 3 270
4 12 7 5 672
4 12 7 12 186
4 15 7 3 1242
4 15 7 5 1072
4 15 7 12 82
4 6 8 3 1018
4 6 8 10 600
4 6 8 12 124
4 9 8 3 170
4 9 8 10 212
4 9 8 12 1340
4 10 8 3 270
4 10 8 10 290
4 10 8 12 264
4 12 8 3 730
4 12 8 10 298
4 12 8 12 1008
4 15 8 3 378
4 15 8 10 92
4 15 8 12 98
4 6 9 2 1234
4 6 9 11 534
4 6 9 13 188
4 9 9 2 1038
4 9 9 11 380
4 9 9 13 398
4 10 9 2 650
4 10 9 11 220
4 10 9 13 1254
4 12 9 2 788
4 12 9 11 502
4 12 9 13 220
4 15 9 2 626
4 15 9 11 20
4 15 9 13 280
4 6 10 1 46
4 6 10 8 1434
4 6 10 14 304
4 9 10 1 118
4 9 10 8 964
4 9 10 14 714
4 10 10 1 204
4 10 10 8 1186
4 10 10 14 76
4 12 10 1 114
4 12 10 8 350
4 12 10 14 224
4 15 10 1 196
4 15 10 8 886
4 15 10 14 66
4 6 11 0 676
4 6 11 9 1196
4 6 11 15 536
4 9 11 0 354
4 9 11 9 156
4 9 11 15 10234
4 10 11 0 154
4 10 11 9 798
4 10 11 15 208
4 12 11 0 244
4 12 11 9 876
4 12 11 15 100
4 15 11 0 1158
4 15 11 9 1282
4 15 11 15 672
4 6 12 7 2258
4 6 12 8 786
4 6 12 14 1350
4 9 12 7 9548
4 9 12 8 328
4 9 12 14 500
4 10 12 7 312
4 10 12 8 118
4 10 12 14 936
4 12 12 7 658
4 12 12 8 160
4 12 12 14 1004
4 15 12 7 30
4 15 12 8 504
4 15 12 14 544
4 6 13 6 578
4 6 13 9 1248
4 6 13 15 66
4 9 13 6 1838
4 9 13 9 394
4 9 13 15 970
4 10 13 6 488
4 10 13 9 472
4 10 13 15 534
4 12 13 6 226
4 12 13 9 56
4 12 13 15 880
4 15 13 6 424
4 15 13 9 90
4 15 13 15 490
4 6 14 5 1684
4 6 14 10 928
4 6 14 12 372
4 9 14 5 974
4 9 14 10 980
4 9 14 12 624
4 10 14 5 128
4 10 14 10 1182
4 10 14 12 268
4 12 14 5 462
4 12 14 10 644
4 12 14 12 252
4 15 14 5 192
4 15 14 10 1384
4 15 14 12 752
4 6 15 4 886
4 6 15 11 1058
4 6 15 13 1018
4 9 15 4 158
4 9 15 11 9458
4 9 15 13 1214
4 10 15 4 498
4 10 15 11 964
4 10 15 13 298
4 12 15 4 1160
4 12 15 11 602
4 12 15 13 28
4 15 15 4 488
4 15 15 11 22
4 15 15 13 1442
5 7 0 2 396
5 7 0 4 694
5 7 0 11 610
5 8 0 2 1356
5 8 0 4 792
5 8 0 11 986
5 11 0 2 1016
5 11 0 4 690
5 11 0 11 168
5 13 0 2 614
5 13 0 4 550
5 13 0 11 540
5 14 0 2 134
5 14 0 4 164
5 14 0 11 670
5 7 1 3 348
5 7 1 5 596
5 7 1 10 338
5 8 1 3 848
5 8 1 5 346
5 8 1 10 952
5 11 1 3 930
5 11 1 5 6
5 11 1 10 792
5 13 1 3 366
5 13 1 5 784
5 13 1 10 646
5 14 1 3 568
5 14 1 5 450
5 14 1 10 640
5 7 2 0 240
5 7 2 6 734
5 7 2 9 1374
5 8 2 0 8
5 8 2 6 54
5 8 2 9 350
5 11 2 0 68
5 11 2 6 8
5 11 2 9 474
5 13 2 0 1128
5 13 2 6 396
5 13 2 9 1186
5 14 2 0 162
5 14 2 6 756
5 14 2 9 384
5 7 3 1 502
5 7 3 7 1284
5 7 3 8 392
5 8 3 1 378
5 8 3 7 14
5 8 3 8 1048
5 11 3 1 2162
5 11 3 7 1230
5 11 3 8 94
5 13 3 1 946
5 13 3 7 494
5 13 3 8 996
5 14 3 1 1234
5 14 3 7 580
5 14 3 8 540
5 7 4 0 1484
5 7 4 6 210
5 7 4 15 142
5 8 4 0 612
5 8 4 6 682
5 8 4 15 794
5 11 4 0 300
5 11 4 6 1024
5 11 4 15 266
5 13 4 0 958
5 13 4 6 598
5 13 4 15 452
5 14 4 0 1114
5 14 4 6 574
5 14 4 15 64
5 7 5 1 438
5 7 5 7 1568
5 7 5 14 236
5 8 5 1 356
5 8 5 7 676
5 8 5 14 100
5 11 5 1 966
5 11 5 7 1482
5 11 5 14 306
5 13 5 1 672
5 13 5 7 664
5 13 5 14 104
5 14 5 1 162
5 14 5 7 316
5 14 5 14 1774
5 7 6 2 582
5 7 6 4 234
5 7 6 13 362
5 8 6 2 152
5 8 6 4 794
5 8 6 13 682
5 11 6 2 220
5 11 6 4 214
5 11 6 13 22
5 13 6 2 558
5 13 6 4 1560
5 13 6 13 414
5 14 6 2 544
5 14 6 4 102
5 14 6 13 472
5 7 7 3 696
5 7 7 5 90
5 7 7 12 1596
5 8 7 3 630
5 8 7 5 122
5 8 7 12 168
5 11 7 3 534
5 11 7 5 230
5 11 7 12 8
5 13 7 3 404
5 13 7 5 54
5 13 7 12 9496
5 14 7 3 1390
5 14 7 5 462
5 14 7 12 874
5 7 8 3 288
5 7 8 10 462
5 7 8 12 52
5 8 8 3 816
5 8 8 10 864
5 8 8 12 166
5 11 8 3 606
5 11 8 10 812
5 11 8 12 1100
5 13 8 3 80
5 13 8 10 332
5 13 8 12 442
5 14 8 3 102
5 14 8 10 1128
5 14 8 12 6
5 7 9 2 330
5 7 9 11 548
5 7 9 13 1300
5 8 9 2 1804
5 8 9 11 36
5 8 9 13 366
5 11 9 2 596
5 11 9 11 566
5 11 9 13 1166
5 13 9 2 316
5 13 9 11 1168
5 13 9 13 622
5 14 9 2 1048
5 14 9 11 886
5 14 9 13 578
5 7 10 1 616
5 7 10 8 204
5 7 10 14 1314
5 8 10 1 768
5 8 10 8 1120
5 8 10 14 142
5 11 10 1 634
5 11 10 8 1064
5 11 10 14 1670
5 13 10 1 258
5 13 10 8 1472
5 13 10 14 362
5 14 10 1 402
5 14 10 8 1144
5 14 10 14 976
5 7 11 0 802
5 7 11 9 828
5 7 11 15 276
5 8 11 0 508
5 8 11 9 340
5 8 11 15 184
5 11 11 0 932
5 11 11 9 196
5 11 11 15 96
5 13 11 0 510
5 13 11 9 1164
5 13 11 15 10166
5 14 11 0 856
5 14 11 9 108
5 14 11 15 424
5 7 12 7 190
5 7 12 8 294
5 7 12 14 82
5 8 12 7 118
5 8 12 8 646
5 8 12 14 578
5 11 12 7 146
5 11 12 8 992
5 11 12 14 1116
5 13 12 7 10680
5 13 12 8 76
5 13 12 14 490
5 14 12 7 42
5 14 12 8 136
5 14 12 14 336
5 7 13 6 0
5 7 13 9 1490
5 7 13 15 182
5 8 13 6 696
5 8 13 9 154
5 8 13 15 1204
5 11 13 6 268
5 11 13 9 1458
5 11 13 15 556
5 13 13 6 702
5 13 13 9 998
5 13 13 15 744
5 14 13 6 14
5 14 13 9 60
5 14 13 15 500
5 7 14 5 902
5 7 14 10 886
5 7 14 12 706
5 8 14 5 1052
5 8 14 10 802
5 8 14 12 1302
5 11 14 5 308
5 11 14 10 480
5 11 14 12 596
5 13 14 5 312
5 13 14 10 374
5 13 14 12 218
5 14 14 5 272
5 14 14 10 824
5 14 14 12 76
5 7 15 4 134
5 7 15 11 8
5 7 15 13 34
5 8 15 4 334
5 8 15 11 322
5 8 15 13 388
5 11 15 4 270
5 11 15 11 652
5 11 15 13 604
5 13 15 4 768
5 13 15 11 10116
5 13 15 13 184
5 14 15 4 152
5 14 15 11 80
5 14 15 13 180
6 8 0 2 150
6 8 0 4 216
6 8 0 11 524
6 11 0 2 92
6 11 0 4 172
6 11 0 11 220
6 13 0 2 408
6 13 0 4 170
6 13 0 11 868
6 14 0 2 400
6 14 0 4 854
6 14 0 11 702
6 8 1 3 178
6 8 1 5 948
6 8 1 10 792
6 11 1 3 1280
6 11 1 5 162
6 11 1 10 638
6 13 1 3 118
6 13 1 5 30
6 13 1 10 8
6 14 1 3 702
6 14 1 5 426
6 14 1 10 670
6 8 2 0 280
6 8 2 6 180
6 8 2 9 118
6 11 2 0 124
6 11 2 6 1004
6 11 2 9 452
6 13 2 0 1088
6 13 2 6 26
6 13 2 9 896
6 14 2 0 1002
6 14 2 6 1098
6 14 2 9 986
6 8 3 1 698
6 8 3 7 114
6 8 3 8 184
6 11 3 1 26
6 11 3 7 228
6 11 3 8 532
6 13 3 1 268
6 13 3 7 146
6 13 3 8 452
6 14 3 1 894
6 14 3 7 502
6 14 3 8 1582
6 8 4 0 722
6 8 4 6 620
6 8 4 15 1576
6 11 4 0 1076
6 11 4 6 322
6 11 4 15 766
6 13 4 0 1778
6 13 4 6 266
6 13 4 15 242
6 14 4 0 502
6 14 4 6 406
6 14 4 15 634
6 8 5 1 44
6 8 5 7 490
6 8 5 14 146
6 11 5 1 628
6 11 5 7 242
6 11 5 14 84
6 13 5 1 1796
6 13 5 7 902
6 13 5 14 722
6 14 5 1 2014
6 14 5 7 488
6 14 5 14 386
6 8 6 2 172
6 8 6 4 664
6 8 6 13 702
6 11 6 2 1678
6 11 6 4 694
6 11 6 13 696
6 13 6 2 1430
6 13 6 4 632
6 13 6 13 1164
6 14 6 2 56
6 14 6 4 1016
6 14 6 13 330
6 8 7 3 930
6 8 7 5 462
6 8 7 12 11080
6 11 7 3 228
6 11 7 5 1668
6 11 7 12 890
6 13 7 3 106
6 13 7 5 562
6 13 7 12 624
6 14 7 3 1638
6 14 7 5 764
6 14 7 12 240
6 8 8 3 1322
6 8 8 10 890
6 8 8 12 892
6 11 8 3 712
6 11 8 10 214
6 11 8 12 836
6 13 8 3 474
6 13 8 10 136
6 13 8 12 1156
6 14 8 3 2
6 14 8 10 182
6 14 8 12 264
6 8 9 2 938
6 8 9 11 368
6 8 9 13 722
6 11 9 2 18
6 11 9 11 544
6 11 9 13 152
6 13 9 2 178
6 13 9 11 374
6 13 9 13 272
6 14 9 2 704
6 14 9 11 140
6 14 9 13 1126
6 8 10 1 604
6 8 10 8 1208
6 8 10 14 282
6 11 10 1 266
6 11 10 8 54
6 11 10 14 530
6 13 10 1 56
6 13 10 8 186
6 13 10 14 296
6 14 10 1 86
6 14 10 8 1430
6 14 10 14 384
6 8 11 0 72
6 8 11 9 280
6 8 11 15 9484
6 11 11 0 768
6 11 11 9 598
6 11 11 15 1466
6 13 11 0 966
6 13 11 9 308
6 13 11 15 1116
6 14 11 0 58
6 14 11 9 1178
6 14 11 15 704
6 8 12 7 10116
6 8 12 8 438
6 8 12 14 790
6 11 12 7 676
6 11 12 8 1190
6 11 12 14 110
6 13 12 7 630
6 13 12 8 972
6 13 12 14 744
6 14 12 7 940
6 14 12 8 196
6 14 12 14 266
6 8 13 6 1360
6 8 13 9 466
6 8 13 15 694
6 11 13 6 90
6 11 13 9 1048
6 11 13 15 1412
6 13 13 6 538
6 13 13 9 72
6 13 13 15 312
6 14 13 6 262
6 14 13 9 1032
6 14 13 15 1336
6 8 14 5 1118
6 8 14 10 600
6 8 14 12 1146
6 11 14 5 684
6 11 14 10 124
6 11 14 12 552
6 13 14 5 550
6 13 14 10 102
6 13 14 12 256
6 14 14 5 404
6 14 14 10 876
6 14 14 12 404
6 8 15 4 356
6 8 15 11 10190
6 8 15 13 1022
6 11 15 4 652
6 11 15 11 932
6 11 15 13 874
6 13 15 4 198
6 13 15 11 1222
6 13 15 13 886
6 14 15 4 2
6 14 15 11 388
6 14 15 13 100
7 9 0 2 1542
7 9 0 4 290
7 9 0 11 254
7 10 0 2 734
7 10 0 4 436
7 10 0 11 1346
7 12 0 2 296
7 12 0 4 2
7 12 0 11 620
7 15 0 2 124
7 15 0 4 784
7 15 0 11 120
7 9 1 3 18
7 9 1 5 532
7 9 1 10 942
7 10 1 3 1490
7 10 1 5 778
7 10 1 10 164
7 12 1 3 234
7 12 1 5 628
7 12 1 10 380
7 15 1 3 1318
7 15 1 5 808
7 15 1 10 378
7 9 2 0 410
7 9 2 6 1252
7 9 2 9 606
7 10 2 0 54
7 10 2 6 196
7 10 2 9 98
7 12 2 0 1344
7 12 2 6 332
7 12 2 9 620
7 15 2 0 1608
7 15 2 6 664
7 15 2 9 532
7 9 3 1 428
7 9 3 7 1362
7 9 3 8 664
7 10 3 1 726
7 10 3 7 960
7 10 3 8 388
7 12 3 1 828
7 12 3 7 440
7 12 3 8 242
7 15 3 1 722
7 15 3 7 294
7 15 3 8 904
7 9 4 0 918
7 9 4 6 484
7 9 4 15 682
7 10 4 0 634
7 10 4 6 160
7 10 4 15 740
7 12 4 0 934
7 12 4 6 1686
7 12 4 15 458
7 15 4 0 1362
7 15 4 6 582
7 15 4 15 520
7 9 5 1 330
7 9 5 7 596
7 9 5 14 424
7 10 5 1 748
7 10 5 7 118
7 10 5 14 1308
7 12 5 1 1032
7 12 5 7 474
7 12 5 14 658
7 15 5 1 586
7 15 5 7 240
7 15 5 14 760
7 9 6 2 26
7 9 6 4 440
7 9 6 13 236
7 10 6 2 558
7 10 6 4 402
7 10 6 13 468
7 12 6 2 388
7 12 6 4 484
7 12 6 13 244
7 15 6 2 124
7 15 6 4 1302
7 15 6 13 1492
7 9 7 3 690
7 9 7 5 2110
7 9 7 12 502
7 10 7 3 534
7 10 7 5 468
7 10 7 12 466
7 12 7 3 412
7 12 7 5 478
7 12 7 12 966
7 15 7 3 1018
7 15 7 5 146
7 15 7 12 322
7 9 8 3 474
7 9 8 10 322
7 9 8 12 164
7 10 8 3 6
7 10 8 10 454
7 10 8 12 548
7 12 8 3 872
7 12 8 10 272
7 12 8 12 158
7 15 8 3 994
7 15 8 10 846
7 15 8 12 318
7 9 9 2 1034
7 9 9 11 334
7 9 9 13 6
7 10 9 2 548
7 10 9 11 1698
7 10 9 13 682
7 12 9 2 1046
7 12 9 11 1366
7 12 9 13 336
7 15 9 2 614
7 15 9 11 768
7 15 9 13 1124
7 9 10 1 780
7 9 10 8 520
7 9 10 14 1064
7 10 10 1 2038
7 10 10 8 732
7 10 10 14 1032
7 12 10 1 634
7 12 10 8 488
7 12 10 14 464
7 15 10 1 488
7 15 10 8 412
7 15 10 14 754
7 9 11 0 1466
7 9 11 9 1126
7 9 11 15 1074
7 10 11 0 288
7 10 11 9 164
7 10 11 15 696
7 12 11 0 752
7 12 11 9 198
7 12 11 15 540
7 15 11 0 26
7 15 11 9 930
7 15 11 15 116
7 9 12 7 440
7 9 12 8 564
7 9 12 14 1312
7 10 12 7 878
7 10 12 8 456
7 10 12 14 614
7 12 12 7 88
7 12 12 8 1012
7 12 12 14 276
7 15 12 7 584
7 15 12 8 600
7 15 12 14 16
7 9 13 6 1622
7 9 13 9 464
7 9 13 15 464
7 10 13 6 396
7 10 13 9 220
7 10 13 15 1182
7 12 13 6 952
7 12 13 9 1482
7 12 13 15 1426
7 15 13 6 276
7 15 13 9 1376
7 15 13 15 346
7 9 14 5 784
7 9 14 10 216
7 9 14 12 28
7 10 14 5 254
7 10 14 10 246
7 10 14 12 656
7 12 14 5 874
7 12 14 10 484
7 12 14 12 392
7 15 14 5 650
7 15 14 10 380
7 15 14 12 482
7 9 15 4 1350
7 9 15 11 1060
7 9 15 13 304
7 10 15 4 522
7 10 15 11 22
7 10 15 13 306
7 12 15 4 490
7 12 15 11 2134
7 12 15 13 1740
7 15 15 4 930
7 15 15 11 138
7 15 15 13 108
8 10 0 2 772
8 10 0 4 142
8 10 0 11 30
8 12 0 2 204
8 12 0 4 734
8 12 0 11 1052
8 10 1 3 116
8 10 1 5 422
8 10 1 10 598
8 12 1 3 342
8 12 1 5 248
8 12 1 10 830
8 10 2 0 470
8 10 2 6 528
8 10 2 9 842
8 12 2 0 570
8 12 2 6 88
8 12 2 9 334
8 10 3 1 566
8 10 3 7 32
8 10 3 8 1418
8 12 3 1 486
8 12 3 7 876
8 12 3 8 404
8 10 4 0 100
8 10 4 6 1876
8 10 4 15 44
8 12 4 0 324
8 12 4 6 952
8 12 4 15 610
8 10 5 1 480
8 10 5 7 6
8 10 5 14 850
8 12 5 1 38
8 12 5 7 388
8 12 5 14 94
8 10 6 2 310
8 10 6 4 156
8 10 6 13 276
8 12 6 2 402
8 12 6 4 500
8 12 6 13 512
8 10 7 3 122
8 10 7 5 458
8 10 7 12 412
8 12 7 3 1878
8 12 7 5 102
8 12 7 12 1222
8 10 8 3 694
8 10 8 10 408
8 10 8 12 184
8 12 8 3 198
8 12 8 10 786
8 12 8 12 1118
8 10 9 2 498
8 10 9 11 56
8 10 9 13 136
8 12 9 2 842
8 12 9 11 660
8 12 9 13 1084
8 10 10 1 396
8 10 10 8 956
8 10 10 14 1428
8 12 10 1 708
8 12 10 8 478
8 12 10 14 752
8 10 11 0 1244
8 10 11 9 658
8 10 11 15 650
8 12 11 0 868
8 12 11 9 68
8 12 11 15 642
8 10 12 7 906
8 10 12 8 992
8 10 12 14 178
8 12 12 7 484
8 12 12 8 568
8 12 12 14 1120
8 10 13 6 1364
8 10 13 9 1454
8 10 13 15 484
8 12 13 6 252
8 12 13 9 282
8 12 13 15 112
8 10 14 5 614
8 10 14 10 1498
8 10 14 12 994
8 12 14 5 374
8 12 14 10 150
8 12 14 12 80
8 10 15 4 464
8 10 15 11 236
8 10 15 13 964
8 12 15 4 312
8 12 15 11 220
8 12 15 13 438
9 11 0 2 594
9 11 0 4 122
9 11 0 11 2622
9 13 0 2 436
9 13 0 4 10
9 13 0 11 674
9 11 1 3 940
9 11 1 5 834
9 11 1 10 16
9 13 1 3 26
9 13 1 5 140
9 13 1 10 424
9 11 2 0 394
9 11 2 6 60
9 11 2 9 36
9 13 2 0 474
9 13 2 6 1418
9 13 2 9 930
9 11 3 1 1756
9 11 3 7 170
9 11 3 8 356
9 13 3 1 1318
9 13 3 7 192
9 13 3 8 880
9 11 4 0 1018
9 11 4 6 892
9 11 4 15 26
9 13 4 0 168
9 13 4 6 406
9 13 4 15 2
9 11 5 1 322
9 11 5 7 302
9 11 5 14 1170
9 13 5 1 304
9 13 5 7 130
9 13 5 14 136
9 11 6 2 168
9 11 6 4 620
9 11 6 13 116
9 13 6 2 308
9 13 6 4 756
9 13 6 13 610
9 11 7 3 1196
9 11 7 5 706
9 11 7 12 1164
9 13 7 3 432
9 13 7 5 732
9 13 7 12 738
9 11 8 3 768
9 11 8 10 772
9 11 8 12 546
9 13 8 3 2
9 13 8 10 332
9 13 8 12 264
9 11 9 2 252
9 11 9 11 648
9 11 9 13 72
9 13 9 2 444
9 13 9 11 114
9 13 9 13 548
9 11 10 1 416
9 11 10 8 562
9 11 10 14 344
9 13 10 1 142
9 13 10 8 1446
9 13 10 14 900
9 11 11 0 26
9 11 11 9 722
9 11 11 15 548
9 13 11 0 1266
9 13 11 9 886
9 13 11 15 1438
9 11 12 7 488
9 11 12 8 78
9 11 12 14 1224
9 13 12 7 910
9 13 12 8 1266
9 13 12 14 188
9 11 13 6 188
9 11 13 9 482
9 11 13 15 810
9 13 13 6 552
9 13 13 9 536
9 13 13 15 810
9 11 14 5 1052
9 11 14 10 574
9 11 14 12 792
9 13 14 5 48
9 13 14 10 14
9 13 14 12 52
9 11 15 4 920
9 11 15 11 922
9 11 15 13 502
9 13 15 4 1026
9 13 15 11 1164
9 13 15 13 524
10 14 0 2 732
10 14 0 4 412
10 14 0 11 454
10 14 1 3 1194
10 14 1 5 226
10 14 1 10 292
10 14 2 0 286
10 14 2 6 578
10 14 2 9 692
10 14 3 1 558
10 14 3 7 82
10 14 3 8 688
10 14 4 0 510
10 14 4 6 804
10 14 4 15 1108
10 14 5 1 120
10 14 5 7 288
10 14 5 14 82
10 14 6 2 522
10 14 6 4 114
10 14 6 13 488
10 14 7 3 1234
10 14 7 5 1244
10 14 7 12 46
10 14 8 3 1668
10 14 8 10 1188
10 14 8 12 108
10 14 9 2 650
10 14 9 11 1118
10 14 9 13 1122
10 14 10 1 344
10 14 10 8 246
10 14 10 14 58
10 14 11 0 660
10 14 11 9 1000
10 14 11 15 64
10 14 12 7 744
10 14 12 8 380
10 14 12 14 1188
10 14 13 6 44
10 14 13 9 468
10 14 13 15 936
10 14 14 5 64
10 14 14 10 916
10 14 14 12 516
10 14 15 4 648
10 14 15 11 128
10 14 15 13 1064
11 15 0 2 626
11 15 0 4 68
11 15 0 11 202
11 15 1 3 952
11 15 1 5 732
11 15 1 10 488
11 15 2 0 154
11 15 2 6 1710
11 15 2 9 634
11 15 3 1 94
11 15 3 7 642
11 15 3 8 550
11 15 4 0 718
11 15 4 6 1170
11 15 4 15 430
11 15 5 1 208
11 15 5 7 1802
11 15 5 14 2044
11 15 6 2 926
11 15 6 4 442
11 15 6 13 1506
11 15 7 3 230
11 15 7 5 102
11 15 7 12 246
11 15 8 3 1048
11 15 8 10 1522
11 15 8 12 1104
11 15 9 2 180
11 15 9 11 152
11 15 9 13 164
11 15 10 1 598
11 15 10 8 564
11 15 10 14 706
11 15 11 0 370
11 15 11 9 410
11 15 11 15 888
11 15 12 7 282
11 15 12 8 592
11 15 12 14 346
11 15 13 6 592
11 15 13 9 144
11 15 13 15 948
11 15 14 5 120
11 15 14 10 378
11 15 14 12 188
11 15 15 4 234
11 15 15 11 200
11 15 15 13 138
12 14 0 2 1140
12 14 0 4 136
12 14 0 11 36
12 14 1 3 144
12 14 1 5 454
12 14 1 10 852
12 14 2 0 836
12 14 2 6 404
12 14 2 9 884
12 14 3 1 520
12 14 3 7 760
12 14 3 8 178
12 14 4 0 298
12 14 4 6 1202
12 14 4 15 136
12 14 5 1 92
12 14 5 7 288
12 14 5 14 1010
12 14 6 2 236
12 14 6 4 352
12 14 6 13 290
12 14 7 3 272
12 14 7 5 352
12 14 7 12 9236
12 14 8 3 724
12 14 8 10 174
12 14 8 12 452
12 14 9 2 428
12 14 9 11 524
12 14 9 13 810
12 14 10 1 782
12 14 10 8 438
12 14 10 14 516
12 14 11 0 112
12 14 11 9 348
12 14 11 15 9906
12 14 12 7 9124
12 14 12 8 480
12 14 12 14 690
12 14 13 6 688
12 14 13 9 106
12 14 13 15 486
12 14 14 5 76
12 14 14 10 392
12 14 14 12 282
12 14 15 4 164
12 14 15 11 9492
12 14 15 13 214
13 15 0 2 932
13 15 0 4 30
13 15 0 11 632
13 15 1 3 1278
13 15 1 5 674
13 15 1 10 218
13 15 2 0 422
13 15 2 6 682
13 15 2 9 410
13 15 3 1 136
13 15 3 7 564
13 15 3 8 508
13 15 4 0 816
13 15 4 6 1384
13 15 4 15 476
13 15 5 1 76
13 15 5 7 2
13 15 5 14 66
13 15 6 2 698
13 15 6 4 784
13 15 6 13 68
13 15 7 3 734
13 15 7 5 324
13 15 7 12 2
13 15 8 3 470
13 15 8 10 410
13 15 8 12 84
13 15 9 2 918
13 15 9 11 356
13 15 9 13 896
13 15 10 1 930
13 15 10 8 444
13 15 10 14 2
13 15 11 0 644
13 15 11 9 180
13 15 11 15 76
13 15 12 7 760
13 15 12 8 558
13 15 12 14 1436
13 15 13 6 434
13 15 13 9 370
13 15 13 15 1060
13 15 14 5 462
13 15 14 10 916
13 15 14 12 572
13 15 15 4 1084
13 15 15 11 12
13 15 15 13 550
