0 2 0 2 68
0 2 0 4 868
0 2 0 11 34
0 4 0 2 256
0 4 0 4 248
0 4 0 11 360
0 8 0 2 112
0 8 0 4 190
0 8 0 11 276
0 11 0 2 360
0 11 0 4 48
0 11 0 11 180
0 13 0 2 156
0 13 0 4 140
0 13 0 11 830
0 14 0 2 628
0 14 0 4 312
0 14 0 11 448
0 2 1 3 388
0 2 1 5 8
0 2 1 10 26
0 4 1 3 150
0 4 1 5 800
0 4 1 10 70
0 8 1 3 718
0 8 1 5 60
0 8 1 10 94
0 11 1 3 490
0 11 1 5 84
0 11 1 10 236
0 13 1 3 170
0 13 1 5 72
0 13 1 10 160
0 14 1 3 194
0 14 1 5 30
0 14 1 10 388
0 2 2 0 6
0 2 2 6 108
0 2 2 9 1004
0 4 2 0 570
0 4 2 6 6
0 4 2 9 690
0 8 2 0 340
0 8 2 6 342
0 8 2 9 610
0 11 2 0 430
0 11 2 6 450
0 11 2 9 126
0 13 2 0 366
0 13 2 6 92
0 13 2 9 652
0 14 2 0 342
0 14 2 6 126
0 14 2 9 214
0 2 3 1 354
0 2 3 7 582
0 2 3 8 46
0 4 3 1 410
0 4 3 7 300
0 4 3 8 2
0 8 3 1 510
0 8 3 7 86
0 8 3 8 130
0 11 3 1 8
0 11 3 7 250
0 11 3 8 322
0 13 3 1 6
0 13 3 7 120
0 13 3 8 424
0 14 3 1 196
0 14 3 7 222
0 14 3 8 314
0 2 4 0 84
0 2 4 6 466
0 2 4 15 154
0 4 4 0 80
0 4 4 6 486
0 4 4 15 74
0 8 4 0 78
0 8 4 6 388
0 8 4 15 134
0 11 4 0 516
0 11 4 6 26
0 11 4 15 470
0 13 4 0 312
0 13 4 6 276
0 13 4 15 14
0 14 4 0 246
0 14 4 6 50
0 14 4 15 216
0 2 5 1 280
0 2 5 7 284
0 2 5 14 586
0 4 5 1 940
0 4 5 7 258
0 4 5 14 208
0 8 5 1 502
0 8 5 7 118
0 8 5 14 484
0 11 5 1 550
0 11 5 7 210
0 11 5 14 170
0 13 5 1 602
0 13 5 7 374
0 13 5 14 426
0 14 5 1 310
0 14 5 7 380
0 14 5 14 96
0 2 6 2 620
0 2 6 4 434
0 2 6 13 224
0 4 6 2 222
0 4 6 4 626
0 4 6 13 92
0 8 6 2 314
0 8 6 4 328
0 8 6 13 534
0 11 6 2 10
0 11 6 4 256
0 11 6 13 40
0 13 6 2 136
0 13 6 4 240
0 13 6 13 60
0 14 6 2 270
0 14 6 4 380
0 14 6 13 508
0 2 7 3 168
0 2 7 5 16
0 2 7 12 88
0 4 7 3 464
0 4 7 5 76
0 4 7 12 92
0 8 7 3 346
0 8 7 5 124
0 8 7 12 516
0 11 7 3 96
0 11 7 5 102
0 11 7 12 100
0 13 7 3 466
0 13 7 5 18
0 13 7 12 314
0 14 7 3 258
0 14 7 5 76
0 14 7 12 306
0 2 8 3 156
0 2 8 10 432
0 2 8 12 188
0 4 8 3 12
0 4 8 10 212
0 4 8 12 188
0 8 8 3 160
0 8 8 10 136
0 8 8 12 518
0 11 8 3 480
0 11 8 10 70
0 11 8 12 296
0 13 8 3 752
0 13 8 10 152
0 13 8 12 262
0 14 8 3 494
0 14 8 10 542
0 14 8 12 332
0 2 9 2 426
0 2 9 11 246
0 2 9 13 324
0 4 9 2 18
0 4 9 11 56
0 4 9 13 154
0 8 9 2 104
0 8 9 11 224
0 8 9 13 208
0 11 9 2 398
0 11 9 11 184
0 11 9 13 14
0 13 9 2 48
0 13 9 11 426
0 13 9 13 20
0 14 9 2 692
0 14 9 11 246
0 14 9 13 54
0 2 10 1 292
0 2 10 8 114
0 2 10 14 134
0 4 10 1 146
0 4 10 8 248
0 4 10 14 290
0 8 10 1 214
0 8 10 8 144
0 8 10 14 102
0 11 10 1 1058
0 11 10 8 346
0 11 10 14 98
0 13 10 1 106
0 13 10 8 150
0 13 10 14 188
0 14 10 1 108
0 14 10 8 74
0 14 10 14 372
0 2 11 0 274
0 2 11 9 50
0 2 11 15 70
0 4 11 0 506
0 4 11 9 124
0 4 11 15 44
0 8 11 0 302
0 8 11 9 570
0 8 11 15 492
0 11 11 0 196
0 11 11 9 812
0 11 11 15 536
0 13 11 0 280
0 13 11 9 368
0 13 11 15 34
0 14 11 0 146
0 14 11 9 342
0 14 11 15 626
0 2 12 7 312
0 2 12 8 356
0 2 12 14 318
0 4 12 7 68
0 4 12 8 0
0 4 12 14 256
0 8 12 7 354
0 8 12 8 78
0 8 12 14 256
0 11 12 7 470
0 11 12 8 206
0 11 12 14 450
0 13 12 7 232
0 13 12 8 108
0 13 12 14 560
0 14 12 7 166
0 14 12 8 196
0 14 12 14 460
0 2 13 6 32
0 2 13 9 566
0 2 13 15 236
0 4 13 6 76
0 4 13 9 190
0 4 13 15 296
0 8 13 6 174
0 8 13 9 262
0 8 13 15 230
0 11 13 6 234
0 11 13 9 326
0 11 13 15 14
0 13 13 6 488
0 13 13 9 352
0 13 13 15 908
0 14 13 6 350
0 14 13 9 6
0 14 13 15 222
0 2 14 5 80
0 2 14 10 380
0 2 14 12 40
0 4 14 5 712
0 4 14 10 292
0 4 14 12 148
0 8 14 5 152
0 8 14 10 318
0 8 14 12 266
0 11 14 5 256
0 11 14 10 230
0 11 14 12 12
0 13 14 5 276
0 13 14 10 300
0 13 14 12 268
0 14 14 5 66
0 14 14 10 712
0 14 14 12 92
0 2 15 4 496
0 2 15 11 244
0 2 15 13 268
0 4 15 4 764
0 4 15 11 448
0 4 15 13 398
0 8 15 4 382
0 8 15 11 188
0 8 15 13 334
0 11 15 4 408
0 11 15 11 180
0 11 15 13 416
0 13 15 4 588
0 13 15 11 16
0 13 15 13 484
0 14 15 4 546
0 14 15 11 22
0 14 15 13 174
1 3 0 2 98
1 3 0 4 66
1 3 0 11 400
1 5 0 2 8
1 5 0 4 454
1 5 0 11 400
1 9 0 2 316
1 9 0 4 478
1 9 0 11 256
1 10 0 2 180
1 10 0 4 946
1 10 0 11 412
1 12 0 2 80
1 12 0 4 100
1 12 0 11 230
1 15 0 2 260
1 15 0 4 400
1 15 0 11 148
1 3 1 3 138
1 3 1 5 758
1 3 1 10 134
1 5 1 3 182
1 5 1 5 24
1 5 1 10 16
1 9 1 3 414
1 9 1 5 258
1 9 1 10 108
1 10 1 3 120
1 10 1 5 58
1 10 1 10 458
1 12 1 3 120
1 12 1 5 30
1 12 1 10 144
1 15 1 3 314
1 15 1 5 258
1 15 1 10 24
1 3 2 0 132
1 3 2 6 16
1 3 2 9 108
1 5 2 0 174
1 5 2 6 248
1 5 2 9 172
1 9 2 0 572
1 9 2 6 72
1 9 2 9 390
1 10 2 0 182
1 10 2 6 516
1 10 2 9 308
1 12 2 0 588
1 12 2 6 170
1 12 2 9 266
1 15 2 0 914
1 15 2 6 290
1 15 2 9 96
1 3 3 1 430
1 3 3 7 52
1 3 3 8 68
1 5 3 1 190
1 5 3 7 716
1 5 3 8 446
1 9 3 1 296
1 9 3 7 132
1 9 3 8 308
1 10 3 1 16
1 10 3 7 126
1 10 3 8 186
1 12 3 1 358
1 12 3 7 498
1 12 3 8 48
1 15 3 1 78
1 15 3 7 36
1 15 3 8 22
1 3 4 0 526
1 3 4 6 450
1 3 4 15 166
1 5 4 0 250
1 5 4 6 220
1 5 4 15 12
1 9 4 0 348
1 9 4 6 138
1 9 4 15 256
1 10 4 0 226
1 10 4 6 122
1 10 4 15 358
1 12 4 0 628
1 12 4 6 554
1 12 4 15 422
1 15 4 0 186
1 15 4 6 64
1 15 4 15 584
1 3 5 1 376
1 3 5 7 34
1 3 5 14 70
1 5 5 1 86
1 5 5 7 360
1 5 5 14 10
1 9 5 1 188
1 9 5 7 118
1 9 5 14 458
1 10 5 1 68
1 10 5 7 420
1 10 5 14 138
1 12 5 1 814
1 12 5 7 156
1 12 5 14 274
1 15 5 1 44
1 15 5 7 756
1 15 5 14 368
1 3 6 2 546
1 3 6 4 364
1 3 6 13 110
1 5 6 2 470
1 5 6 4 508
1 5 6 13 526
1 9 6 2 816
1 9 6 4 378
1 9 6 13 98
1 10 6 2 0
1 10 6 4 456
1 10 6 13 74
1 12 6 2 646
1 12 6 4 128
1 12 6 13 142
1 15 6 2 82
1 15 6 4 168
1 15 6 13 252
1 3 7 3 254
1 3 7 5 36
1 3 7 12 682
1 5 7 3 528
1 5 7 5 222
1 5 7 12 26
1 9 7 3 202
1 9 7 5 176
1 9 7 12 834
1 10 7 3 894
1 10 7 5 400
1 10 7 12 242
1 12 7 3 256
1 12 7 5 642
1 12 7 12 720
1 15 7 3 458
1 15 7 5 390
1 15 7 12 552
1 3 8 3 458
1 3 8 10 278
1 3 8 12 214
1 5 8 3 298
1 5 8 10 88
1 5 8 12 78
1 9 8 3 322
1 9 8 10 408
1 9 8 12 252
1 10 8 3 100
1 10 8 10 382
1 10 8 12 134
1 12 8 3 266
1 12 8 10 378
1 12 8 12 368
1 15 8 3 34
1 15 8 10 424
1 15 8 12 288
1 3 9 2 610
1 3 9 11 260
1 3 9 13 492
1 5 9 2 186
1 5 9 11 132
1 5 9 13 414
1 9 9 2 56
1 9 9 11 630
1 9 9 13 42
1 10 9 2 264
1 10 9 11 102
1 10 9 13 136
1 12 9 2 246
1 12 9 11 410
1 12 9 13 612
1 15 9 2 210
1 15 9 11 4
1 15 9 13 242
1 3 10 1 498
1 3 10 8 462
1 3 10 14 1008
1 5 10 1 38
1 5 10 8 262
1 5 10 14 42
1 9 10 1 316
1 9 10 8 182
1 9 10 14 360
1 10 10 1 612
1 10 10 8 102
1 10 10 14 370
1 12 10 1 62
1 12 10 8 490
1 12 10 14 444
1 15 10 1 320
1 15 10 8 88
1 15 10 14 714
1 3 11 0 424
1 3 11 9 130
1 3 11 15 4
1 5 11 0 122
1 5 11 9 24
1 5 11 15 272
1 9 11 0 98
1 9 11 9 56
1 9 11 15 342
1 10 11 0 530
1 10 11 9 224
1 10 11 15 364
1 12 11 0 522
1 12 11 9 628
1 12 11 15 62
1 15 11 0 496
1 15 11 9 414
1 15 11 15 180
1 3 12 7 158
1 3 12 8 54
1 3 12 14 48
1 5 12 7 234
1 5 12 8 136
1 5 12 14 204
1 9 12 7 386
1 9 12 8 270
1 9 12 14 480
1 10 12 7 256
1 10 12 8 270
1 10 12 14 658
1 12 12 7 534
1 12 12 8 26
1 12 12 14 256
1 15 12 7 144
1 15 12 8 248
1 15 12 14 466
1 3 13 6 316
1 3 13 9 320
1 3 13 15 68
1 5 13 6 32
1 5 13 9 738
1 5 13 15 54
1 9 13 6 442
1 9 13 9 142
1 9 13 15 758
1 10 13 6 326
1 10 13 9 28
1 10 13 15 354
1 12 13 6 30
1 12 13 9 328
1 12 13 15 106
1 15 13 6 284
1 15 13 9 44
1 15 13 15 204
1 3 14 5 266
1 3 14 10 512
1 3 14 12 102
1 5 14 5 624
1 5 14 10 190
1 5 14 12 494
1 9 14 5 76
1 9 14 10 334
1 9 14 12 352
1 10 14 5 454
1 10 14 10 64
1 10 14 12 40
1 12 14 5 364
1 12 14 10 38
1 12 14 12 388
1 15 14 5 212
1 15 14 10 182
1 15 14 12 22
1 3 15 4 216
1 3 15 11 640
1 3 15 13 248
1 5 15 4 48
1 5 15 11 280
1 5 15 13 412
1 9 15 4 144
1 9 15 11 206
1 9 15 13 832
1 10 15 4 760
1 10 15 11 168
1 10 15 13 416
1 12 15 4 28
1 12 15 11 350
1 12 15 13 216
1 15 15 4 92
1 15 15 11 294
1 15 15 13 474
2 6 0 2 66
2 6 0 4 792
2 6 0 11 568
2 9 0 2 460
2 9 0 4 54
2 9 0 11 212
2 10 0 2 226
2 10 0 4 144
2 10 0 11 502
2 12 0 2 138
2 12 0 4 70
2 12 0 11 294
2 15 0 2 448
2 15 0 4 90
2 15 0 11 58
2 6 1 3 26
2 6 1 5 344
2 6 1 10 8
2 9 1 3 730
2 9 1 5 730
2 9 1 10 396
2 10 1 3 650
2 10 1 5 114
2 10 1 10 1010
2 12 1 3 192
2 12 1 5 164
2 12 1 10 400
2 15 1 3 694
2 15 1 5 604
2 15 1 10 192
2 6 2 0 446
2 6 2 6 120
2 6 2 9 218
2 9 2 0 322
2 9 2 6 8
2 9 2 9 108
2 10 2 0 200
2 10 2 6 220
2 10 2 9 292
2 12 2 0 234
2 12 2 6 16
2 12 2 9 484
2 15 2 0 368
2 15 2 6 52
2 15 2 9 316
2 6 3 1 210
2 6 3 7 560
2 6 3 8 484
2 9 3 1 602
2 9 3 7 80
2 9 3 8 372
2 10 3 1 706
2 10 3 7 62
2 10 3 8 114
2 12 3 1 676
2 12 3 7 102
2 12 3 8 264
2 15 3 1 512
2 15 3 7 262
2 15 3 8 338
2 6 4 0 712
2 6 4 6 526
2 6 4 15 296
2 9 4 0 392
2 9 4 6 370
2 9 4 15 270
2 10 4 0 178
2 10 4 6 450
2 10 4 15 8
2 12 4 0 238
2 12 4 6 18
2 12 4 15 610
2 15 4 0 450
2 15 4 6 258
2 15 4 15 60
2 6 5 1 466
2 6 5 7 64
2 6 5 14 264
2 9 5 1 24
2 9 5 7 316
2 9 5 14 242
2 10 5 1 78
2 10 5 7 414
2 10 5 14 328
2 12 5 1 248
2 12 5 7 282
2 12 5 14 28
2 15 5 1 546
2 15 5 7 6
2 15 5 14 450
2 6 6 2 696
2 6 6 4 456
2 6 6 13 34
2 9 6 2 434
2 9 6 4 334
2 9 6 13 200
2 10 6 2 326
2 10 6 4 560
2 10 6 13 22
2 12 6 2 12
2 12 6 4 592
2 12 6 13 16
2 15 6 2 148
2 15 6 4 78
2 15 6 13 120
2 6 7 3 28
2 6 7 5 224
2 6 7 12 960
2 9 7 3 204
2 9 7 5 50
2 9 7 12 548
2 10 7 3 282
2 10 7 5 56
2 10 7 12 290
2 12 7 3 370
2 12 7 5 76
2 12 7 12 68
2 15 7 3 204
2 15 7 5 292
2 15 7 12 284
2 6 8 3 194
2 6 8 10 200
2 6 8 12 150
2 9 8 3 368
2 9 8 10 48
2 9 8 12 90
2 10 8 3 18
2 10 8 10 34
2 10 8 12 448
2 12 8 3 604
2 12 8 10 116
2 12 8 12 114
2 15 8 3 102
2 15 8 10 380
2 15 8 12 218
2 6 9 2 78
2 6 9 11 320
2 6 9 13 222
2 9 9 2 180
2 9 9 11 10
2 9 9 13 952
2 10 9 2 326
2 10 9 11 16
2 10 9 13 354
2 12 9 2 204
2 12 9 11 366
2 12 9 13 86
2 15 9 2 492
2 15 9 11 636
2 15 9 13 104
2 6 10 1 34
2 6 10 8 344
2 6 10 14 144
2 9 10 1 792
2 9 10 8 266
2 9 10 14 88
2 10 10 1 150
2 10 10 8 36
2 10 10 14 228
2 12 10 1 224
2 12 10 8 416
2 12 10 14 408
2 15 10 1 268
2 15 10 8 180
2 15 10 14 70
2 6 11 0 220
2 6 11 9 546
2 6 11 15 716
2 9 11 0 858
2 9 11 9 154
2 9 11 15 114
2 10 11 0 636
2 10 11 9 302
2 10 11 15 536
2 12 11 0 30
2 12 11 9 264
2 12 11 15 422
2 15 11 0 8
2 15 11 9 366
2 15 11 15 402
2 6 12 7 176
2 6 12 8 440
2 6 12 14 228
2 9 12 7 162
2 9 12 8 222
2 9 12 14 98
2 10 12 7 126
2 10 12 8 408
2 10 12 14 298
2 12 12 7 220
2 12 12 8 442
2 12 12 14 270
2 15 12 7 86
2 15 12 8 20
2 15 12 14 382
2 6 13 6 160
2 6 13 9 150
2 6 13 15 64
2 9 13 6 242
2 9 13 9 80
2 9 13 15 278
2 10 13 6 64
2 10 13 9 20
2 10 13 15 572
2 12 13 6 38
2 12 13 9 108
2 12 13 15 274
2 15 13 6 466
2 15 13 9 222
2 15 13 15 352
2 6 14 5 318
2 6 14 10 356
2 6 14 12 154
2 9 14 5 206
2 9 14 10 498
2 9 14 12 18
2 10 14 5 156
2 10 14 10 240
2 10 14 12 8
2 12 14 5 202
2 12 14 10 74
2 12 14 12 450
2 15 14 5 330
2 15 14 10 306
2 15 14 12 378
2 6 15 4 452
2 6 15 11 382
2 6 15 13 620
2 9 15 4 620
2 9 15 11 628
2 9 15 13 788
2 10 15 4 16
2 10 15 11 88
2 10 15 13 554
2 12 15 4 460
2 12 15 11 152
2 12 15 13 74
2 15 15 4 340
2 15 15 11 270
2 15 15 13 118
3 7 0 2 202
3 7 0 4 570
3 7 0 11 148
3 8 0 2 214
3 8 0 4 274
3 8 0 11 248
3 11 0 2 854
3 11 0 4 360
3 11 0 11 514
3 13 0 2 394
3 13 0 4 364
3 13 0 11 816
3 14 0 2 468
3 14 0 4 256
3 14 0 11 116
3 7 1 3 204
3 7 1 5 32
3 7 1 10 512
3 8 1 3 738
3 8 1 5 54
3 8 1 10 68
3 11 1 3 132
3 11 1 5 564
3 11 1 10 292
3 13 1 3 170
3 13 1 5 208
3 13 1 10 112
3 14 1 3 570
3 14 1 5 122
3 14 1 10 428
3 7 2 0 110
3 7 2 6 24
3 7 2 9 120
3 8 2 0 704
3 8 2 6 606
3 8 2 9 232
3 11 2 0 20
3 11 2 6 52
3 11 2 9 218
3 13 2 0 114
3 13 2 6 244
3 13 2 9 396
3 14 2 0 180
3 14 2 6 132
3 14 2 9 360
3 7 3 1 242
3 7 3 7 256
3 7 3 8 268
3 8 3 1 62
3 8 3 7 266
3 8 3 8 150
3 11 3 1 236
3 11 3 7 194
3 11 3 8 306
3 13 3 1 10
3 13 3 7 78
3 13 3 8 244
3 14 3 1 742
3 14 3 7 672
3 14 3 8 18
3 7 4 0 22
3 7 4 6 690
3 7 4 15 238
3 8 4 0 200
3 8 4 6 410
3 8 4 15 74
3 11 4 0 68
3 11 4 6 146
3 11 4 15 86
3 13 4 0 178
3 13 4 6 634
3 13 4 15 218
3 14 4 0 82
3 14 4 6 96
3 14 4 15 554
3 7 5 1 222
3 7 5 7 432
3 7 5 14 234
3 8 5 1 370
3 8 5 7 466
3 8 5 14 332
3 11 5 1 112
3 11 5 7 200
3 11 5 14 224
3 13 5 1 294
3 13 5 7 422
3 13 5 14 78
3 14 5 1 216
3 14 5 7 132
3 14 5 14 112
3 7 6 2 50
3 7 6 4 420
3 7 6 13 236
3 8 6 2 478
3 8 6 4 282
3 8 6 13 218
3 11 6 2 518
3 11 6 4 368
3 11 6 13 38
3 13 6 2 146
3 13 6 4 122
3 13 6 13 268
3 14 6 2 94
3 14 6 4 204
3 14 6 13 750
3 7 7 3 188
3 7 7 5 22
3 7 7 12 148
3 8 7 3 472
3 8 7 5 32
3 8 7 12 168
3 11 7 3 262
3 11 7 5 62
3 11 7 12 322
3 13 7 3 680
3 13 7 5 292
3 13 7 12 592
3 14 7 3 192
3 14 7 5 24
3 14 7 12 270
3 7 8 3 248
3 7 8 10 32
3 7 8 12 300
3 8 8 3 40
3 8 8 10 88
3 8 8 12 210
3 11 8 3 482
3 11 8 10 702
3 11 8 12 502
3 13 8 3 124
3 13 8 10 162
3 13 8 12 8
3 14 8 3 344
3 14 8 10 338
3 14 8 12 84
3 7 9 2 444
3 7 9 11 24
3 7 9 13 114
3 8 9 2 132
3 8 9 11 886
3 8 9 13 336
3 11 9 2 354
3 11 9 11 894
3 11 9 13 42
3 13 9 2 148
3 13 9 11 148
3 13 9 13 80
3 14 9 2 636
3 14 9 11 170
3 14 9 13 132
3 7 10 1 148
3 7 10 8 378
3 7 10 14 766
3 8 10 1 198
3 8 10 8 214
3 8 10 14 720
3 11 10 1 754
3 11 10 8 624
3 11 10 14 134
3 13 10 1 222
3 13 10 8 764
3 13 10 14 182
3 14 10 1 552
3 14 10 8 16
3 14 10 14 480
3 7 11 0 236
3 7 11 9 344
3 7 11 15 662
3 8 11 0 26
3 8 11 9 112
3 8 11 15 378
3 11 11 0 234
3 11 11 9 46
3 11 11 15 362
3 13 11 0 252
3 13 11 9 480
3 13 11 15 556
3 14 11 0 198
3 14 11 9 782
3 14 11 15 116
3 7 12 7 56
3 7 12 8 262
3 7 12 14 500
3 8 12 7 66
3 8 12 8 74
3 8 12 14 168
3 11 12 7 92
3 11 12 8 44
3 11 12 14 130
3 13 12 7 148
3 13 12 8 328
3 13 12 14 62
3 14 12 7 446
3 14 12 8 430
3 14 12 14 28
3 7 13 6 574
3 7 13 9 244
3 7 13 15 176
3 8 13 6 490
3 8 13 9 438
3 8 13 15 40
3 11 13 6 594
3 11 13 9 72
3 11 13 15 298
3 13 13 6 418
3 13 13 9 322
3 13 13 15 364
3 14 13 6 294
3 14 13 9 434
3 14 13 15 268
3 7 14 5 500
3 7 14 10 108
3 7 14 12 212
3 8 14 5 112
3 8 14 10 48
3 8 14 12 360
3 11 14 5 190
3 11 14 10 254
3 11 14 12 252
3 13 14 5 436
3 13 14 10 246
3 13 14 12 346
3 14 14 5 86
3 14 14 10 46
3 14 14 12 72
3 7 15 4 632
3 7 15 11 174
3 7 15 13 344
3 8 15 4 68
3 8 15 11 222
3 8 15 13 742
3 11 15 4 102
3 11 15 11 294
3 11 15 13 314
3 13 15 4 452
3 13 15 11 114
3 13 15 13 182
3 14 15 4 280
3 14 15 11 530
3 14 15 13 488
4 6 0 2 532
4 6 0 4 512
4 6 0 11 496
4 9 0 2 370
4 9 0 4 74
4 9 0 11 210
4 10 0 2 82
4 10 0 4 92
4 10 0 11 508
4 12 0 2 76
4 12 0 4 96
4 12 0 11 64
4 15 0 2 190
4 15 0 4 44
4 15 0 11 106
4 6 1 3 466
4 6 1 5 220
4 6 1 10 590
4 9 1 3 494
4 9 1 5 38
4 9 1 10 20
4 10 1 3 214
4 10 1 5 422
4 10 1 10 98
4 12 1 3 352
4 12 1 5 464
4 12 1 10 340
4 15 1 3 626
4 15 1 5 648
4 15 1 10 592
4 6 2 0 544
4 6 2 6 710
4 6 2 9 258
4 9 2 0 296
4 9 2 6 238
4 9 2 9 258
4 10 2 0 540
4 10 2 6 194
4 10 2 9 14
4 12 2 0 682
4 12 2 6 554
4 12 2 9 374
4 15 2 0 166
4 15 2 6 614
4 15 2 9 146
4 6 3 1 510
4 6 3 7 100
4 6 3 8 62
4 9 3 1 744
4 9 3 7 172
4 9 3 8 244
4 10 3 1 278
4 10 3 7 480
4 10 3 8 64
4 12 3 1 160
4 12 3 7 382
4 12 3 8 512
4 15 3 1 340
4 15 3 7 188
4 15 3 8 412
4 6 4 0 106
4 6 4 6 164
4 6 4 15 372
4 9 4 0 240
4 9 4 6 666
4 9 4 15 620
4 10 4 0 108
4 10 4 6 704
4 10 4 15 124
4 12 4 0 354
4 12 4 6 24
4 12 4 15 572
4 15 4 0 726
4 15 4 6 176
4 15 4 15 212
4 6 5 1 42
4 6 5 7 4
4 6 5 14 322
4 9 5 1 246
4 9 5 7 112
4 9 5 14 52
4 10 5 1 478
4 10 5 7 38
4 10 5 14 116
4 12 5 1 232
4 12 5 7 876
4 12 5 14 402
4 15 5 1 414
4 15 5 7 492
4 15 5 14 342
4 6 6 2 186
4 6 6 4 386
4 6 6 13 18
4 9 6 2 172
4 9 6 4 236
4 9 6 13 314
4 10 6 2 674
4 10 6 4 408
4 10 6 13 262
4 12 6 2 196
4 12 6 4 140
4 12 6 13 512
4 15 6 2 158
4 15 6 4 26
4 15 6 13 38
4 6 7 3 76
4 6 7 5 78
4 6 7 12 114
4 9 7 3 52
4 9 7 5 384
4 9 7 12 86
4 10 7 3 120
4 10 7 5 548
4 10 7 12 196
4 12 7 3 340
4 12 7 5 424
4 12 7 12 330
4 15 7 3 128
4 15 7 5 466
4 15 7 12 224
4 6 8 3 244
4 6 8 10 242
4 6 8 12 340
4 9 8 3 394
4 9 8 10 104
4 9 8 12 42
4 10 8 3 208
4 10 8 10 92
4 10 8 12 54
4 12 8 3 12
4 12 8 10 70
4 12 8 12 140
4 15 8 3 238
4 15 8 10 224
4 15 8 12 298
4 6 9 2 16
4 6 9 11 482
4 6 9 13 120
4 9 9 2 6
4 9 9 11 16
4 9 9 13 60
4 10 9 2 110
4 10 9 11 116
4 10 9 13 162
4 12 9 2 758
4 12 9 11 216
4 12 9 13 244
4 15 9 2 412
4 15 9 11 630
4 15 9 13 50
4 6 10 1 394
4 6 10 8 144
4 6 10 14 312
4 9 10 1 138
4 9 10 8 52
4 9 10 14 506
4 10 10 1 200
4 10 10 8 590
4 10 10 14 290
4 12 10 1 38
4 12 10 8 74
4 12 10 14 214
4 15 10 1 478
4 15 10 8 116
4 15 10 14 174
4 6 11 0 114
4 6 11 9 140
4 6 11 15 172
4 9 11 0 174
4 9 11 9 40
4 9 11 15 358
4 10 11 0 1126
4 10 11 9 146
4 10 11 15 180
4 12 11 0 326
4 12 11 9 324
4 12 11 15 392
4 15 11 0 166
4 15 11 9 386
4 15 11 15 374
4 6 12 7 406
4 6 12 8 4
4 6 12 14 122
4 9 12 7 40
4 9 12 8 78
4 9 12 14 198
4 10 12 7 438
4 10 12 8 392
4 10 12 14 86
4 12 12 7 628
4 12 12 8 150
4 12 12 14 334
4 15 12 7 230
4 15 12 8 446
4 15 12 14 88
4 6 13 6 426
4 6 13 9 140
4 6 13 15 44
4 9 13 6 310
4 9 13 9 466
4 9 13 15 498
4 10 13 6 272
4 10 13 9 170
4 10 13 15 98
4 12 13 6 432
4 12 13 9 204
4 12 13 15 458
4 15 13 6 72
4 15 13 9 508
4 15 13 15 382
4 6 14 5 554
4 6 14 10 252
4 6 14 12 246
4 9 14 5 0
4 9 14 10 158
4 9 14 12 246
4 10 14 5 596
4 10 14 10 424
4 10 14 12 44
4 12 14 5 756
4 12 14 10 180
4 12 14 12 546
4 15 14 5 32
4 15 14 10 20
4 15 14 12 2
4 6 15 4 512
4 6 15 11 128
4 6 15 13 146
4 9 15 4 102
4 9 15 11 150
4 9 15 13 66
4 10 15 4 122
4 10 15 11 416
4 10 15 13 140
4 12 15 4 312
4 12 15 11 396
4 12 15 13 386
4 15 15 4 286
4 15 15 11 706
4 15 15 13 94
5 7 0 2 76
5 7 0 4 322
5 7 0 11 382
5 8 0 2 238
5 8 0 4 122
5 8 0 11 176
5 11 0 2 144
5 11 0 4 386
5 11 0 11 62
5 13 0 2 368
5 13 0 4 876
5 13 0 11 648
5 14 0 2 38
5 14 0 4 370
5 14 0 11 518
5 7 1 3 558
5 7 1 5 634
5 7 1 10 232
5 8 1 3 590
5 8 1 5 124
5 8 1 10 172
5 11 1 3 586
5 11 1 5 246
5 11 1 10 370
5 13 1 3 932
5 13 1 5 210
5 13 1 10 184
5 14 1 3 270
5 14 1 5 152
5 14 1 10 430
5 7 2 0 92
5 7 2 6 236
5 7 2 9 694
5 8 2 0 746
5 8 2 6 460
5 8 2 9 824
5 11 2 0 760
5 11 2 6 342
5 11 2 9 484
5 13 2 0 314
5 13 2 6 18
5 13 2 9 24
5 14 2 0 118
5 14 2 6 510
5 14 2 9 166
5 7 3 1 10
5 7 3 7 870
5 7 3 8 586
5 8 3 1 126
5 8 3 7 484
5 8 3 8 552
5 11 3 1 10
5 11 3 7 350
5 11 3 8 76
5 13 3 1 256
5 13 3 7 254
5 13 3 8 312
5 14 3 1 290
5 14 3 7 52
5 14 3 8 196
5 7 4 0 366
5 7 4 6 196
5 7 4 15 600
5 8 4 0 668
5 8 4 6 496
5 8 4 15 184
5 11 4 0 16
5 11 4 6 198
5 11 4 15 348
5 13 4 0 508
5 13 4 6 434
5 13 4 15 570
5 14 4 0 78
5 14 4 6 18
5 14 4 15 386
5 7 5 1 716
5 7 5 7 176
5 7 5 14 350
5 8 5 1 46
5 8 5 7 158
5 8 5 14 218
5 11 5 1 56
5 11 5 7 692
5 11 5 14 520
5 13 5 1 370
5 13 5 7 120
5 13 5 14 40
5 14 5 1 436
5 14 5 7 390
5 14 5 14 100
5 7 6 2 94
5 7 6 4 122
5 7 6 13 26
5 8 6 2 598
5 8 6 4 580
5 8 6 13 372
5 11 6 2 194
5 11 6 4 178
5 11 6 13 204
5 13 6 2 526
5 13 6 4 10
5 13 6 13 210
5 14 6 2 694
5 14 6 4 26
5 14 6 13 508
5 7 7 3 576
5 7 7 5 152
5 7 7 12 574
5 8 7 3 144
5 8 7 5 232
5 8 7 12 612
5 11 7 3 66
5 11 7 5 624
5 11 7 12 498
5 13 7 3 296
5 13 7 5 568
5 13 7 12 280
5 14 7 3 66
5 14 7 5 210
5 14 7 12 468
5 7 8 3 382
5 7 8 10 310
5 7 8 12 40
5 8 8 3 406
5 8 8 10 164
5 8 8 12 840
5 11 8 3 222
5 11 8 10 172
5 11 8 12 524
5 13 8 3 120
5 13 8 10 452
5 13 8 12 168
5 14 8 3 174
5 14 8 10 590
5 14 8 12 128
5 7 9 2 214
5 7 9 11 402
5 7 9 13 206
5 8 9 2 24
5 8 9 11 132
5 8 9 13 152
5 11 9 2 36
5 11 9 11 30
5 11 9 13 152
5 13 9 2 332
5 13 9 11 210
5 13 9 13 354
5 14 9 2 338
5 14 9 11 658
5 14 9 13 380
5 7 10 1 582
5 7 10 8 560
5 7 10 14 16
5 8 10 1 152
5 8 10 8 200
5 8 10 14 224
5 11 10 1 484
5 11 10 8 1202
5 11 10 14 216
5 13 10 1 24
5 13 10 8 340
5 13 10 14 536
5 14 10 1 964
5 14 10 8 266
5 14 10 14 300
5 7 11 0 46
5 7 11 9 222
5 7 11 15 46
5 8 11 0 370
5 8 11 9 126
5 8 11 15 102
5 11 11 0 138
5 11 11 9 280
5 11 11 15 422
5 13 11 0 726
5 13 11 9 108
5 13 11 15 64
5 14 11 0 144
5 14 11 9 6
5 14 11 15 408
5 7 12 7 234
5 7 12 8 594
5 7 12 14 64
5 8 12 7 134
5 8 12 8 216
5 8 12 14 524
5 11 12 7 210
5 11 12 8 682
5 11 12 14 326
5 13 12 7 662
5 13 12 8 596
5 13 12 14 946
5 14 12 7 136
5 14 12 8 402
5 14 12 14 808
5 7 13 6 74
5 7 13 9 62
5 7 13 15 130
5 8 13 6 422
5 8 13 9 876
5 8 13 15 700
5 11 13 6 156
5 11 13 9 308
5 11 13 15 234
5 13 13 6 76
5 13 13 9 156
5 13 13 15 438
5 14 13 6 132
5 14 13 9 654
5 14 13 15 242
5 7 14 5 216
5 7 14 10 390
5 7 14 12 286
5 8 14 5 74
5 8 14 10 556
5 8 14 12 50
5 11 14 5 706
5 11 14 10 60
5 11 14 12 294
5 13 14 5 154
5 13 14 10 290
5 13 14 12 166
5 14 14 5 16
5 14 14 10 310
5 14 14 12 72
5 7 15 4 494
5 7 15 11 258
5 7 15 13 286
5 8 15 4 142
5 8 15 11 164
5 8 15 13 314
5 11 15 4 436
5 11 15 11 150
5 11 15 13 814
5 13 15 4 296
5 13 15 11 96
5 13 15 13 360
5 14 15 4 444
5 14 15 11 96
5 14 15 13 70
6 8 0 2 302
6 8 0 4 296
6 8 0 11 412
6 11 0 2 204
6 11 0 4 686
6 11 0 11 862
6 13 0 2 2
6 13 0 4 192
6 13 0 11 20
6 14 0 2 390
6 14 0 4 708
6 14 0 11 350
6 8 1 3 232
6 8 1 5 368
6 8 1 10 454
6 11 1 3 50
6 11 1 5 4
6 11 1 10 92
6 13 1 3 378
6 13 1 5 160
6 13 1 10 172
6 14 1 3 376
6 14 1 5 22
6 14 1 10 358
6 8 2 0 246
6 8 2 6 490
6 8 2 9 458
6 11 2 0 36
6 11 2 6 52
6 11 2 9 424
6 13 2 0 480
6 13 2 6 282
6 13 2 9 382
6 14 2 0 92
6 14 2 6 36
6 14 2 9 70
6 8 3 1 36
6 8 3 7 356
6 8 3 8 450
6 11 3 1 168
6 11 3 7 180
6 11 3 8 144
6 13 3 1 156
6 13 3 7 32
6 13 3 8 82
6 14 3 1 12
6 14 3 7 10
6 14 3 8 32
6 8 4 0 848
6 8 4 6 216
6 8 4 15 500
6 11 4 0 568
6 11 4 6 150
6 11 4 15 850
6 13 4 0 50
6 13 4 6 166
6 13 4 15 530
6 14 4 0 436
6 14 4 6 412
6 14 4 15 244
6 8 5 1 560
6 8 5 7 202
6 8 5 14 302
6 11 5 1 228
6 11 5 7 178
6 11 5 14 50
6 13 5 1 326
6 13 5 7 26
6 13 5 14 466
6 14 5 1 402
6 14 5 7 612
6 14 5 14 10
6 8 6 2 76
6 8 6 4 422
6 8 6 13 690
6 11 6 2 386
6 11 6 4 196
6 11 6 13 8
6 13 6 2 216
6 13 6 4 44
6 13 6 13 398
6 14 6 2 656
6 14 6 4 282
6 14 6 13 354
6 8 7 3 256
6 8 7 5 8
6 8 7 12 390
6 11 7 3 646
6 11 7 5 108
6 11 7 12 520
6 13 7 3 214
6 13 7 5 618
6 13 7 12 446
6 14 7 3 824
6 14 7 5 224
6 14 7 12 106
6 8 8 3 168
6 8 8 10 104
6 8 8 12 186
6 11 8 3 0
6 11 8 10 762
6 11 8 12 218
6 13 8 3 210
6 13 8 10 226
6 13 8 12 384
6 14 8 3 792
6 14 8 10 352
6 14 8 12 100
6 8 9 2 196
6 8 9 11 236
6 8 9 13 28
6 11 9 2 164
6 11 9 11 556
6 11 9 13 118
6 13 9 2 140
6 13 9 11 208
6 13 9 13 148
6 14 9 2 30
6 14 9 11 384
6 14 9 13 530
6 8 10 1 446
6 8 10 8 262
6 8 10 14 614
6 11 10 1 70
6 11 10 8 44
6 11 10 14 410
6 13 10 1 512
6 13 10 8 132
6 13 10 14 852
6 14 10 1 740
6 14 10 8 46
6 14 10 14 540
6 8 11 0 202
6 8 11 9 122
6 8 11 15 48
6 11 11 0 486
6 11 11 9 60
6 11 11 15 110
6 13 11 0 108
6 13 11 9 198
6 13 11 15 60
6 14 11 0 730
6 14 11 9 132
6 14 11 15 304
6 8 12 7 204
6 8 12 8 142
6 8 12 14 234
6 11 12 7 234
6 11 12 8 84
6 11 12 14 640
6 13 12 7 184
6 13 12 8 222
6 13 12 14 176
6 14 12 7 114
6 14 12 8 212
6 14 12 14 44
6 8 13 6 476
6 8 13 9 0
6 8 13 15 518
6 11 13 6 52
6 11 13 9 312
6 11 13 15 896
6 13 13 6 40
6 13 13 9 194
6 13 13 15 534
6 14 13 6 94
6 14 13 9 254
6 14 13 15 106
6 8 14 5 188
6 8 14 10 688
6 8 14 12 44
6 11 14 5 460
6 11 14 10 246
6 11 14 12 270
6 13 14 5 260
6 13 14 10 88
6 13 14 12 42
6 14 14 5 360
6 14 14 10 562
6 14 14 12 272
6 8 15 4 58
6 8 15 11 250
6 8 15 13 78
6 11 15 4 380
6 11 15 11 276
6 11 15 13 216
6 13 15 4 392
6 13 15 11 40
6 13 15 13 36
6 14 15 4 510
6 14 15 11 154
6 14 15 13 110
7 9 0 2 222
7 9 0 4 190
7 9 0 11 302
7 10 0 2 276
7 10 0 4 266
7 10 0 11 80
7 12 0 2 434
7 12 0 4 436
7 12 0 11 562
7 15 0 2 80
7 15 0 4 170
7 15 0 11 238
7 9 1 3 88
7 9 1 5 28
7 9 1 10 956
7 10 1 3 24
7 10 1 5 426
7 10 1 10 440
7 12 1 3 662
7 12 1 5 460
7 12 1 10 188
7 15 1 3 294
7 15 1 5 284
7 15 1 10 66
7 9 2 0 30
7 9 2 6 268
7 9 2 9 194
7 10 2 0 598
7 10 2 6 490
7 10 2 9 370
7 12 2 0 140
7 12 2 6 78
7 12 2 9 174
7 15 2 0 136
7 15 2 6 606
7 15 2 9 584
7 9 3 1 82
7 9 3 7 514
7 9 3 8 148
7 10 3 1 440
7 10 3 7 146
7 10 3 8 318
7 12 3 1 128
7 12 3 7 696
7 12 3 8 266
7 15 3 1 256
7 15 3 7 74
7 15 3 8 600
7 9 4 0 30
7 9 4 6 444
7 9 4 15 366
7 10 4 0 192
7 10 4 6 400
7 10 4 15 192
7 12 4 0 554
7 12 4 6 490
7 12 4 15 124
7 15 4 0 58
7 15 4 6 212
7 15 4 15 36
7 9 5 1 524
7 9 5 7 40
7 9 5 14 166
7 10 5 1 236
7 10 5 7 148
7 10 5 14 26
7 12 5 1 296
7 12 5 7 234
7 12 5 14 42
7 15 5 1 32
7 15 5 7 594
7 15 5 14 228
7 9 6 2 80
7 9 6 4 92
7 9 6 13 444
7 10 6 2 76
7 10 6 4 510
7 10 6 13 364
7 12 6 2 312
7 12 6 4 126
7 12 6 13 154
7 15 6 2 136
7 15 6 4 122
7 15 6 13 4
7 9 7 3 296
7 9 7 5 70
7 9 7 12 334
7 10 7 3 134
7 10 7 5 124
7 10 7 12 176
7 12 7 3 396
7 12 7 5 204
7 12 7 12 492
7 15 7 3 90
7 15 7 5 6
7 15 7 12 286
7 9 8 3 414
7 9 8 10 482
7 9 8 12 648
7 10 8 3 182
7 10 8 10 414
7 10 8 12 192
7 12 8 3 210
7 12 8 10 72
7 12 8 12 98
7 15 8 3 610
7 15 8 10 122
7 15 8 12 110
7 9 9 2 20
7 9 9 11 6
7 9 9 13 372
7 10 9 2 204
7 10 9 11 100
7 10 9 13 228
7 12 9 2 318
7 12 9 11 300
7 12 9 13 98
7 15 9 2 14
7 15 9 11 148
7 15 9 13 622
7 9 10 1 326
7 9 10 8 446
7 9 10 14 248
7 10 10 1 2
7 10 10 8 558
7 10 10 14 132
7 12 10 1 10
7 12 10 8 682
7 12 10 14 38
7 15 10 1 140
7 15 10 8 60
7 15 10 14 1018
7 9 11 0 392
7 9 11 9 162
7 9 11 15 284
7 10 11 0 138
7 10 11 9 198
7 10 11 15 166
7 12 11 0 108
7 12 11 9 182
7 12 11 15 28
7 15 11 0 66
7 15 11 9 46
7 15 11 15 366
7 9 12 7 384
7 9 12 8 44
7 9 12 14 516
7 10 12 7 12
7 10 12 8 248
7 10 12 14 198
7 12 12 7 70
7 12 12 8 264
7 12 12 14 194
7 15 12 7 328
7 15 12 8 192
7 15 12 14 114
7 9 13 6 162
7 9 13 9 10
7 9 13 15 166
7 10 13 6 162
7 10 13 9 828
7 10 13 15 542
7 12 13 6 192
7 12 13 9 720
7 12 13 15 206
7 15 13 6 256
7 15 13 9 172
7 15 13 15 2
7 9 14 5 236
7 9 14 10 148
7 9 14 12 258
7 10 14 5 168
7 10 14 10 126
7 10 14 12 22
7 12 14 5 680
7 12 14 10 96
7 12 14 12 220
7 15 14 5 130
7 15 14 10 28
7 15 14 12 282
7 9 15 4 78
7 9 15 11 98
7 9 15 13 620
7 10 15 4 8
7 10 15 11 180
7 10 15 13 192
7 12 15 4 138
7 12 15 11 332
7 12 15 13 480
7 15 15 4 588
7 15 15 11 20
7 15 15 13 408
8 10 0 2 336
8 10 0 4 40
8 10 0 11 378
8 12 0 2 512
8 12 0 4 388
8 12 0 11 316
8 10 1 3 324
8 10 1 5 86
8 10 1 10 450
8 12 1 3 140
8 12 1 5 10
8 12 1 10 318
8 10 2 0 222
8 10 2 6 110
8 10 2 9 74
8 12 2 0 308
8 12 2 6 256
8 12 2 9 182
8 10 3 1 4
8 10 3 7 516
8 10 3 8 250
8 12 3 1 174
8 12 3 7 302
8 12 3 8 408
8 10 4 0 72
8 10 4 6 264
8 10 4 15 808
8 12 4 0 68
8 12 4 6 182
8 12 4 15 186
8 10 5 1 284
8 10 5 7 30
8 10 5 14 252
8 12 5 1 842
8 12 5 7 28
8 12 5 14 402
8 10 6 2 76
8 10 6 4 408
8 10 6 13 216
8 12 6 2 34
8 12 6 4 156
8 12 6 13 232
8 10 7 3 48
8 10 7 5 244
8 10 7 12 168
8 12 7 3 870
8 12 7 5 698
8 12 7 12 180
8 10 8 3 344
8 10 8 10 86
8 10 8 12 306
8 12 8 3 198
8 12 8 10 754
8 12 8 12 622
8 10 9 2 28
8 10 9 11 514
8 10 9 13 86
8 12 9 2 346
8 12 9 11 168
8 12 9 13 462
8 10 10 1 18
8 10 10 8 856
8 10 10 14 470
8 12 10 1 152
8 12 10 8 276
8 12 10 14 316
8 10 11 0 24
8 10 11 9 428
8 10 11 15 84
8 12 11 0 770
8 12 11 9 280
8 12 11 15 180
8 10 12 7 354
8 10 12 8 178
8 10 12 14 122
8 12 12 7 308
8 12 12 8 168
8 12 12 14 154
8 10 13 6 260
8 10 13 9 446
8 10 13 15 140
8 12 13 6 426
8 12 13 9 238
8 12 13 15 104
8 10 14 5 70
8 10 14 10 914
8 10 14 12 184
8 12 14 5 576
8 12 14 10 134
8 12 14 12 548
8 10 15 4 526
8 10 15 11 412
8 10 15 13 216
8 12 15 4 210
8 12 15 11 416
8 12 15 13 732
9 11 0 2 232
9 11 0 4 22
9 11 0 11 250
9 13 0 2 284
9 13 0 4 582
9 13 0 11 70
9 11 1 3 128
9 11 1 5 82
9 11 1 10 158
9 13 1 3 230
9 13 1 5 216
9 13 1 10 158
9 11 2 0 294
9 11 2 6 264
9 11 2 9 480
9 13 2 0 616
9 13 2 6 106
9 13 2 9 142
9 11 3 1 16
9 11 3 7 472
9 11 3 8 344
9 13 3 1 266
9 13 3 7 124
9 13 3 8 144
9 11 4 0 202
9 11 4 6 212
9 11 4 15 220
9 13 4 0 510
9 13 4 6 238
9 13 4 15 50
9 11 5 1 1022
9 11 5 7 32
9 11 5 14 368
9 13 5 1 752
9 13 5 7 40
9 13 5 14 144
9 11 6 2 532
9 11 6 4 864
9 11 6 13 26
9 13 6 2 272
9 13 6 4 208
9 13 6 13 778
9 11 7 3 380
9 11 7 5 426
9 11 7 12 114
9 13 7 3 242
9 13 7 5 448
9 13 7 12 202
9 11 8 3 300
9 11 8 10 210
9 11 8 12 116
9 13 8 3 160
9 13 8 10 4
9 13 8 12 270
9 11 9 2 216
9 11 9 11 132
9 11 9 13 190
9 13 9 2 326
9 13 9 11 178
9 13 9 13 236
9 11 10 1 96
9 11 10 8 234
9 11 10 14 6
9 13 10 1 460
9 13 10 8 214
9 13 10 14 192
9 11 11 0 124
9 11 11 9 620
9 11 11 15 182
9 13 11 0 76
9 13 11 9 430
9 13 11 15 914
9 11 12 7 412
9 11 12 8 88
9 11 12 14 1096
9 13 12 7 0
9 13 12 8 394
9 13 12 14 126
9 11 13 6 6
9 11 13 9 404
9 11 13 15 80
9 13 13 6 58
9 13 13 9 56
9 13 13 15 96
9 11 14 5 402
9 11 14 10 2
9 11 14 12 412
9 13 14 5 104
9 13 14 10 346
9 13 14 12 102
9 11 15 4 578
9 11 15 11 458
9 11 15 13 212
9 13 15 4 944
9 13 15 11 122
9 13 15 13 282
10 14 0 2 114
10 14 0 4 436
10 14 0 11 196
10 14 1 3 46
10 14 1 5 484
10 14 1 10 156
10 14 2 0 506
10 14 2 6 266
10 14 2 9 6
10 14 3 1 628
10 14 3 7 40
10 14 3 8 64
10 14 4 0 228
10 14 4 6 126
10 14 4 15 220
10 14 5 1 554
10 14 5 7 58
10 14 5 14 162
10 14 6 2 124
10 14 6 4 154
10 14 6 13 154
10 14 7 3 416
10 14 7 5 720
10 14 7 12 430
10 14 8 3 662
10 14 8 10 46
10 14 8 12 32
10 14 9 2 342
10 14 9 11 138
10 14 9 13 222
10 14 10 1 474
10 14 10 8 642
10 14 10 14 682
10 14 11 0 660
10 14 11 9 246
10 14 11 15 128
10 14 12 7 352
10 14 12 8 426
10 14 12 14 168
10 14 13 6 20
10 14 13 9 286
10 14 13 15 58
10 14 14 5 866
10 14 14 10 28
10 14 14 12 564
10 14 15 4 34
10 14 15 11 412
10 14 15 13 264
11 15 0 2 988
11 15 0 4 112
11 15 0 11 614
11 15 1 3 236
11 15 1 5 82
11 15 1 10 168
11 15 2 0 442
11 15 2 6 636
11 15 2 9 418
11 15 3 1 616
11 15 3 7 618
11 15 3 8 314
11 15 4 0 658
11 15 4 6 352
11 15 4 15 158
11 15 5 1 578
11 15 5 7 280
11 15 5 14 382
11 15 6 2 330
11 15 6 4 182
11 15 6 13 228
11 15 7 3 110
11 15 7 5 272
11 15 7 12 534
11 15 8 3 178
11 15 8 10 1236
11 15 8 12 358
11 15 9 2 0
11 15 9 11 144
11 15 9 13 168
11 15 10 1 120
11 15 10 8 112
11 15 10 14 628
11 15 11 0 468
11 15 11 9 444
11 15 11 15 254
11 15 12 7 352
11 15 12 8 200
11 15 12 14 132
11 15 13 6 310
11 15 13 9 410
11 15 13 15 190
11 15 14 5 78
11 15 14 10 228
11 15 14 12 532
11 15 15 4 324
11 15 15 11 88
11 15 15 13 384
12 14 0 2 478
12 14 0 4 854
12 14 0 11 750
12 14 1 3 168
12 14 1 5 500
12 14 1 10 108
12 14 2 0 592
12 14 2 6 56
12 14 2 9 350
12 14 3 1 232
12 14 3 7 266
12 14 3 8 278
12 14 4 0 196
12 14 4 6 66
12 14 4 15 544
12 14 5 1 10
12 14 5 7 60
12 14 5 14 374
12 14 6 2 192
12 14 6 4 186
12 14 6 13 754
12 14 7 3 32
12 14 7 5 246
12 14 7 12 306
12 14 8 3 380
12 14 8 10 292
12 14 8 12 180
12 14 9 2 16
12 14 9 11 138
12 14 9 13 242
12 14 10 1 160
12 14 10 8 564
12 14 10 14 252
12 14 11 0 38
12 14 11 9 252
12 14 11 15 522
12 14 12 7 134
12 14 12 8 6
12 14 12 14 478
12 14 13 6 528
12 14 13 9 376
12 14 13 15 334
12 14 14 5 284
12 14 14 10 322
12 14 14 12 66
12 14 15 4 252
12 14 15 11 132
12 14 15 13 162
13 15 0 2 188
13 15 0 4 12
13 15 0 11 416
13 15 1 3 626
13 15 1 5 448
13 15 1 10 628
13 15 2 0 36
13 15 2 6 68
13 15 2 9 294
13 15 3 1 238
13 15 3 7 436
13 15 3 8 546
13 15 4 0 296
13 15 4 6 106
13 15 4 15 52
13 15 5 1 108
13 15 5 7 210
13 15 5 14 88
13 15 6 2 348
13 15 6 4 6
13 15 6 13 162
13 15 7 3 452
13 15 7 5 368
13 15 7 12 122
13 15 8 3 386
13 15 8 10 156
13 15 8 12 64
13 15 9 2 58
13 15 9 11 102
13 15 9 13 240
13 15 10 1 550
13 15 10 8 502
13 15 10 14 114
13 15 11 0 358
13 15 11 9 220
13 15 11 15 54
13 15 12 7 398
13 15 12 8 218
13 15 12 14 52
13 15 13 6 500
13 15 13 9 462
13 15 13 15 272
13 15 14 5 134
13 15 14 10 40
13 15 14 12 310
13 15 15 4 676
13 15 15 11 174
13 15 15 13 326
