0 2 0 2 46
0 2 0 4 26
0 2 0 11 272
0 4 0 2 14
0 4 0 4 438
0 4 0 11 14
0 8 0 2 258
0 8 0 4 74
0 8 0 11 260
0 11 0 2 44
0 11 0 4 92
0 11 0 11 144
0 13 0 2 118
0 13 0 4 288
0 13 0 11 72
0 14 0 2 234
0 14 0 4 454
0 14 0 11 114
0 2 1 3 12
0 2 1 5 446
0 2 1 10 42
0 4 1 3 430
0 4 1 5 156
0 4 1 10 70
0 8 1 3 204
0 8 1 5 442
0 8 1 10 126
0 11 1 3 364
0 11 1 5 236
0 11 1 10 134
0 13 1 3 36
0 13 1 5 456
0 13 1 10 680
0 14 1 3 570
0 14 1 5 686
0 14 1 10 188
0 2 2 0 204
0 2 2 6 224
0 2 2 9 22
0 4 2 0 68
0 4 2 6 284
0 4 2 9 86
0 8 2 0 990
0 8 2 6 268
0 8 2 9 318
0 11 2 0 544
0 11 2 6 1068
0 11 2 9 400
0 13 2 0 464
0 13 2 6 564
0 13 2 9 250
0 14 2 0 230
0 14 2 6 18
0 14 2 9 290
0 2 3 1 4
0 2 3 7 656
0 2 3 8 180
0 4 3 1 424
0 4 3 7 524
0 4 3 8 36
0 8 3 1 354
0 8 3 7 368
0 8 3 8 452
0 11 3 1 82
0 11 3 7 30
0 11 3 8 208
0 13 3 1 516
0 13 3 7 286
0 13 3 8 390
0 14 3 1 226
0 14 3 7 250
0 14 3 8 200
0 2 4 0 214
0 2 4 6 384
0 2 4 15 398
0 4 4 0 76
0 4 4 6 184
0 4 4 15 102
0 8 4 0 516
0 8 4 6 140
0 8 4 15 270
0 11 4 0 384
0 11 4 6 470
0 11 4 15 484
0 13 4 0 62
0 13 4 6 304
0 13 4 15 860
0 14 4 0 682
0 14 4 6 390
0 14 4 15 178
0 2 5 1 238
0 2 5 7 236
0 2 5 14 504
0 4 5 1 224
0 4 5 7 120
0 4 5 14 206
0 8 5 1 128
0 8 5 7 768
0 8 5 14 290
0 11 5 1 2
0 11 5 7 172
0 11 5 14 194
0 13 5 1 34
0 13 5 7 456
0 13 5 14 332
0 14 5 1 66
0 14 5 7 68
0 14 5 14 750
0 2 6 2 382
0 2 6 4 100
0 2 6 13 644
0 4 6 2 488
0 4 6 4 10
0 4 6 13 160
0 8 6 2 468
0 8 6 4 126
0 8 6 13 22
0 11 6 2 248
0 11 6 4 40
0 11 6 13 126
0 13 6 2 300
0 13 6 4 548
0 13 6 13 70
0 14 6 2 486
0 14 6 4 272
0 14 6 13 178
0 2 7 3 210
0 2 7 5 282
0 2 7 12 382
0 4 7 3 266
0 4 7 5 624
0 4 7 12 242
0 8 7 3 570
0 8 7 5 238
0 8 7 12 252
0 11 7 3 582
0 11 7 5 50
0 11 7 12 398
0 13 7 3 58
0 13 7 5 350
0 13 7 12 174
0 14 7 3 118
0 14 7 5 128
0 14 7 12 410
0 2 8 3 334
0 2 8 10 502
0 2 8 12 54
0 4 8 3 274
0 4 8 10 938
0 4 8 12 96
0 8 8 3 398
0 8 8 10 504
0 8 8 12 26
0 11 8 3 148
0 11 8 10 748
0 11 8 12 48
0 13 8 3 796
0 13 8 10 60
0 13 8 12 402
0 14 8 3 394
0 14 8 10 712
0 14 8 12 190
0 2 9 2 74
0 2 9 11 432
0 2 9 13 288
0 4 9 2 354
0 4 9 11 148
0 4 9 13 622
0 8 9 2 108
0 8 9 11 18
0 8 9 13 110
0 11 9 2 34
0 11 9 11 156
0 11 9 13 236
0 13 9 2 498
0 13 9 11 132
0 13 9 13 718
0 14 9 2 162
0 14 9 11 262
0 14 9 13 262
0 2 10 1 162
0 2 10 8 96
0 2 10 14 338
0 4 10 1 40
0 4 10 8 100
0 4 10 14 202
0 8 10 1 294
0 8 10 8 614
0 8 10 14 274
0 11 10 1 438
0 11 10 8 64
0 11 10 14 348
0 13 10 1 444
0 13 10 8 424
0 13 10 14 508
0 14 10 1 548
0 14 10 8 176
0 14 10 14 508
0 2 11 0 152
0 2 11 9 12
0 2 11 15 442
0 4 11 0 2
0 4 11 9 46
0 4 11 15 100
0 8 11 0 268
0 8 11 9 588
0 8 11 15 726
0 11 11 0 58
0 11 11 9 502
0 11 11 15 52
0 13 11 0 488
0 13 11 9 12
0 13 11 15 128
0 14 11 0 216
0 14 11 9 282
0 14 11 15 64
0 2 12 7 230
0 2 12 8 360
0 2 12 14 200
0 4 12 7 680
0 4 12 8 198
0 4 12 14 490
0 8 12 7 100
0 8 12 8 200
0 8 12 14 420
0 11 12 7 492
0 11 12 8 158
0 11 12 14 386
0 13 12 7 94
0 13 12 8 518
0 13 12 14 302
0 14 12 7 374
0 14 12 8 430
0 14 12 14 152
0 2 13 6 4
0 2 13 9 174
0 2 13 15 58
0 4 13 6 330
0 4 13 9 294
0 4 13 15 304
0 8 13 6 338
0 8 13 9 286
0 8 13 15 208
0 11 13 6 348
0 11 13 9 316
0 11 13 15 18
0 13 13 6 360
0 13 13 9 12
0 13 13 15 42
0 14 13 6 272
0 14 13 9 506
0 14 13 15 310
0 2 14 5 174
0 2 14 10 154
0 2 14 12 30
0 4 14 5 20
0 4 14 10 82
0 4 14 12 496
0 8 14 5 250
0 8 14 10 250
0 8 14 12 204
0 11 14 5 294
0 11 14 10 232
0 11 14 12 50
0 13 14 5 244
0 13 14 10 180
0 13 14 12 416
0 14 14 5 4
0 14 14 10 452
0 14 14 12 298
0 2 15 4 416
0 2 15 11 52
0 2 15 13 260
0 4 15 4 362
0 4 15 11 84
0 4 15 13 240
0 8 15 4 236
0 8 15 11 256
0 8 15 13 410
0 11 15 4 228
0 11 15 11 18
0 11 15 13 448
0 13 15 4 424
0 13 15 11 144
0 13 15 13 112
0 14 15 4 96
0 14 15 11 172
0 14 15 13 338
1 3 0 2 68
1 3 0 4 106
1 3 0 11 68
1 5 0 2 460
1 5 0 4 616
1 5 0 11 110
1 9 0 2 376
1 9 0 4 102
1 9 0 11 470
1 10 0 2 138
1 10 0 4 56
1 10 0 11 1058
1 12 0 2 80
1 12 0 4 96
1 12 0 11 298
1 15 0 2 344
1 15 0 4 424
1 15 0 11 184
1 3 1 3 22
1 3 1 5 202
1 3 1 10 350
1 5 1 3 92
1 5 1 5 418
1 5 1 10 44
1 9 1 3 424
1 9 1 5 136
1 9 1 10 24
1 10 1 3 886
1 10 1 5 570
1 10 1 10 572
1 12 1 3 212
1 12 1 5 44
1 12 1 10 808
1 15 1 3 336
1 15 1 5 22
1 15 1 10 60
1 3 2 0 218
1 3 2 6 452
1 3 2 9 410
1 5 2 0 174
1 5 2 6 10
1 5 2 9 560
1 9 2 0 234
1 9 2 6 402
1 9 2 9 40
1 10 2 0 326
1 10 2 6 242
1 10 2 9 188
1 12 2 0 6
1 12 2 6 40
1 12 2 9 736
1 15 2 0 764
1 15 2 6 380
1 15 2 9 58
1 3 3 1 300
1 3 3 7 420
1 3 3 8 244
1 5 3 1 188
1 5 3 7 56
1 5 3 8 68
1 9 3 1 142
1 9 3 7 454
1 9 3 8 346
1 10 3 1 218
1 10 3 7 68
1 10 3 8 414
1 12 3 1 92
1 12 3 7 26
1 12 3 8 148
1 15 3 1 72
1 15 3 7 142
1 15 3 8 42
1 3 4 0 428
1 3 4 6 484
1 3 4 15 86
1 5 4 0 86
1 5 4 6 456
1 5 4 15 44
1 9 4 0 332
1 9 4 6 114
1 9 4 15 212
1 10 4 0 16
1 10 4 6 854
1 10 4 15 168
1 12 4 0 158
1 12 4 6 2
1 12 4 15 134
1 15 4 0 796
1 15 4 6 554
1 15 4 15 464
1 3 5 1 166
1 3 5 7 82
1 3 5 14 282
1 5 5 1 22
1 5 5 7 96
1 5 5 14 322
1 9 5 1 308
1 9 5 7 450
1 9 5 14 340
1 10 5 1 82
1 10 5 7 642
1 10 5 14 98
1 12 5 1 190
1 12 5 7 168
1 12 5 14 336
1 15 5 1 272
1 15 5 7 564
1 15 5 14 146
1 3 6 2 444
1 3 6 4 28
1 3 6 13 2
1 5 6 2 206
1 5 6 4 50
1 5 6 13 22
1 9 6 2 228
1 9 6 4 182
1 9 6 13 186
1 10 6 2 412
1 10 6 4 156
1 10 6 13 222
1 12 6 2 116
1 12 6 4 468
1 12 6 13 282
1 15 6 2 200
1 15 6 4 226
1 15 6 13 448
1 3 7 3 596
1 3 7 5 528
1 3 7 12 200
1 5 7 3 590
1 5 7 5 474
1 5 7 12 112
1 9 7 3 108
1 9 7 5 596
1 9 7 12 256
1 10 7 3 370
1 10 7 5 278
1 10 7 12 328
1 12 7 3 542
1 12 7 5 300
1 12 7 12 258
1 15 7 3 320
1 15 7 5 576
1 15 7 12 626
1 3 8 3 220
1 3 8 10 458
1 3 8 12 326
1 5 8 3 490
1 5 8 10 642
1 5 8 12 286
1 9 8 3 418
1 9 8 10 414
1 9 8 12 152
1 10 8 3 170
1 10 8 10 366
1 10 8 12 124
1 12 8 3 432
1 12 8 10 224
1 12 8 12 196
1 15 8 3 48
1 15 8 10 240
1 15 8 12 186
1 3 9 2 70
1 3 9 11 348
1 3 9 13 506
1 5 9 2 466
1 5 9 11 34
1 5 9 13 208
1 9 9 2 258
1 9 9 11 56
1 9 9 13 188
1 10 9 2 286
1 10 9 11 338
1 10 9 13 210
1 12 9 2 194
1 12 9 11 4
1 12 9 13 54
1 15 9 2 560
1 15 9 11 36
1 15 9 13 290
1 3 10 1 280
1 3 10 8 158
1 3 10 14 18
1 5 10 1 264
1 5 10 8 206
1 5 10 14 20
1 9 10 1 430
1 9 10 8 916
1 9 10 14 126
1 10 10 1 344
1 10 10 8 590
1 10 10 14 440
1 12 10 1 268
1 12 10 8 232
1 12 10 14 84
1 15 10 1 352
1 15 10 8 278
1 15 10 14 94
1 3 11 0 90
1 3 11 9 78
1 3 11 15 426
1 5 11 0 632
1 5 11 9 52
1 5 11 15 724
1 9 11 0 318
1 9 11 9 950
1 9 11 15 578
1 10 11 0 68
1 10 11 9 84
1 10 11 15 184
1 12 11 0 358
1 12 11 9 440
1 12 11 15 174
1 15 11 0 324
1 15 11 9 232
1 15 11 15 478
1 3 12 7 272
1 3 12 8 352
1 3 12 14 534
1 5 12 7 310
1 5 12 8 158
1 5 12 14 116
1 9 12 7 152
1 9 12 8 34
1 9 12 14 402
1 10 12 7 234
1 10 12 8 180
1 10 12 14 216
1 12 12 7 372
1 12 12 8 616
1 12 12 14 564
1 15 12 7 136
1 15 12 8 210
1 15 12 14 70
1 3 13 6 332
1 3 13 9 100
1 3 13 15 1032
1 5 13 6 596
1 5 13 9 286
1 5 13 15 356
1 9 13 6 520
1 9 13 9 448
1 9 13 15 542
1 10 13 6 380
1 10 13 9 196
1 10 13 15 256
1 12 13 6 194
1 12 13 9 402
1 12 13 15 304
1 15 13 6 418
1 15 13 9 624
1 15 13 15 10
1 3 14 5 456
1 3 14 10 166
1 3 14 12 142
1 5 14 5 166
1 5 14 10 520
1 5 14 12 108
1 9 14 5 354
1 9 14 10 300
1 9 14 12 186
1 10 14 5 238
1 10 14 10 166
1 10 14 12 858
1 12 14 5 370
1 12 14 10 260
1 12 14 12 248
1 15 14 5 294
1 15 14 10 294
1 15 14 12 58
1 3 15 4 150
1 3 15 11 572
1 3 15 13 848
1 5 15 4 324
1 5 15 11 38
1 5 15 13 340
1 9 15 4 72
1 9 15 11 22
1 9 15 13 146
1 10 15 4 200
1 10 15 11 384
1 10 15 13 298
1 12 15 4 240
1 12 15 11 76
1 12 15 13 94
1 15 15 4 296
1 15 15 11 720
1 15 15 13 144
2 6 0 2 438
2 6 0 4 530
2 6 0 11 264
2 9 0 2 736
2 9 0 4 54
2 9 0 11 108
2 10 0 2 226
2 10 0 4 558
2 10 0 11 22
2 12 0 2 228
2 12 0 4 42
2 12 0 11 658
2 15 0 2 226
2 15 0 4 364
2 15 0 11 138
2 6 1 3 640
2 6 1 5 118
2 6 1 10 212
2 9 1 3 72
2 9 1 5 100
2 9 1 10 366
2 10 1 3 516
2 10 1 5 42
2 10 1 10 326
2 12 1 3 346
2 12 1 5 780
2 12 1 10 512
2 15 1 3 372
2 15 1 5 456
2 15 1 10 302
2 6 2 0 100
2 6 2 6 540
2 6 2 9 72
2 9 2 0 8
2 9 2 6 626
2 9 2 9 382
2 10 2 0 246
2 10 2 6 36
2 10 2 9 452
2 12 2 0 238
2 12 2 6 216
2 12 2 9 132
2 15 2 0 202
2 15 2 6 538
2 15 2 9 4
2 6 3 1 112
2 6 3 7 96
2 6 3 8 48
2 9 3 1 388
2 9 3 7 110
2 9 3 8 22
2 10 3 1 160
2 10 3 7 62
2 10 3 8 74
2 12 3 1 122
2 12 3 7 166
2 12 3 8 988
2 15 3 1 402
2 15 3 7 424
2 15 3 8 410
2 6 4 0 60
2 6 4 6 228
2 6 4 15 600
2 9 4 0 98
2 9 4 6 8
2 9 4 15 538
2 10 4 0 224
2 10 4 6 340
2 10 4 15 230
2 12 4 0 628
2 12 4 6 280
2 12 4 15 526
2 15 4 0 110
2 15 4 6 392
2 15 4 15 546
2 6 5 1 588
2 6 5 7 242
2 6 5 14 626
2 9 5 1 222
2 9 5 7 718
2 9 5 14 524
2 10 5 1 708
2 10 5 7 300
2 10 5 14 234
2 12 5 1 568
2 12 5 7 130
2 12 5 14 28
2 15 5 1 540
2 15 5 7 408
2 15 5 14 126
2 6 6 2 162
2 6 6 4 166
2 6 6 13 202
2 9 6 2 312
2 9 6 4 490
2 9 6 13 440
2 10 6 2 280
2 10 6 4 124
2 10 6 13 26
2 12 6 2 82
2 12 6 4 364
2 12 6 13 92
2 15 6 2 20
2 15 6 4 754
2 15 6 13 708
2 6 7 3 74
2 6 7 5 272
2 6 7 12 362
2 9 7 3 418
2 9 7 5 772
2 9 7 12 150
2 10 7 3 52
2 10 7 5 392
2 10 7 12 124
2 12 7 3 18
2 12 7 5 150
2 12 7 12 382
2 15 7 3 76
2 15 7 5 132
2 15 7 12 598
2 6 8 3 278
2 6 8 10 62
2 6 8 12 224
2 9 8 3 78
2 9 8 10 24
2 9 8 12 52
2 10 8 3 288
2 10 8 10 78
2 10 8 12 172
2 12 8 3 20
2 12 8 10 410
2 12 8 12 130
2 15 8 3 648
2 15 8 10 112
2 15 8 12 68
2 6 9 2 418
2 6 9 11 644
2 6 9 13 396
2 9 9 2 194
2 9 9 11 570
2 9 9 13 204
2 10 9 2 538
2 10 9 11 44
2 10 9 13 44
2 12 9 2 430
2 12 9 11 282
2 12 9 13 952
2 15 9 2 12
2 15 9 11 304
2 15 9 13 530
2 6 10 1 88
2 6 10 8 508
2 6 10 14 612
2 9 10 1 0
2 9 10 8 718
2 9 10 14 110
2 10 10 1 96
2 10 10 8 204
2 10 10 14 174
2 12 10 1 62
2 12 10 8 88
2 12 10 14 146
2 15 10 1 260
2 15 10 8 276
2 15 10 14 692
2 6 11 0 2
2 6 11 9 422
2 6 11 15 96
2 9 11 0 90
2 9 11 9 388
2 9 11 15 148
2 10 11 0 152
2 10 11 9 110
2 10 11 15 196
2 12 11 0 176
2 12 11 9 46
2 12 11 15 14
2 15 11 0 38
2 15 11 9 148
2 15 11 15 472
2 6 12 7 106
2 6 12 8 722
2 6 12 14 466
2 9 12 7 246
2 9 12 8 308
2 9 12 14 302
2 10 12 7 424
2 10 12 8 460
2 10 12 14 324
2 12 12 7 238
2 12 12 8 24
2 12 12 14 632
2 15 12 7 14
2 15 12 8 446
2 15 12 14 332
2 6 13 6 314
2 6 13 9 454
2 6 13 15 102
2 9 13 6 128
2 9 13 9 378
2 9 13 15 336
2 10 13 6 144
2 10 13 9 832
2 10 13 15 306
2 12 13 6 84
2 12 13 9 270
2 12 13 15 704
2 15 13 6 408
2 15 13 9 148
2 15 13 15 160
2 6 14 5 88
2 6 14 10 14
2 6 14 12 118
2 9 14 5 94
2 9 14 10 816
2 9 14 12 462
2 10 14 5 94
2 10 14 10 262
2 10 14 12 210
2 12 14 5 550
2 12 14 10 240
2 12 14 12 120
2 15 14 5 194
2 15 14 10 356
2 15 14 12 398
2 6 15 4 420
2 6 15 11 196
2 6 15 13 630
2 9 15 4 64
2 9 15 11 726
2 9 15 13 222
2 10 15 4 288
2 10 15 11 74
2 10 15 13 190
2 12 15 4 170
2 12 15 11 24
2 12 15 13 232
2 15 15 4 138
2 15 15 11 172
2 15 15 13 208
3 7 0 2 444
3 7 0 4 322
3 7 0 11 50
3 8 0 2 240
3 8 0 4 932
3 8 0 11 260
3 11 0 2 828
3 11 0 4 106
3 11 0 11 202
3 13 0 2 234
3 13 0 4 60
3 13 0 11 842
3 14 0 2 228
3 14 0 4 528
3 14 0 11 74
3 7 1 3 362
3 7 1 5 204
3 7 1 10 498
3 8 1 3 630
3 8 1 5 306
3 8 1 10 432
3 11 1 3 576
3 11 1 5 286
3 11 1 10 138
3 13 1 3 190
3 13 1 5 200
3 13 1 10 198
3 14 1 3 124
3 14 1 5 110
3 14 1 10 776
3 7 2 0 510
3 7 2 6 360
3 7 2 9 312
3 8 2 0 532
3 8 2 6 402
3 8 2 9 130
3 11 2 0 264
3 11 2 6 216
3 11 2 9 368
3 13 2 0 908
3 13 2 6 94
3 13 2 9 278
3 14 2 0 536
3 14 2 6 4
3 14 2 9 832
3 7 3 1 48
3 7 3 7 70
3 7 3 8 484
3 8 3 1 348
3 8 3 7 210
3 8 3 8 218
3 11 3 1 286
3 11 3 7 122
3 11 3 8 724
3 13 3 1 308
3 13 3 7 86
3 13 3 8 830
3 14 3 1 36
3 14 3 7 242
3 14 3 8 104
3 7 4 0 224
3 7 4 6 174
3 7 4 15 114
3 8 4 0 104
3 8 4 6 254
3 8 4 15 92
3 11 4 0 432
3 11 4 6 256
3 11 4 15 240
3 13 4 0 168
3 13 4 6 528
3 13 4 15 26
3 14 4 0 132
3 14 4 6 264
3 14 4 15 282
3 7 5 1 280
3 7 5 7 502
3 7 5 14 270
3 8 5 1 8
3 8 5 7 396
3 8 5 14 842
3 11 5 1 334
3 11 5 7 514
3 11 5 14 680
3 13 5 1 92
3 13 5 7 6
3 13 5 14 74
3 14 5 1 250
3 14 5 7 86
3 14 5 14 306
3 7 6 2 538
3 7 6 4 184
3 7 6 13 168
3 8 6 2 476
3 8 6 4 148
3 8 6 13 384
3 11 6 2 180
3 11 6 4 660
3 11 6 13 300
3 13 6 2 384
3 13 6 4 356
3 13 6 13 156
3 14 6 2 366
3 14 6 4 582
3 14 6 13 20
3 7 7 3 138
3 7 7 5 1140
3 7 7 12 182
3 8 7 3 542
3 8 7 5 158
3 8 7 12 680
3 11 7 3 28
3 11 7 5 66
3 11 7 12 256
3 13 7 3 346
3 13 7 5 32
3 13 7 12 602
3 14 7 3 446
3 14 7 5 142
3 14 7 12 142
3 7 8 3 204
3 7 8 10 538
3 7 8 12 634
3 8 8 3 522
3 8 8 10 642
3 8 8 12 402
3 11 8 3 184
3 11 8 10 302
3 11 8 12 314
3 13 8 3 196
3 13 8 10 36
3 13 8 12 498
3 14 8 3 252
3 14 8 10 86
3 14 8 12 256
3 7 9 2 88
3 7 9 11 268
3 7 9 13 96
3 8 9 2 120
3 8 9 11 94
3 8 9 13 194
3 11 9 2 290
3 11 9 11 470
3 11 9 13 386
3 13 9 2 284
3 13 9 11 584
3 13 9 13 358
3 14 9 2 82
3 14 9 11 424
3 14 9 13 308
3 7 10 1 228
3 7 10 8 162
3 7 10 14 58
3 8 10 1 10
3 8 10 8 160
3 8 10 14 38
3 11 10 1 88
3 11 10 8 236
3 11 10 14 36
3 13 10 1 502
3 13 10 8 212
3 13 10 14 410
3 14 10 1 50
3 14 10 8 448
3 14 10 14 82
3 7 11 0 278
3 7 11 9 218
3 7 11 15 756
3 8 11 0 232
3 8 11 9 332
3 8 11 15 8
3 11 11 0 220
3 11 11 9 224
3 11 11 15 182
3 13 11 0 152
3 13 11 9 304
3 13 11 15 250
3 14 11 0 344
3 14 11 9 174
3 14 11 15 486
3 7 12 7 338
3 7 12 8 228
3 7 12 14 102
3 8 12 7 332
3 8 12 8 242
3 8 12 14 216
3 11 12 7 288
3 11 12 8 76
3 11 12 14 374
3 13 12 7 150
3 13 12 8 26
3 13 12 14 520
3 14 12 7 130
3 14 12 8 252
3 14 12 14 34
3 7 13 6 216
3 7 13 9 106
3 7 13 15 58
3 8 13 6 290
3 8 13 9 214
3 8 13 15 184
3 11 13 6 224
3 11 13 9 486
3 11 13 15 410
3 13 13 6 24
3 13 13 9 412
3 13 13 15 508
3 14 13 6 304
3 14 13 9 154
3 14 13 15 310
3 7 14 5 122
3 7 14 10 284
3 7 14 12 140
3 8 14 5 490
3 8 14 10 78
3 8 14 12 318
3 11 14 5 304
3 11 14 10 298
3 11 14 12 102
3 13 14 5 472
3 13 14 10 78
3 13 14 12 460
3 14 14 5 408
3 14 14 10 34
3 14 14 12 496
3 7 15 4 162
3 7 15 11 820
3 7 15 13 228
3 8 15 4 88
3 8 15 11 146
3 8 15 13 218
3 11 15 4 136
3 11 15 11 236
3 11 15 13 232
3 13 15 4 594
3 13 15 11 526
3 13 15 13 698
3 14 15 4 142
3 14 15 11 208
3 14 15 13 58
4 6 0 2 38
4 6 0 4 384
4 6 0 11 218
4 9 0 2 138
4 9 0 4 236
4 9 0 11 544
4 10 0 2 64
4 10 0 4 250
4 10 0 11 248
4 12 0 2 118
4 12 0 4 112
4 12 0 11 496
4 15 0 2 326
4 15 0 4 490
4 15 0 11 276
4 6 1 3 176
4 6 1 5 994
4 6 1 10 232
4 9 1 3 32
4 9 1 5 110
4 9 1 10 118
4 10 1 3 226
4 10 1 5 262
4 10 1 10 572
4 12 1 3 222
4 12 1 5 14
4 12 1 10 178
4 15 1 3 220
4 15 1 5 530
4 15 1 10 430
4 6 2 0 528
4 6 2 6 616
4 6 2 9 18
4 9 2 0 288
4 9 2 6 384
4 9 2 9 310
4 10 2 0 458
4 10 2 6 184
4 10 2 9 176
4 12 2 0 102
4 12 2 6 264
4 12 2 9 122
4 15 2 0 674
4 15 2 6 464
4 15 2 9 126
4 6 3 1 122
4 6 3 7 180
4 6 3 8 190
4 9 3 1 146
4 9 3 7 194
4 9 3 8 198
4 10 3 1 448
4 10 3 7 516
4 10 3 8 144
4 12 3 1 288
4 12 3 7 310
4 12 3 8 144
4 15 3 1 340
4 15 3 7 146
4 15 3 8 280
4 6 4 0 96
4 6 4 6 250
4 6 4 15 110
4 9 4 0 764
4 9 4 6 316
4 9 4 15 594
4 10 4 0 94
4 10 4 6 156
4 10 4 15 350
4 12 4 0 144
4 12 4 6 466
4 12 4 15 122
4 15 4 0 422
4 15 4 6 110
4 15 4 15 14
4 6 5 1 216
4 6 5 7 932
4 6 5 14 132
4 9 5 1 30
4 9 5 7 162
4 9 5 14 270
4 10 5 1 184
4 10 5 7 56
4 10 5 14 502
4 12 5 1 198
4 12 5 7 530
4 12 5 14 354
4 15 5 1 186
4 15 5 7 14
4 15 5 14 172
4 6 6 2 400
4 6 6 4 196
4 6 6 13 202
4 9 6 2 354
4 9 6 4 192
4 9 6 13 228
4 10 6 2 174
4 10 6 4 616
4 10 6 13 270
4 12 6 2 130
4 12 6 4 92
4 12 6 13 310
4 15 6 2 656
4 15 6 4 328
4 15 6 13 608
4 6 7 3 26
4 6 7 5 98
4 6 7 12 384
4 9 7 3 288
4 9 7 5 94
4 9 7 12 32
4 10 7 3 250
4 10 7 5 142
4 10 7 12 14
4 12 7 3 316
4 12 7 5 422
4 12 7 12 110
4 15 7 3 52
4 15 7 5 72
4 15 7 12 72
4 6 8 3 338
4 6 8 10 392
4 6 8 12 164
4 9 8 3 184
4 9 8 10 158
4 9 8 12 80
4 10 8 3 80
4 10 8 10 158
4 10 8 12 86
4 12 8 3 382
4 12 8 10 152
4 12 8 12 256
4 15 8 3 440
4 15 8 10 94
4 15 8 12 54
4 6 9 2 34
4 6 9 11 232
4 6 9 13 130
4 9 9 2 266
4 9 9 11 236
4 9 9 13 626
4 10 9 2 122
4 10 9 11 206
4 10 9 13 402
4 12 9 2 702
4 12 9 11 708
4 12 9 13 386
4 15 9 2 182
4 15 9 11 294
4 15 9 13 218
4 6 10 1 94
4 6 10 8 264
4 6 10 14 354
4 9 10 1 212
4 9 10 8 242
4 9 10 14 194
4 10 10 1 336
4 10 10 8 140
4 10 10 14 240
4 12 10 1 358
4 12 10 8 426
4 12 10 14 152
4 15 10 1 172
4 15 10 8 516
4 15 10 14 444
4 6 11 0 386
4 6 11 9 432
4 6 11 15 750
4 9 11 0 76
4 9 11 9 232
4 9 11 15 582
4 10 11 0 82
4 10 11 9 22
4 10 11 15 404
4 12 11 0 670
4 12 11 9 68
4 12 11 15 78
4 15 11 0 66
4 15 11 9 244
4 15 11 15 784
4 6 12 7 10
4 6 12 8 216
4 6 12 14 28
4 9 12 7 8
4 9 12 8 286
4 9 12 14 264
4 10 12 7 294
4 10 12 8 554
4 10 12 14 10
4 12 12 7 832
4 12 12 8 298
4 12 12 14 418
4 15 12 7 404
4 15 12 8 118
4 15 12 14 472
4 6 13 6 680
4 6 13 9 286
4 6 13 15 474
4 9 13 6 114
4 9 13 9 226
4 9 13 15 204
4 10 13 6 256
4 10 13 9 98
4 10 13 15 656
4 12 13 6 54
4 12 13 9 184
4 12 13 15 264
4 15 13 6 214
4 15 13 9 268
4 15 13 15 322
4 6 14 5 426
4 6 14 10 196
4 6 14 12 328
4 9 14 5 42
4 9 14 10 56
4 9 14 12 392
4 10 14 5 136
4 10 14 10 354
4 10 14 12 80
4 12 14 5 610
4 12 14 10 326
4 12 14 12 338
4 15 14 5 412
4 15 14 10 658
4 15 14 12 548
4 6 15 4 22
4 6 15 11 422
4 6 15 13 130
4 9 15 4 148
4 9 15 11 72
4 9 15 13 410
4 10 15 4 78
4 10 15 11 420
4 10 15 13 106
4 12 15 4 714
4 12 15 11 198
4 12 15 13 376
4 15 15 4 84
4 15 15 11 304
4 15 15 13 600
5 7 0 2 292
5 7 0 4 196
5 7 0 11 528
5 8 0 2 300
5 8 0 4 188
5 8 0 11 706
5 11 0 2 626
5 11 0 4 92
5 11 0 11 112
5 13 0 2 176
5 13 0 4 60
5 13 0 11 174
5 14 0 2 862
5 14 0 4 294
5 14 0 11 54
5 7 1 3 114
5 7 1 5 52
5 7 1 10 134
5 8 1 3 278
5 8 1 5 640
5 8 1 10 96
5 11 1 3 326
5 11 1 5 18
5 11 1 10 548
5 13 1 3 304
5 13 1 5 538
5 13 1 10 234
5 14 1 3 278
5 14 1 5 232
5 14 1 10 102
5 7 2 0 200
5 7 2 6 232
5 7 2 9 100
5 8 2 0 630
5 8 2 6 496
5 8 2 9 508
5 11 2 0 498
5 11 2 6 100
5 11 2 9 120
5 13 2 0 48
5 13 2 6 496
5 13 2 9 520
5 14 2 0 122
5 14 2 6 26
5 14 2 9 160
5 7 3 1 264
5 7 3 7 0
5 7 3 8 502
5 8 3 1 278
5 8 3 7 446
5 8 3 8 198
5 11 3 1 298
5 11 3 7 196
5 11 3 8 410
5 13 3 1 396
5 13 3 7 248
5 13 3 8 90
5 14 3 1 50
5 14 3 7 254
5 14 3 8 278
5 7 4 0 158
5 7 4 6 338
5 7 4 15 456
5 8 4 0 482
5 8 4 6 76
5 8 4 15 332
5 11 4 0 110
5 11 4 6 350
5 11 4 15 568
5 13 4 0 104
5 13 4 6 390
5 13 4 15 794
5 14 4 0 88
5 14 4 6 456
5 14 4 15 312
5 7 5 1 338
5 7 5 7 110
5 7 5 14 570
5 8 5 1 118
5 8 5 7 288
5 8 5 14 124
5 11 5 1 96
5 11 5 7 172
5 11 5 14 836
5 13 5 1 216
5 13 5 7 74
5 13 5 14 94
5 14 5 1 8
5 14 5 7 116
5 14 5 14 266
5 7 6 2 96
5 7 6 4 10
5 7 6 13 102
5 8 6 2 46
5 8 6 4 140
5 8 6 13 950
5 11 6 2 500
5 11 6 4 478
5 11 6 13 508
5 13 6 2 56
5 13 6 4 492
5 13 6 13 666
5 14 6 2 150
5 14 6 4 202
5 14 6 13 346
5 7 7 3 76
5 7 7 5 414
5 7 7 12 50
5 8 7 3 352
5 8 7 5 188
5 8 7 12 78
5 11 7 3 128
5 11 7 5 512
5 11 7 12 620
5 13 7 3 174
5 13 7 5 508
5 13 7 12 110
5 14 7 3 546
5 14 7 5 92
5 14 7 12 394
5 7 8 3 542
5 7 8 10 828
5 7 8 12 290
5 8 8 3 82
5 8 8 10 268
5 8 8 12 108
5 11 8 3 42
5 11 8 10 100
5 11 8 12 366
5 13 8 3 260
5 13 8 10 202
5 13 8 12 626
5 14 8 3 284
5 14 8 10 320
5 14 8 12 608
5 7 9 2 142
5 7 9 11 186
5 7 9 13 484
5 8 9 2 318
5 8 9 11 230
5 8 9 13 124
5 11 9 2 252
5 11 9 11 98
5 11 9 13 32
5 13 9 2 252
5 13 9 11 248
5 13 9 13 288
5 14 9 2 554
5 14 9 11 360
5 14 9 13 316
5 7 10 1 330
5 7 10 8 402
5 7 10 14 276
5 8 10 1 22
5 8 10 8 4
5 8 10 14 560
5 11 10 1 108
5 11 10 8 704
5 11 10 14 84
5 13 10 1 74
5 13 10 8 10
5 13 10 14 96
5 14 10 1 96
5 14 10 8 54
5 14 10 14 42
5 7 11 0 246
5 7 11 9 88
5 7 11 15 222
5 8 11 0 370
5 8 11 9 262
5 8 11 15 178
5 11 11 0 676
5 11 11 9 360
5 11 11 15 648
5 13 11 0 28
5 13 11 9 200
5 13 11 15 80
5 14 11 0 678
5 14 11 9 98
5 14 11 15 454
5 7 12 7 454
5 7 12 8 258
5 7 12 14 174
5 8 12 7 612
5 8 12 8 76
5 8 12 14 266
5 11 12 7 426
5 11 12 8 178
5 11 12 14 8
5 13 12 7 12
5 13 12 8 328
5 13 12 14 162
5 14 12 7 306
5 14 12 8 24
5 14 12 14 658
5 7 13 6 90
5 7 13 9 88
5 7 13 15 418
5 8 13 6 128
5 8 13 9 558
5 8 13 15 84
5 11 13 6 274
5 11 13 9 376
5 11 13 15 750
5 13 13 6 132
5 13 13 9 248
5 13 13 15 470
5 14 13 6 16
5 14 13 9 360
5 14 13 15 1018
5 7 14 5 26
5 7 14 10 384
5 7 14 12 184
5 8 14 5 624
5 8 14 10 196
5 8 14 12 326
5 11 14 5 92
5 11 14 10 22
5 11 14 12 24
5 13 14 5 144
5 13 14 10 54
5 13 14 12 160
5 14 14 5 248
5 14 14 10 256
5 14 14 12 678
5 7 15 4 18
5 7 15 11 406
5 7 15 13 392
5 8 15 4 254
5 8 15 11 198
5 8 15 13 208
5 11 15 4 16
5 11 15 11 78
5 11 15 13 318
5 13 15 4 0
5 13 15 11 404
5 13 15 13 424
5 14 15 4 52
5 14 15 11 174
5 14 15 13 110
6 8 0 2 118
6 8 0 4 510
6 8 0 11 42
6 11 0 2 34
6 11 0 4 580
6 11 0 11 94
6 13 0 2 480
6 13 0 4 608
6 13 0 11 438
6 14 0 2 54
6 14 0 4 126
6 14 0 11 110
6 8 1 3 22
6 8 1 5 28
6 8 1 10 44
6 11 1 3 94
6 11 1 5 410
6 11 1 10 378
6 13 1 3 548
6 13 1 5 500
6 13 1 10 196
6 14 1 3 96
6 14 1 5 166
6 14 1 10 102
6 8 2 0 464
6 8 2 6 502
6 8 2 9 14
6 11 2 0 506
6 11 2 6 258
6 11 2 9 302
6 13 2 0 578
6 13 2 6 300
6 13 2 9 66
6 14 2 0 48
6 14 2 6 320
6 14 2 9 392
6 8 3 1 180
6 8 3 7 338
6 8 3 8 148
6 11 3 1 112
6 11 3 7 88
6 11 3 8 446
6 13 3 1 426
6 13 3 7 90
6 13 3 8 258
6 14 3 1 614
6 14 3 7 126
6 14 3 8 30
6 8 4 0 250
6 8 4 6 742
6 8 4 15 464
6 11 4 0 120
6 11 4 6 726
6 11 4 15 322
6 13 4 0 22
6 13 4 6 18
6 13 4 15 118
6 14 4 0 198
6 14 4 6 148
6 14 4 15 182
6 8 5 1 362
6 8 5 7 556
6 8 5 14 336
6 11 5 1 310
6 11 5 7 202
6 11 5 14 512
6 13 5 1 542
6 13 5 7 272
6 13 5 14 32
6 14 5 1 580
6 14 5 7 436
6 14 5 14 826
6 8 6 2 542
6 8 6 4 450
6 8 6 13 196
6 11 6 2 140
6 11 6 4 6
6 11 6 13 130
6 13 6 2 132
6 13 6 4 120
6 13 6 13 360
6 14 6 2 312
6 14 6 4 10
6 14 6 13 156
6 8 7 3 364
6 8 7 5 96
6 8 7 12 344
6 11 7 3 296
6 11 7 5 224
6 11 7 12 126
6 13 7 3 164
6 13 7 5 110
6 13 7 12 156
6 14 7 3 152
6 14 7 5 632
6 14 7 12 364
6 8 8 3 596
6 8 8 10 240
6 8 8 12 170
6 11 8 3 106
6 11 8 10 26
6 11 8 12 184
6 13 8 3 12
6 13 8 10 448
6 13 8 12 232
6 14 8 3 38
6 14 8 10 354
6 14 8 12 838
6 8 9 2 622
6 8 9 11 282
6 8 9 13 610
6 11 9 2 402
6 11 9 11 230
6 11 9 13 98
6 13 9 2 134
6 13 9 11 156
6 13 9 13 484
6 14 9 2 384
6 14 9 11 62
6 14 9 13 2
6 8 10 1 110
6 8 10 8 488
6 8 10 14 10
6 11 10 1 382
6 11 10 8 140
6 11 10 14 720
6 13 10 1 456
6 13 10 8 432
6 13 10 14 280
6 14 10 1 64
6 14 10 8 240
6 14 10 14 194
6 8 11 0 220
6 8 11 9 138
6 8 11 15 34
6 11 11 0 2
6 11 11 9 382
6 11 11 15 68
6 13 11 0 684
6 13 11 9 482
6 13 11 15 458
6 14 11 0 218
6 14 11 9 276
6 14 11 15 248
6 8 12 7 456
6 8 12 8 1150
6 8 12 14 690
6 11 12 7 168
6 11 12 8 200
6 11 12 14 314
6 13 12 7 234
6 13 12 8 64
6 13 12 14 90
6 14 12 7 488
6 14 12 8 248
6 14 12 14 416
6 8 13 6 448
6 8 13 9 76
6 8 13 15 242
6 11 13 6 464
6 11 13 9 216
6 11 13 15 120
6 13 13 6 84
6 13 13 9 748
6 13 13 15 182
6 14 13 6 16
6 14 13 9 206
6 14 13 15 6
6 8 14 5 214
6 8 14 10 258
6 8 14 12 624
6 11 14 5 388
6 11 14 10 28
6 11 14 12 0
6 13 14 5 282
6 13 14 10 722
6 13 14 12 214
6 14 14 5 322
6 14 14 10 246
6 14 14 12 450
6 8 15 4 260
6 8 15 11 74
6 8 15 13 264
6 11 15 4 374
6 11 15 11 686
6 11 15 13 724
6 13 15 4 210
6 13 15 11 2
6 13 15 13 666
6 14 15 4 720
6 14 15 11 208
6 14 15 13 136
7 9 0 2 502
7 9 0 4 388
7 9 0 11 44
7 10 0 2 2
7 10 0 4 164
7 10 0 11 62
7 12 0 2 394
7 12 0 4 164
7 12 0 11 554
7 15 0 2 562
7 15 0 4 376
7 15 0 11 342
7 9 1 3 18
7 9 1 5 380
7 9 1 10 148
7 10 1 3 408
7 10 1 5 232
7 10 1 10 390
7 12 1 3 30
7 12 1 5 342
7 12 1 10 192
7 15 1 3 102
7 15 1 5 36
7 15 1 10 672
7 9 2 0 172
7 9 2 6 38
7 9 2 9 192
7 10 2 0 58
7 10 2 6 118
7 10 2 9 196
7 12 2 0 190
7 12 2 6 276
7 12 2 9 246
7 15 2 0 280
7 15 2 6 34
7 15 2 9 116
7 9 3 1 186
7 9 3 7 4
7 9 3 8 772
7 10 3 1 120
7 10 3 7 284
7 10 3 8 510
7 12 3 1 242
7 12 3 7 128
7 12 3 8 356
7 15 3 1 426
7 15 3 7 160
7 15 3 8 154
7 9 4 0 634
7 9 4 6 6
7 9 4 15 364
7 10 4 0 234
7 10 4 6 78
7 10 4 15 360
7 12 4 0 1020
7 12 4 6 68
7 12 4 15 52
7 15 4 0 228
7 15 4 6 334
7 15 4 15 56
7 9 5 1 126
7 9 5 7 104
7 9 5 14 258
7 10 5 1 54
7 10 5 7 92
7 10 5 14 6
7 12 5 1 24
7 12 5 7 270
7 12 5 14 232
7 15 5 1 144
7 15 5 7 6
7 15 5 14 532
7 9 6 2 104
7 9 6 4 586
7 9 6 13 14
7 10 6 2 258
7 10 6 4 364
7 10 6 13 66
7 12 6 2 546
7 12 6 4 426
7 12 6 13 620
7 15 6 2 82
7 15 6 4 40
7 15 6 13 538
7 9 7 3 140
7 9 7 5 80
7 9 7 12 14
7 10 7 3 286
7 10 7 5 772
7 10 7 12 584
7 12 7 3 356
7 12 7 5 566
7 12 7 12 286
7 15 7 3 242
7 15 7 5 354
7 15 7 12 782
7 9 8 3 340
7 9 8 10 304
7 9 8 12 500
7 10 8 3 396
7 10 8 10 182
7 10 8 12 946
7 12 8 3 84
7 12 8 10 38
7 12 8 12 508
7 15 8 3 256
7 15 8 10 254
7 15 8 12 788
7 9 9 2 180
7 9 9 11 268
7 9 9 13 610
7 10 9 2 92
7 10 9 11 650
7 10 9 13 86
7 12 9 2 618
7 12 9 11 152
7 12 9 13 552
7 15 9 2 194
7 15 9 11 104
7 15 9 13 116
7 9 10 1 158
7 9 10 8 166
7 9 10 14 2
7 10 10 1 444
7 10 10 8 32
7 10 10 14 42
7 12 10 1 340
7 12 10 8 96
7 12 10 14 152
7 15 10 1 398
7 15 10 8 540
7 15 10 14 388
7 9 11 0 366
7 9 11 9 600
7 9 11 15 328
7 10 11 0 526
7 10 11 9 268
7 10 11 15 218
7 12 11 0 24
7 12 11 9 684
7 12 11 15 306
7 15 11 0 328
7 15 11 9 386
7 15 11 15 98
7 9 12 7 384
7 9 12 8 222
7 9 12 14 160
7 10 12 7 60
7 10 12 8 2
7 10 12 14 172
7 12 12 7 200
7 12 12 8 188
7 12 12 14 6
7 15 12 7 268
7 15 12 8 6
7 15 12 14 532
7 9 13 6 94
7 9 13 9 106
7 9 13 15 442
7 10 13 6 184
7 10 13 9 124
7 10 13 15 560
7 12 13 6 160
7 12 13 9 260
7 12 13 15 134
7 15 13 6 462
7 15 13 9 106
7 15 13 15 106
7 9 14 5 238
7 9 14 10 134
7 9 14 12 308
7 10 14 5 320
7 10 14 10 10
7 10 14 12 148
7 12 14 5 98
7 12 14 10 16
7 12 14 12 44
7 15 14 5 430
7 15 14 10 484
7 15 14 12 26
7 9 15 4 164
7 9 15 11 54
7 9 15 13 384
7 10 15 4 94
7 10 15 11 858
7 10 15 13 310
7 12 15 4 208
7 12 15 11 206
7 12 15 13 238
7 15 15 4 198
7 15 15 11 510
7 15 15 13 134
8 10 0 2 526
8 10 0 4 190
8 10 0 11 206
8 12 0 2 18
8 12 0 4 882
8 12 0 11 108
8 10 1 3 690
8 10 1 5 10
8 10 1 10 446
8 12 1 3 170
8 12 1 5 384
8 12 1 10 118
8 10 2 0 180
8 10 2 6 248
8 10 2 9 32
8 12 2 0 114
8 12 2 6 54
8 12 2 9 122
8 10 3 1 54
8 10 3 7 58
8 10 3 8 340
8 12 3 1 194
8 12 3 7 40
8 12 3 8 188
8 10 4 0 336
8 10 4 6 68
8 10 4 15 642
8 12 4 0 480
8 12 4 6 912
8 12 4 15 190
8 10 5 1 146
8 10 5 7 326
8 10 5 14 108
8 12 5 1 138
8 12 5 7 238
8 12 5 14 118
8 10 6 2 376
8 10 6 4 176
8 10 6 13 6
8 12 6 2 258
8 12 6 4 76
8 12 6 13 120
8 10 7 3 138
8 10 7 5 528
8 10 7 12 566
8 12 7 3 610
8 12 7 5 552
8 12 7 12 590
8 10 8 3 240
8 10 8 10 150
8 10 8 12 190
8 12 8 3 346
8 12 8 10 550
8 12 8 12 584
8 10 9 2 514
8 10 9 11 164
8 10 9 13 112
8 12 9 2 232
8 12 9 11 140
8 12 9 13 248
8 10 10 1 34
8 10 10 8 24
8 10 10 14 24
8 12 10 1 0
8 12 10 8 452
8 12 10 14 290
8 10 11 0 260
8 10 11 9 32
8 10 11 15 668
8 12 11 0 264
8 12 11 9 128
8 12 11 15 512
8 10 12 7 204
8 10 12 8 218
8 10 12 14 248
8 12 12 7 240
8 12 12 8 354
8 12 12 14 118
8 10 13 6 270
8 10 13 9 476
8 10 13 15 68
8 12 13 6 368
8 12 13 9 122
8 12 13 15 198
8 10 14 5 218
8 10 14 10 364
8 10 14 12 64
8 12 14 5 278
8 12 14 10 40
8 12 14 12 4
8 10 15 4 556
8 10 15 11 822
8 10 15 13 244
8 12 15 4 48
8 12 15 11 808
8 12 15 13 668
9 11 0 2 296
9 11 0 4 66
9 11 0 11 348
9 13 0 2 306
9 13 0 4 222
9 13 0 11 524
9 11 1 3 164
9 11 1 5 16
9 11 1 10 92
9 13 1 3 614
9 13 1 5 96
9 13 1 10 10
9 11 2 0 188
9 11 2 6 94
9 11 2 9 336
9 13 2 0 162
9 13 2 6 160
9 13 2 9 446
9 11 3 1 62
9 11 3 7 732
9 11 3 8 340
9 13 3 1 92
9 13 3 7 618
9 13 3 8 186
9 11 4 0 304
9 11 4 6 164
9 11 4 15 30
9 13 4 0 366
9 13 4 6 140
9 13 4 15 464
9 11 5 1 430
9 11 5 7 200
9 11 5 14 654
9 13 5 1 416
9 13 5 7 338
9 13 5 14 142
9 11 6 2 186
9 11 6 4 224
9 11 6 13 232
9 13 6 2 330
9 13 6 4 2
9 13 6 13 68
9 11 7 3 304
9 11 7 5 88
9 11 7 12 52
9 13 7 3 384
9 13 7 5 276
9 13 7 12 252
9 11 8 3 190
9 11 8 10 492
9 11 8 12 20
9 13 8 3 376
9 13 8 10 222
9 13 8 12 78
9 11 9 2 132
9 11 9 11 650
9 11 9 13 256
9 13 9 2 476
9 13 9 11 364
9 13 9 13 36
9 11 10 1 158
9 11 10 8 562
9 11 10 14 118
9 13 10 1 34
9 13 10 8 342
9 13 10 14 174
9 11 11 0 28
9 11 11 9 542
9 11 11 15 772
9 13 11 0 58
9 13 11 9 598
9 13 11 15 422
9 11 12 7 358
9 11 12 8 210
9 11 12 14 308
9 13 12 7 658
9 13 12 8 482
9 13 12 14 172
9 11 13 6 484
9 11 13 9 356
9 11 13 15 386
9 13 13 6 38
9 13 13 9 510
9 13 13 15 274
9 11 14 5 324
9 11 14 10 172
9 11 14 12 626
9 13 14 5 278
9 13 14 10 254
9 13 14 12 318
9 11 15 4 82
9 11 15 11 206
9 11 15 13 30
9 13 15 4 260
9 13 15 11 202
9 13 15 13 348
10 14 0 2 166
10 14 0 4 106
10 14 0 11 74
10 14 1 3 498
10 14 1 5 2
10 14 1 10 642
10 14 2 0 554
10 14 2 6 66
10 14 2 9 72
10 14 3 1 308
10 14 3 7 14
10 14 3 8 792
10 14 4 0 30
10 14 4 6 30
10 14 4 15 272
10 14 5 1 2
10 14 5 7 292
10 14 5 14 180
10 14 6 2 190
10 14 6 4 478
10 14 6 13 300
10 14 7 3 140
10 14 7 5 264
10 14 7 12 26
10 14 8 3 490
10 14 8 10 66
10 14 8 12 406
10 14 9 2 412
10 14 9 11 154
10 14 9 13 324
10 14 10 1 8
10 14 10 8 22
10 14 10 14 276
10 14 11 0 112
10 14 11 9 964
10 14 11 15 224
10 14 12 7 374
10 14 12 8 142
10 14 12 14 156
10 14 13 6 856
10 14 13 9 114
10 14 13 15 160
10 14 14 5 60
10 14 14 10 494
10 14 14 12 24
10 14 15 4 34
10 14 15 11 776
10 14 15 13 390
11 15 0 2 686
11 15 0 4 4
11 15 0 11 398
11 15 1 3 102
11 15 1 5 28
11 15 1 10 262
11 15 2 0 108
11 15 2 6 656
11 15 2 9 542
11 15 3 1 370
11 15 3 7 226
11 15 3 8 822
11 15 4 0 576
11 15 4 6 492
11 15 4 15 136
11 15 5 1 362
11 15 5 7 286
11 15 5 14 134
11 15 6 2 100
11 15 6 4 182
11 15 6 13 466
11 15 7 3 184
11 15 7 5 118
11 15 7 12 148
11 15 8 3 58
11 15 8 10 710
11 15 8 12 526
11 15 9 2 196
11 15 9 11 664
11 15 9 13 32
11 15 10 1 34
11 15 10 8 330
11 15 10 14 324
11 15 11 0 316
11 15 11 9 124
11 15 11 15 448
11 15 12 7 440
11 15 12 8 314
11 15 12 14 728
11 15 13 6 112
11 15 13 9 524
11 15 13 15 8
11 15 14 5 76
11 15 14 10 250
11 15 14 12 516
11 15 15 4 30
11 15 15 11 164
11 15 15 13 130
12 14 0 2 104
12 14 0 4 30
12 14 0 11 328
12 14 1 3 154
12 14 1 5 222
12 14 1 10 130
12 14 2 0 100
12 14 2 6 0
12 14 2 9 246
12 14 3 1 954
12 14 3 7 6
12 14 3 8 214
12 14 4 0 888
12 14 4 6 80
12 14 4 15 138
12 14 5 1 48
12 14 5 7 168
12 14 5 14 822
12 14 6 2 50
12 14 6 4 84
12 14 6 13 130
12 14 7 3 362
12 14 7 5 90
12 14 7 12 628
12 14 8 3 382
12 14 8 10 38
12 14 8 12 128
12 14 9 2 430
12 14 9 11 84
12 14 9 13 64
12 14 10 1 380
12 14 10 8 260
12 14 10 14 444
12 14 11 0 206
12 14 11 9 402
12 14 11 15 330
12 14 12 7 164
12 14 12 8 180
12 14 12 14 520
12 14 13 6 206
12 14 13 9 92
12 14 13 15 276
12 14 14 5 500
12 14 14 10 422
12 14 14 12 460
12 14 15 4 154
12 14 15 11 186
12 14 15 13 216
13 15 0 2 444
13 15 0 4 700
13 15 0 11 588
13 15 1 3 360
13 15 1 5 92
13 15 1 10 250
13 15 2 0 208
13 15 2 6 362
13 15 2 9 336
13 15 3 1 262
13 15 3 7 486
13 15 3 8 264
13 15 4 0 188
13 15 4 6 160
13 15 4 15 120
13 15 5 1 146
13 15 5 7 140
13 15 5 14 480
13 15 6 2 496
13 15 6 4 1066
13 15 6 13 548
13 15 7 3 696
13 15 7 5 178
13 15 7 12 796
13 15 8 3 950
13 15 8 10 2
13 15 8 12 42
13 15 9 2 242
13 15 9 11 196
13 15 9 13 20
13 15 10 1 352
13 15 10 8 524
13 15 10 14 810
13 15 11 0 30
13 15 11 9 60
13 15 11 15 396
13 15 12 7 524
13 15 12 8 544
13 15 12 14 226
13 15 13 6 82
13 15 13 9 74
13 15 13 15 180
13 15 14 5 336
13 15 14 10 238
13 15 14 12 398
13 15 15 4 424
13 15 15 11 46
13 15 15 13 180
