0 2 0 2 148
0 2 0 4 464
0 2 0 11 290
0 4 0 2 514
0 4 0 4 850
0 4 0 11 244
0 8 0 2 146
0 8 0 4 84
0 8 0 11 880
0 11 0 2 136
0 11 0 4 50
0 11 0 11 202
0 13 0 2 136
0 13 0 4 50
0 13 0 11 638
0 14 0 2 420
0 14 0 4 298
0 14 0 11 726
0 2 1 3 226
0 2 1 5 132
0 2 1 10 282
0 4 1 3 702
0 4 1 5 890
0 4 1 10 672
0 8 1 3 536
0 8 1 5 318
0 8 1 10 74
0 11 1 3 188
0 11 1 5 202
0 11 1 10 426
0 13 1 3 126
0 13 1 5 500
0 13 1 10 94
0 14 1 3 298
0 14 1 5 392
0 14 1 10 590
0 2 2 0 552
0 2 2 6 144
0 2 2 9 322
0 4 2 0 70
0 4 2 6 498
0 4 2 9 42
0 8 2 0 346
0 8 2 6 46
0 8 2 9 132
0 11 2 0 430
0 11 2 6 778
0 11 2 9 66
0 13 2 0 1186
0 13 2 6 556
0 13 2 9 112
0 14 2 0 140
0 14 2 6 334
0 14 2 9 186
0 2 3 1 750
0 2 3 7 52
0 2 3 8 434
0 4 3 1 146
0 4 3 7 848
0 4 3 8 64
0 8 3 1 110
0 8 3 7 114
0 8 3 8 256
0 11 3 1 36
0 11 3 7 188
0 11 3 8 102
0 13 3 1 278
0 13 3 7 1042
0 13 3 8 454
0 14 3 1 290
0 14 3 7 28
0 14 3 8 636
0 2 4 0 842
0 2 4 6 358
0 2 4 15 52
0 4 4 0 536
0 4 4 6 640
0 4 4 15 254
0 8 4 0 198
0 8 4 6 124
0 8 4 15 38
0 11 4 0 292
0 11 4 6 138
0 11 4 15 706
0 13 4 0 502
0 13 4 6 410
0 13 4 15 844
0 14 4 0 572
0 14 4 6 56
0 14 4 15 198
0 2 5 1 80
0 2 5 7 40
0 2 5 14 92
0 4 5 1 802
0 4 5 7 308
0 4 5 14 206
0 8 5 1 24
0 8 5 7 138
0 8 5 14 96
0 11 5 1 64
0 11 5 7 46
0 11 5 14 556
0 13 5 1 348
0 13 5 7 632
0 13 5 14 92
0 14 5 1 56
0 14 5 7 824
0 14 5 14 450
0 2 6 2 380
0 2 6 4 240
0 2 6 13 278
0 4 6 2 80
0 4 6 4 122
0 4 6 13 744
0 8 6 2 12
0 8 6 4 458
0 8 6 13 162
0 11 6 2 416
0 11 6 4 98
0 11 6 13 234
0 13 6 2 170
0 13 6 4 218
0 13 6 13 354
0 14 6 2 248
0 14 6 4 132
0 14 6 13 400
0 2 7 3 368
0 2 7 5 296
0 2 7 12 318
0 4 7 3 742
0 4 7 5 322
0 4 7 12 182
0 8 7 3 296
0 8 7 5 26
0 8 7 12 376
0 11 7 3 334
0 11 7 5 342
0 11 7 12 224
0 13 7 3 266
0 13 7 5 28
0 13 7 12 70
0 14 7 3 238
0 14 7 5 306
0 14 7 12 134
0 2 8 3 284
0 2 8 10 854
0 2 8 12 70
0 4 8 3 342
0 4 8 10 40
0 4 8 12 48
0 8 8 3 384
0 8 8 10 488
0 8 8 12 86
0 11 8 3 194
0 11 8 10 100
0 11 8 12 102
0 13 8 3 692
0 13 8 10 180
0 13 8 12 20
0 14 8 3 418
0 14 8 10 56
0 14 8 12 14
0 2 9 2 410
0 2 9 11 78
0 2 9 13 324
0 4 9 2 30
0 4 9 11 20
0 4 9 13 40
0 8 9 2 66
0 8 9 11 496
0 8 9 13 824
0 11 9 2 236
0 11 9 11 392
0 11 9 13 212
0 13 9 2 882
0 13 9 11 436
0 13 9 13 46
0 14 9 2 72
0 14 9 11 12
0 14 9 13 542
0 2 10 1 360
0 2 10 8 288
0 2 10 14 116
0 4 10 1 316
0 4 10 8 606
0 4 10 14 220
0 8 10 1 380
0 8 10 8 98
0 8 10 14 184
0 11 10 1 156
0 11 10 8 384
0 11 10 14 286
0 13 10 1 34
0 13 10 8 204
0 13 10 14 174
0 14 10 1 64
0 14 10 8 928
0 14 10 14 2
0 2 11 0 228
0 2 11 9 96
0 2 11 15 280
0 4 11 0 532
0 4 11 9 120
0 4 11 15 288
0 8 11 0 480
0 8 11 9 576
0 8 11 15 238
0 11 11 0 6
0 11 11 9 78
0 11 11 15 378
0 13 11 0 292
0 13 11 9 12
0 13 11 15 312
0 14 11 0 68
0 14 11 9 284
0 14 11 15 548
0 2 12 7 170
0 2 12 8 534
0 2 12 14 16
0 4 12 7 54
0 4 12 8 312
0 4 12 14 52
0 8 12 7 402
0 8 12 8 500
0 8 12 14 136
0 11 12 7 798
0 11 12 8 12
0 11 12 14 80
0 13 12 7 240
0 13 12 8 342
0 13 12 14 30
0 14 12 7 786
0 14 12 8 118
0 14 12 14 228
0 2 13 6 670
0 2 13 9 94
0 2 13 15 148
0 4 13 6 644
0 4 13 9 28
0 4 13 15 486
0 8 13 6 304
0 8 13 9 118
0 8 13 15 690
0 11 13 6 530
0 11 13 9 552
0 11 13 15 90
0 13 13 6 268
0 13 13 9 38
0 13 13 15 252
0 14 13 6 164
0 14 13 9 156
0 14 13 15 496
0 2 14 5 78
0 2 14 10 162
0 2 14 12 358
0 4 14 5 322
0 4 14 10 238
0 4 14 12 94
0 8 14 5 430
0 8 14 10 24
0 8 14 12 446
0 11 14 5 506
0 11 14 10 156
0 11 14 12 108
0 13 14 5 208
0 13 14 10 356
0 13 14 12 86
0 14 14 5 562
0 14 14 10 318
0 14 14 12 82
0 2 15 4 752
0 2 15 11 214
0 2 15 13 122
0 4 15 4 12
0 4 15 11 102
0 4 15 13 254
0 8 15 4 12
0 8 15 11 358
0 8 15 13 400
0 11 15 4 834
0 11 15 11 756
0 11 15 13 68
0 13 15 4 392
0 13 15 11 1080
0 13 15 13 330
0 14 15 4 422
0 14 15 11 100
0 14 15 13 554
1 3 0 2 318
1 3 0 4 58
1 3 0 11 272
1 5 0 2 288
1 5 0 4 556
1 5 0 11 318
1 9 0 2 392
1 9 0 4 96
1 9 0 11 532
1 10 0 2 332
1 10 0 4 310
1 10 0 11 248
1 12 0 2 284
1 12 0 4 38
1 12 0 11 410
1 15 0 2 24
1 15 0 4 416
1 15 0 11 38
1 3 1 3 40
1 3 1 5 246
1 3 1 10 218
1 5 1 3 130
1 5 1 5 198
1 5 1 10 74
1 9 1 3 80
1 9 1 5 508
1 9 1 10 430
1 10 1 3 408
1 10 1 5 12
1 10 1 10 50
1 12 1 3 56
1 12 1 5 232
1 12 1 10 534
1 15 1 3 176
1 15 1 5 736
1 15 1 10 252
1 3 2 0 746
1 3 2 6 298
1 3 2 9 192
1 5 2 0 72
1 5 2 6 346
1 5 2 9 210
1 9 2 0 120
1 9 2 6 150
1 9 2 9 138
1 10 2 0 424
1 10 2 6 270
1 10 2 9 368
1 12 2 0 500
1 12 2 6 206
1 12 2 9 74
1 15 2 0 20
1 15 2 6 254
1 15 2 9 18
1 3 3 1 106
1 3 3 7 240
1 3 3 8 144
1 5 3 1 184
1 5 3 7 108
1 5 3 8 484
1 9 3 1 256
1 9 3 7 292
1 9 3 8 92
1 10 3 1 10
1 10 3 7 128
1 10 3 8 194
1 12 3 1 218
1 12 3 7 434
1 12 3 8 378
1 15 3 1 226
1 15 3 7 310
1 15 3 8 900
1 3 4 0 52
1 3 4 6 152
1 3 4 15 382
1 5 4 0 366
1 5 4 6 262
1 5 4 15 266
1 9 4 0 204
1 9 4 6 356
1 9 4 15 396
1 10 4 0 406
1 10 4 6 94
1 10 4 15 88
1 12 4 0 528
1 12 4 6 438
1 12 4 15 204
1 15 4 0 452
1 15 4 6 16
1 15 4 15 106
1 3 5 1 456
1 3 5 7 180
1 3 5 14 174
1 5 5 1 202
1 5 5 7 280
1 5 5 14 12
1 9 5 1 348
1 9 5 7 434
1 9 5 14 338
1 10 5 1 252
1 10 5 7 258
1 10 5 14 364
1 12 5 1 280
1 12 5 7 268
1 12 5 14 910
1 15 5 1 126
1 15 5 7 378
1 15 5 14 10
1 3 6 2 200
1 3 6 4 362
1 3 6 13 290
1 5 6 2 140
1 5 6 4 654
1 5 6 13 256
1 9 6 2 142
1 9 6 4 348
1 9 6 13 46
1 10 6 2 24
1 10 6 4 292
1 10 6 13 458
1 12 6 2 174
1 12 6 4 246
1 12 6 13 614
1 15 6 2 170
1 15 6 4 1048
1 15 6 13 204
1 3 7 3 338
1 3 7 5 228
1 3 7 12 60
1 5 7 3 44
1 5 7 5 192
1 5 7 12 256
1 9 7 3 68
1 9 7 5 330
1 9 7 12 38
1 10 7 3 300
1 10 7 5 466
1 10 7 12 276
1 12 7 3 598
1 12 7 5 848
1 12 7 12 216
1 15 7 3 86
1 15 7 5 246
1 15 7 12 326
1 3 8 3 76
1 3 8 10 812
1 3 8 12 254
1 5 8 3 308
1 5 8 10 182
1 5 8 12 516
1 9 8 3 622
1 9 8 10 288
1 9 8 12 68
1 10 8 3 42
1 10 8 10 60
1 10 8 12 6
1 12 8 3 212
1 12 8 10 372
1 12 8 12 452
1 15 8 3 128
1 15 8 10 186
1 15 8 12 124
1 3 9 2 10
1 3 9 11 270
1 3 9 13 134
1 5 9 2 56
1 5 9 11 84
1 5 9 13 500
1 9 9 2 852
1 9 9 11 904
1 9 9 13 116
1 10 9 2 590
1 10 9 11 154
1 10 9 13 518
1 12 9 2 8
1 12 9 11 608
1 12 9 13 388
1 15 9 2 620
1 15 9 11 406
1 15 9 13 960
1 3 10 1 122
1 3 10 8 150
1 3 10 14 550
1 5 10 1 464
1 5 10 8 32
1 5 10 14 356
1 9 10 1 696
1 9 10 8 516
1 9 10 14 44
1 10 10 1 338
1 10 10 8 428
1 10 10 14 252
1 12 10 1 308
1 12 10 8 70
1 12 10 14 790
1 15 10 1 12
1 15 10 8 220
1 15 10 14 12
1 3 11 0 700
1 3 11 9 234
1 3 11 15 68
1 5 11 0 564
1 5 11 9 310
1 5 11 15 382
1 9 11 0 252
1 9 11 9 728
1 9 11 15 118
1 10 11 0 654
1 10 11 9 278
1 10 11 15 98
1 12 11 0 150
1 12 11 9 90
1 12 11 15 520
1 15 11 0 324
1 15 11 9 406
1 15 11 15 256
1 3 12 7 252
1 3 12 8 242
1 3 12 14 6
1 5 12 7 100
1 5 12 8 42
1 5 12 14 460
1 9 12 7 184
1 9 12 8 274
1 9 12 14 316
1 10 12 7 60
1 10 12 8 226
1 10 12 14 382
1 12 12 7 376
1 12 12 8 436
1 12 12 14 278
1 15 12 7 130
1 15 12 8 58
1 15 12 14 568
1 3 13 6 240
1 3 13 9 432
1 3 13 15 132
1 5 13 6 118
1 5 13 9 542
1 5 13 15 382
1 9 13 6 722
1 9 13 9 48
1 9 13 15 416
1 10 13 6 82
1 10 13 9 570
1 10 13 15 234
1 12 13 6 562
1 12 13 9 244
1 12 13 15 678
1 15 13 6 122
1 15 13 9 402
1 15 13 15 202
1 3 14 5 422
1 3 14 10 132
1 3 14 12 308
1 5 14 5 528
1 5 14 10 164
1 5 14 12 400
1 9 14 5 380
1 9 14 10 302
1 9 14 12 42
1 10 14 5 384
1 10 14 10 296
1 10 14 12 318
1 12 14 5 396
1 12 14 10 360
1 12 14 12 246
1 15 14 5 560
1 15 14 10 736
1 15 14 12 206
1 3 15 4 18
1 3 15 11 86
1 3 15 13 142
1 5 15 4 52
1 5 15 11 408
1 5 15 13 432
1 9 15 4 118
1 9 15 11 276
1 9 15 13 416
1 10 15 4 64
1 10 15 11 474
1 10 15 13 526
1 12 15 4 204
1 12 15 11 492
1 12 15 13 238
1 15 15 4 200
1 15 15 11 94
1 15 15 13 338
2 6 0 2 476
2 6 0 4 400
2 6 0 11 416
2 9 0 2 808
2 9 0 4 128
2 9 0 11 332
2 10 0 2 62
2 10 0 4 28
2 10 0 11 456
2 12 0 2 238
2 12 0 4 252
2 12 0 11 466
2 15 0 2 82
2 15 0 4 56
2 15 0 11 196
2 6 1 3 182
2 6 1 5 220
2 6 1 10 30
2 9 1 3 142
2 9 1 5 176
2 9 1 10 384
2 10 1 3 100
2 10 1 5 646
2 10 1 10 306
2 12 1 3 626
2 12 1 5 438
2 12 1 10 32
2 15 1 3 122
2 15 1 5 78
2 15 1 10 442
2 6 2 0 556
2 6 2 6 650
2 6 2 9 480
2 9 2 0 70
2 9 2 6 930
2 9 2 9 276
2 10 2 0 860
2 10 2 6 132
2 10 2 9 94
2 12 2 0 220
2 12 2 6 176
2 12 2 9 522
2 15 2 0 374
2 15 2 6 288
2 15 2 9 392
2 6 3 1 720
2 6 3 7 232
2 6 3 8 130
2 9 3 1 200
2 9 3 7 152
2 9 3 8 494
2 10 3 1 844
2 10 3 7 146
2 10 3 8 384
2 12 3 1 104
2 12 3 7 32
2 12 3 8 280
2 15 3 1 8
2 15 3 7 584
2 15 3 8 398
2 6 4 0 212
2 6 4 6 396
2 6 4 15 696
2 9 4 0 76
2 9 4 6 82
2 9 4 15 60
2 10 4 0 238
2 10 4 6 382
2 10 4 15 178
2 12 4 0 174
2 12 4 6 436
2 12 4 15 342
2 15 4 0 128
2 15 4 6 420
2 15 4 15 290
2 6 5 1 634
2 6 5 7 346
2 6 5 14 462
2 9 5 1 676
2 9 5 7 108
2 9 5 14 844
2 10 5 1 262
2 10 5 7 26
2 10 5 14 138
2 12 5 1 860
2 12 5 7 354
2 12 5 14 162
2 15 5 1 116
2 15 5 7 156
2 15 5 14 664
2 6 6 2 374
2 6 6 4 194
2 6 6 13 372
2 9 6 2 122
2 9 6 4 170
2 9 6 13 100
2 10 6 2 56
2 10 6 4 168
2 10 6 13 686
2 12 6 2 256
2 12 6 4 108
2 12 6 13 278
2 15 6 2 166
2 15 6 4 58
2 15 6 13 362
2 6 7 3 520
2 6 7 5 28
2 6 7 12 360
2 9 7 3 170
2 9 7 5 290
2 9 7 12 552
2 10 7 3 486
2 10 7 5 82
2 10 7 12 10
2 12 7 3 246
2 12 7 5 250
2 12 7 12 916
2 15 7 3 148
2 15 7 5 266
2 15 7 12 114
2 6 8 3 84
2 6 8 10 748
2 6 8 12 60
2 9 8 3 100
2 9 8 10 18
2 9 8 12 166
2 10 8 3 606
2 10 8 10 44
2 10 8 12 130
2 12 8 3 384
2 12 8 10 66
2 12 8 12 388
2 15 8 3 694
2 15 8 10 302
2 15 8 12 24
2 6 9 2 100
2 6 9 11 26
2 6 9 13 296
2 9 9 2 542
2 9 9 11 278
2 9 9 13 258
2 10 9 2 130
2 10 9 11 106
2 10 9 13 674
2 12 9 2 860
2 12 9 11 288
2 12 9 13 214
2 15 9 2 4
2 15 9 11 526
2 15 9 13 26
2 6 10 1 166
2 6 10 8 310
2 6 10 14 2
2 9 10 1 358
2 9 10 8 100
2 9 10 14 80
2 10 10 1 258
2 10 10 8 520
2 10 10 14 360
2 12 10 1 132
2 12 10 8 42
2 12 10 14 622
2 15 10 1 142
2 15 10 8 458
2 15 10 14 232
2 6 11 0 634
2 6 11 9 66
2 6 11 15 770
2 9 11 0 114
2 9 11 9 144
2 9 11 15 126
2 10 11 0 230
2 10 11 9 404
2 10 11 15 68
2 12 11 0 282
2 12 11 9 220
2 12 11 15 26
2 15 11 0 208
2 15 11 9 322
2 15 11 15 286
2 6 12 7 442
2 6 12 8 516
2 6 12 14 752
2 9 12 7 554
2 9 12 8 110
2 9 12 14 392
2 10 12 7 540
2 10 12 8 158
2 10 12 14 216
2 12 12 7 676
2 12 12 8 186
2 12 12 14 324
2 15 12 7 182
2 15 12 8 682
2 15 12 14 360
2 6 13 6 458
2 6 13 9 46
2 6 13 15 572
2 9 13 6 272
2 9 13 9 244
2 9 13 15 170
2 10 13 6 100
2 10 13 9 260
2 10 13 15 194
2 12 13 6 152
2 12 13 9 50
2 12 13 15 156
2 15 13 6 144
2 15 13 9 298
2 15 13 15 182
2 6 14 5 100
2 6 14 10 56
2 6 14 12 332
2 9 14 5 598
2 9 14 10 248
2 9 14 12 580
2 10 14 5 256
2 10 14 10 152
2 10 14 12 684
2 12 14 5 12
2 12 14 10 386
2 12 14 12 16
2 15 14 5 506
2 15 14 10 518
2 15 14 12 0
2 6 15 4 106
2 6 15 11 232
2 6 15 13 116
2 9 15 4 34
2 9 15 11 674
2 9 15 13 54
2 10 15 4 118
2 10 15 11 126
2 10 15 13 396
2 12 15 4 40
2 12 15 11 346
2 12 15 13 620
2 15 15 4 12
2 15 15 11 262
2 15 15 13 576
3 7 0 2 44
3 7 0 4 64
3 7 0 11 758
3 8 0 2 158
3 8 0 4 66
3 8 0 11 220
3 11 0 2 132
3 11 0 4 482
3 11 0 11 518
3 13 0 2 122
3 13 0 4 316
3 13 0 11 406
3 14 0 2 450
3 14 0 4 18
3 14 0 11 148
3 7 1 3 16
3 7 1 5 74
3 7 1 10 518
3 8 1 3 378
3 8 1 5 230
3 8 1 10 154
3 11 1 3 574
3 11 1 5 178
3 11 1 10 418
3 13 1 3 108
3 13 1 5 198
3 13 1 10 286
3 14 1 3 330
3 14 1 5 62
3 14 1 10 108
3 7 2 0 142
3 7 2 6 68
3 7 2 9 284
3 8 2 0 158
3 8 2 6 192
3 8 2 9 902
3 11 2 0 812
3 11 2 6 164
3 11 2 9 48
3 13 2 0 420
3 13 2 6 34
3 13 2 9 156
3 14 2 0 224
3 14 2 6 30
3 14 2 9 192
3 7 3 1 258
3 7 3 7 230
3 7 3 8 628
3 8 3 1 344
3 8 3 7 88
3 8 3 8 642
3 11 3 1 80
3 11 3 7 316
3 11 3 8 106
3 13 3 1 586
3 13 3 7 114
3 13 3 8 386
3 14 3 1 364
3 14 3 7 182
3 14 3 8 176
3 7 4 0 266
3 7 4 6 298
3 7 4 15 354
3 8 4 0 436
3 8 4 6 478
3 8 4 15 334
3 11 4 0 352
3 11 4 6 0
3 11 4 15 362
3 13 4 0 298
3 13 4 6 38
3 13 4 15 40
3 14 4 0 322
3 14 4 6 2
3 14 4 15 340
3 7 5 1 312
3 7 5 7 100
3 7 5 14 12
3 8 5 1 160
3 8 5 7 632
3 8 5 14 228
3 11 5 1 146
3 11 5 7 346
3 11 5 14 626
3 13 5 1 338
3 13 5 7 654
3 13 5 14 226
3 14 5 1 408
3 14 5 7 798
3 14 5 14 264
3 7 6 2 478
3 7 6 4 306
3 7 6 13 182
3 8 6 2 278
3 8 6 4 270
3 8 6 13 170
3 11 6 2 192
3 11 6 4 50
3 11 6 13 308
3 13 6 2 370
3 13 6 4 182
3 13 6 13 138
3 14 6 2 408
3 14 6 4 336
3 14 6 13 608
3 7 7 3 306
3 7 7 5 38
3 7 7 12 152
3 8 7 3 464
3 8 7 5 430
3 8 7 12 182
3 11 7 3 20
3 11 7 5 214
3 11 7 12 94
3 13 7 3 110
3 13 7 5 116
3 13 7 12 8
3 14 7 3 262
3 14 7 5 428
3 14 7 12 128
3 7 8 3 46
3 7 8 10 34
3 7 8 12 454
3 8 8 3 148
3 8 8 10 410
3 8 8 12 254
3 11 8 3 550
3 11 8 10 158
3 11 8 12 128
3 13 8 3 764
3 13 8 10 556
3 13 8 12 520
3 14 8 3 450
3 14 8 10 230
3 14 8 12 90
3 7 9 2 436
3 7 9 11 116
3 7 9 13 498
3 8 9 2 490
3 8 9 11 208
3 8 9 13 342
3 11 9 2 26
3 11 9 11 428
3 11 9 13 152
3 13 9 2 968
3 13 9 11 308
3 13 9 13 400
3 14 9 2 138
3 14 9 11 504
3 14 9 13 170
3 7 10 1 428
3 7 10 8 24
3 7 10 14 136
3 8 10 1 96
3 8 10 8 402
3 8 10 14 434
3 11 10 1 236
3 11 10 8 554
3 11 10 14 162
3 13 10 1 112
3 13 10 8 98
3 13 10 14 76
3 14 10 1 220
3 14 10 8 392
3 14 10 14 82
3 7 11 0 550
3 7 11 9 32
3 7 11 15 314
3 8 11 0 546
3 8 11 9 38
3 8 11 15 10
3 11 11 0 292
3 11 11 9 250
3 11 11 15 84
3 13 11 0 396
3 13 11 9 380
3 13 11 15 568
3 14 11 0 266
3 14 11 9 180
3 14 11 15 62
3 7 12 7 240
3 7 12 8 500
3 7 12 14 796
3 8 12 7 56
3 8 12 8 158
3 8 12 14 1026
3 11 12 7 386
3 11 12 8 188
3 11 12 14 60
3 13 12 7 236
3 13 12 8 296
3 13 12 14 290
3 14 12 7 240
3 14 12 8 392
3 14 12 14 442
3 7 13 6 196
3 7 13 9 326
3 7 13 15 494
3 8 13 6 288
3 8 13 9 530
3 8 13 15 4
3 11 13 6 592
3 11 13 9 860
3 11 13 15 580
3 13 13 6 356
3 13 13 9 70
3 13 13 15 102
3 14 13 6 594
3 14 13 9 102
3 14 13 15 200
3 7 14 5 570
3 7 14 10 908
3 7 14 12 380
3 8 14 5 0
3 8 14 10 380
3 8 14 12 114
3 11 14 5 66
3 11 14 10 326
3 11 14 12 476
3 13 14 5 478
3 13 14 10 590
3 13 14 12 432
3 14 14 5 440
3 14 14 10 166
3 14 14 12 434
3 7 15 4 454
3 7 15 11 534
3 7 15 13 208
3 8 15 4 478
3 8 15 11 736
3 8 15 13 60
3 11 15 4 520
3 11 15 11 10
3 11 15 13 168
3 13 15 4 198
3 13 15 11 428
3 13 15 13 436
3 14 15 4 268
3 14 15 11 362
3 14 15 13 226
4 6 0 2 28
4 6 0 4 950
4 6 0 11 446
4 9 0 2 80
4 9 0 4 220
4 9 0 11 12
4 10 0 2 262
4 10 0 4 564
4 10 0 11 684
4 12 0 2 168
4 12 0 4 430
4 12 0 11 2
4 15 0 2 4
4 15 0 4 364
4 15 0 11 450
4 6 1 3 846
4 6 1 5 110
4 6 1 10 16
4 9 1 3 46
4 9 1 5 342
4 9 1 10 188
4 10 1 3 192
4 10 1 5 326
4 10 1 10 274
4 12 1 3 326
4 12 1 5 146
4 12 1 10 334
4 15 1 3 534
4 15 1 5 442
4 15 1 10 242
4 6 2 0 292
4 6 2 6 658
4 6 2 9 428
4 9 2 0 486
4 9 2 6 52
4 9 2 9 16
4 10 2 0 322
4 10 2 6 400
4 10 2 9 250
4 12 2 0 28
4 12 2 6 96
4 12 2 9 262
4 15 2 0 24
4 15 2 6 564
4 15 2 9 208
4 6 3 1 376
4 6 3 7 34
4 6 3 8 460
4 9 3 1 254
4 9 3 7 428
4 9 3 8 264
4 10 3 1 680
4 10 3 7 52
4 10 3 8 496
4 12 3 1 64
4 12 3 7 24
4 12 3 8 460
4 15 3 1 772
4 15 3 7 152
4 15 3 8 62
4 6 4 0 188
4 6 4 6 38
4 6 4 15 432
4 9 4 0 672
4 9 4 6 54
4 9 4 15 276
4 10 4 0 302
4 10 4 6 522
4 10 4 15 1398
4 12 4 0 426
4 12 4 6 392
4 12 4 15 84
4 15 4 0 32
4 15 4 6 364
4 15 4 15 96
4 6 5 1 36
4 6 5 7 84
4 6 5 14 222
4 9 5 1 296
4 9 5 7 64
4 9 5 14 202
4 10 5 1 478
4 10 5 7 490
4 10 5 14 264
4 12 5 1 98
4 12 5 7 134
4 12 5 14 202
4 15 5 1 588
4 15 5 7 1200
4 15 5 14 124
4 6 6 2 8
4 6 6 4 258
4 6 6 13 74
4 9 6 2 562
4 9 6 4 234
4 9 6 13 132
4 10 6 2 368
4 10 6 4 328
4 10 6 13 476
4 12 6 2 596
4 12 6 4 514
4 12 6 13 276
4 15 6 2 94
4 15 6 4 388
4 15 6 13 184
4 6 7 3 500
4 6 7 5 256
4 6 7 12 2
4 9 7 3 262
4 9 7 5 84
4 9 7 12 272
4 10 7 3 786
4 10 7 5 672
4 10 7 12 580
4 12 7 3 824
4 12 7 5 794
4 12 7 12 28
4 15 7 3 28
4 15 7 5 254
4 15 7 12 1054
4 6 8 3 194
4 6 8 10 530
4 6 8 12 630
4 9 8 3 476
4 9 8 10 396
4 9 8 12 162
4 10 8 3 318
4 10 8 10 88
4 10 8 12 262
4 12 8 3 270
4 12 8 10 992
4 12 8 12 98
4 15 8 3 112
4 15 8 10 68
4 15 8 12 70
4 6 9 2 342
4 6 9 11 70
4 6 9 13 436
4 9 9 2 84
4 9 9 11 542
4 9 9 13 82
4 10 9 2 4
4 10 9 11 198
4 10 9 13 250
4 12 9 2 222
4 12 9 11 128
4 12 9 13 424
4 15 9 2 62
4 15 9 11 132
4 15 9 13 898
4 6 10 1 90
4 6 10 8 114
4 6 10 14 256
4 9 10 1 340
4 9 10 8 248
4 9 10 14 448
4 10 10 1 28
4 10 10 8 526
4 10 10 14 412
4 12 10 1 378
4 12 10 8 184
4 12 10 14 86
4 15 10 1 172
4 15 10 8 206
4 15 10 14 802
4 6 11 0 60
4 6 11 9 272
4 6 11 15 324
4 9 11 0 226
4 9 11 9 432
4 9 11 15 24
4 10 11 0 152
4 10 11 9 646
4 10 11 15 138
4 12 11 0 488
4 12 11 9 8
4 12 11 15 618
4 15 11 0 476
4 15 11 9 198
4 15 11 15 42
4 6 12 7 462
4 6 12 8 60
4 6 12 14 190
4 9 12 7 280
4 9 12 8 44
4 9 12 14 158
4 10 12 7 168
4 10 12 8 742
4 10 12 14 274
4 12 12 7 28
4 12 12 8 12
4 12 12 14 418
4 15 12 7 618
4 15 12 8 484
4 15 12 14 696
4 6 13 6 96
4 6 13 9 252
4 6 13 15 158
4 9 13 6 326
4 9 13 9 150
4 9 13 15 194
4 10 13 6 410
4 10 13 9 296
4 10 13 15 320
4 12 13 6 244
4 12 13 9 980
4 12 13 15 224
4 15 13 6 174
4 15 13 9 90
4 15 13 15 264
4 6 14 5 844
4 6 14 10 554
4 6 14 12 276
4 9 14 5 190
4 9 14 10 384
4 9 14 12 582
4 10 14 5 168
4 10 14 10 118
4 10 14 12 22
4 12 14 5 400
4 12 14 10 150
4 12 14 12 376
4 15 14 5 144
4 15 14 10 600
4 15 14 12 444
4 6 15 4 134
4 6 15 11 490
4 6 15 13 130
4 9 15 4 36
4 9 15 11 196
4 9 15 13 128
4 10 15 4 130
4 10 15 11 242
4 10 15 13 240
4 12 15 4 328
4 12 15 11 290
4 12 15 13 618
4 15 15 4 220
4 15 15 11 316
4 15 15 13 70
5 7 0 2 26
5 7 0 4 550
5 7 0 11 472
5 8 0 2 260
5 8 0 4 444
5 8 0 11 1078
5 11 0 2 682
5 11 0 4 478
5 11 0 11 588
5 13 0 2 696
5 13 0 4 476
5 13 0 11 354
5 14 0 2 22
5 14 0 4 356
5 14 0 11 246
5 7 1 3 168
5 7 1 5 120
5 7 1 10 152
5 8 1 3 246
5 8 1 5 130
5 8 1 10 36
5 11 1 3 116
5 11 1 5 320
5 11 1 10 156
5 13 1 3 340
5 13 1 5 214
5 13 1 10 58
5 14 1 3 284
5 14 1 5 284
5 14 1 10 338
5 7 2 0 508
5 7 2 6 12
5 7 2 9 310
5 8 2 0 126
5 8 2 6 36
5 8 2 9 108
5 11 2 0 184
5 11 2 6 326
5 11 2 9 658
5 13 2 0 726
5 13 2 6 520
5 13 2 9 280
5 14 2 0 166
5 14 2 6 358
5 14 2 9 312
5 7 3 1 666
5 7 3 7 288
5 7 3 8 720
5 8 3 1 118
5 8 3 7 58
5 8 3 8 134
5 11 3 1 420
5 11 3 7 320
5 11 3 8 324
5 13 3 1 30
5 13 3 7 518
5 13 3 8 358
5 14 3 1 172
5 14 3 7 78
5 14 3 8 58
5 7 4 0 328
5 7 4 6 10
5 7 4 15 272
5 8 4 0 198
5 8 4 6 318
5 8 4 15 556
5 11 4 0 350
5 11 4 6 52
5 11 4 15 266
5 13 4 0 102
5 13 4 6 490
5 13 4 15 76
5 14 4 0 208
5 14 4 6 570
5 14 4 15 282
5 7 5 1 2
5 7 5 7 50
5 7 5 14 90
5 8 5 1 174
5 8 5 7 144
5 8 5 14 56
5 11 5 1 864
5 11 5 7 756
5 11 5 14 114
5 13 5 1 68
5 13 5 7 850
5 13 5 14 136
5 14 5 1 412
5 14 5 7 138
5 14 5 14 38
5 7 6 2 62
5 7 6 4 62
5 7 6 13 364
5 8 6 2 446
5 8 6 4 166
5 8 6 13 256
5 11 6 2 158
5 11 6 4 196
5 11 6 13 544
5 13 6 2 868
5 13 6 4 228
5 13 6 13 30
5 14 6 2 154
5 14 6 4 522
5 14 6 13 22
5 7 7 3 424
5 7 7 5 758
5 7 7 12 390
5 8 7 3 182
5 8 7 5 156
5 8 7 12 142
5 11 7 3 300
5 11 7 5 216
5 11 7 12 134
5 13 7 3 646
5 13 7 5 392
5 13 7 12 28
5 14 7 3 168
5 14 7 5 98
5 14 7 12 50
5 7 8 3 22
5 7 8 10 84
5 7 8 12 502
5 8 8 3 648
5 8 8 10 30
5 8 8 12 306
5 11 8 3 336
5 11 8 10 104
5 11 8 12 786
5 13 8 3 388
5 13 8 10 126
5 13 8 12 662
5 14 8 3 214
5 14 8 10 16
5 14 8 12 642
5 7 9 2 462
5 7 9 11 242
5 7 9 13 152
5 8 9 2 68
5 8 9 11 154
5 8 9 13 246
5 11 9 2 212
5 11 9 11 160
5 11 9 13 82
5 13 9 2 522
5 13 9 11 640
5 13 9 13 372
5 14 9 2 98
5 14 9 11 724
5 14 9 13 94
5 7 10 1 360
5 7 10 8 348
5 7 10 14 128
5 8 10 1 556
5 8 10 8 248
5 8 10 14 150
5 11 10 1 326
5 11 10 8 82
5 11 10 14 46
5 13 10 1 18
5 13 10 8 234
5 13 10 14 160
5 14 10 1 52
5 14 10 8 326
5 14 10 14 522
5 7 11 0 206
5 7 11 9 260
5 7 11 15 308
5 8 11 0 694
5 8 11 9 368
5 8 11 15 572
5 11 11 0 26
5 11 11 9 124
5 11 11 15 22
5 13 11 0 132
5 13 11 9 50
5 13 11 15 380
5 14 11 0 418
5 14 11 9 4
5 14 11 15 170
5 7 12 7 44
5 7 12 8 248
5 7 12 14 696
5 8 12 7 1226
5 8 12 8 846
5 8 12 14 214
5 11 12 7 136
5 11 12 8 494
5 11 12 14 438
5 13 12 7 150
5 13 12 8 114
5 13 12 14 910
5 14 12 7 358
5 14 12 8 242
5 14 12 14 198
5 7 13 6 402
5 7 13 9 120
5 7 13 15 260
5 8 13 6 852
5 8 13 9 34
5 8 13 15 156
5 11 13 6 250
5 11 13 9 120
5 11 13 15 348
5 13 13 6 920
5 13 13 9 172
5 13 13 15 122
5 14 13 6 128
5 14 13 9 636
5 14 13 15 360
5 7 14 5 44
5 7 14 10 634
5 7 14 12 192
5 8 14 5 432
5 8 14 10 224
5 8 14 12 274
5 11 14 5 250
5 11 14 10 146
5 11 14 12 32
5 13 14 5 258
5 13 14 10 370
5 13 14 12 48
5 14 14 5 366
5 14 14 10 264
5 14 14 12 268
5 7 15 4 204
5 7 15 11 270
5 7 15 13 274
5 8 15 4 150
5 8 15 11 254
5 8 15 13 118
5 11 15 4 24
5 11 15 11 114
5 11 15 13 288
5 13 15 4 308
5 13 15 11 102
5 13 15 13 278
5 14 15 4 148
5 14 15 11 160
5 14 15 13 372
6 8 0 2 18
6 8 0 4 92
6 8 0 11 92
6 11 0 2 444
6 11 0 4 152
6 11 0 11 22
6 13 0 2 94
6 13 0 4 604
6 13 0 11 500
6 14 0 2 282
6 14 0 4 666
6 14 0 11 300
6 8 1 3 146
6 8 1 5 334
6 8 1 10 222
6 11 1 3 178
6 11 1 5 502
6 11 1 10 318
6 13 1 3 608
6 13 1 5 252
6 13 1 10 134
6 14 1 3 326
6 14 1 5 98
6 14 1 10 376
6 8 2 0 166
6 8 2 6 18
6 8 2 9 274
6 11 2 0 50
6 11 2 6 78
6 11 2 9 448
6 13 2 0 678
6 13 2 6 522
6 13 2 9 408
6 14 2 0 292
6 14 2 6 376
6 14 2 9 716
6 8 3 1 102
6 8 3 7 350
6 8 3 8 278
6 11 3 1 6
6 11 3 7 368
6 11 3 8 236
6 13 3 1 268
6 13 3 7 22
6 13 3 8 112
6 14 3 1 356
6 14 3 7 336
6 14 3 8 24
6 8 4 0 356
6 8 4 6 546
6 8 4 15 376
6 11 4 0 98
6 11 4 6 350
6 11 4 15 96
6 13 4 0 276
6 13 4 6 232
6 13 4 15 234
6 14 4 0 340
6 14 4 6 142
6 14 4 15 100
6 8 5 1 290
6 8 5 7 294
6 8 5 14 118
6 11 5 1 124
6 11 5 7 112
6 11 5 14 194
6 13 5 1 154
6 13 5 7 244
6 13 5 14 558
6 14 5 1 106
6 14 5 7 56
6 14 5 14 338
6 8 6 2 742
6 8 6 4 110
6 8 6 13 182
6 11 6 2 536
6 11 6 4 172
6 11 6 13 348
6 13 6 2 68
6 13 6 4 232
6 13 6 13 826
6 14 6 2 128
6 14 6 4 390
6 14 6 13 624
6 8 7 3 92
6 8 7 5 78
6 8 7 12 172
6 11 7 3 230
6 11 7 5 316
6 11 7 12 154
6 13 7 3 268
6 13 7 5 612
6 13 7 12 52
6 14 7 3 256
6 14 7 5 592
6 14 7 12 186
6 8 8 3 76
6 8 8 10 462
6 8 8 12 346
6 11 8 3 454
6 11 8 10 36
6 11 8 12 8
6 13 8 3 422
6 13 8 10 372
6 13 8 12 652
6 14 8 3 284
6 14 8 10 592
6 14 8 12 878
6 8 9 2 120
6 8 9 11 478
6 8 9 13 146
6 11 9 2 430
6 11 9 11 122
6 11 9 13 354
6 13 9 2 70
6 13 9 11 358
6 13 9 13 358
6 14 9 2 182
6 14 9 11 284
6 14 9 13 572
6 8 10 1 144
6 8 10 8 696
6 8 10 14 162
6 11 10 1 102
6 11 10 8 224
6 11 10 14 12
6 13 10 1 220
6 13 10 8 178
6 13 10 14 32
6 14 10 1 44
6 14 10 8 582
6 14 10 14 138
6 8 11 0 616
6 8 11 9 452
6 8 11 15 616
6 11 11 0 196
6 11 11 9 2
6 11 11 15 540
6 13 11 0 6
6 13 11 9 202
6 13 11 15 598
6 14 11 0 356
6 14 11 9 598
6 14 11 15 494
6 8 12 7 260
6 8 12 8 22
6 8 12 14 1148
6 11 12 7 136
6 11 12 8 552
6 11 12 14 640
6 13 12 7 266
6 13 12 8 556
6 13 12 14 584
6 14 12 7 420
6 14 12 8 92
6 14 12 14 210
6 8 13 6 360
6 8 13 9 204
6 8 13 15 34
6 11 13 6 322
6 11 13 9 284
6 11 13 15 414
6 13 13 6 148
6 13 13 9 146
6 13 13 15 4
6 14 13 6 126
6 14 13 9 326
6 14 13 15 332
6 8 14 5 230
6 8 14 10 90
6 8 14 12 332
6 11 14 5 490
6 11 14 10 110
6 11 14 12 166
6 13 14 5 94
6 13 14 10 146
6 13 14 12 52
6 14 14 5 762
6 14 14 10 38
6 14 14 12 132
6 8 15 4 50
6 8 15 11 446
6 8 15 13 292
6 11 15 4 454
6 11 15 11 98
6 11 15 13 570
6 13 15 4 178
6 13 15 11 414
6 13 15 13 40
6 14 15 4 44
6 14 15 11 340
6 14 15 13 444
7 9 0 2 30
7 9 0 4 16
7 9 0 11 634
7 10 0 2 80
7 10 0 4 656
7 10 0 11 84
7 12 0 2 236
7 12 0 4 108
7 12 0 11 50
7 15 0 2 58
7 15 0 4 138
7 15 0 11 230
7 9 1 3 28
7 9 1 5 316
7 9 1 10 120
7 10 1 3 270
7 10 1 5 6
7 10 1 10 128
7 12 1 3 654
7 12 1 5 176
7 12 1 10 284
7 15 1 3 202
7 15 1 5 728
7 15 1 10 232
7 9 2 0 142
7 9 2 6 210
7 9 2 9 378
7 10 2 0 558
7 10 2 6 452
7 10 2 9 62
7 12 2 0 174
7 12 2 6 168
7 12 2 9 160
7 15 2 0 594
7 15 2 6 52
7 15 2 9 410
7 9 3 1 598
7 9 3 7 438
7 9 3 8 150
7 10 3 1 34
7 10 3 7 292
7 10 3 8 2
7 12 3 1 94
7 12 3 7 650
7 12 3 8 470
7 15 3 1 72
7 15 3 7 74
7 15 3 8 332
7 9 4 0 504
7 9 4 6 266
7 9 4 15 508
7 10 4 0 428
7 10 4 6 56
7 10 4 15 192
7 12 4 0 66
7 12 4 6 404
7 12 4 15 268
7 15 4 0 58
7 15 4 6 42
7 15 4 15 482
7 9 5 1 466
7 9 5 7 328
7 9 5 14 452
7 10 5 1 128
7 10 5 7 348
7 10 5 14 916
7 12 5 1 1058
7 12 5 7 240
7 12 5 14 276
7 15 5 1 430
7 15 5 7 296
7 15 5 14 406
7 9 6 2 912
7 9 6 4 686
7 9 6 13 42
7 10 6 2 314
7 10 6 4 390
7 10 6 13 60
7 12 6 2 256
7 12 6 4 262
7 12 6 13 184
7 15 6 2 458
7 15 6 4 358
7 15 6 13 150
7 9 7 3 228
7 9 7 5 76
7 9 7 12 20
7 10 7 3 80
7 10 7 5 426
7 10 7 12 22
7 12 7 3 720
7 12 7 5 94
7 12 7 12 72
7 15 7 3 750
7 15 7 5 516
7 15 7 12 360
7 9 8 3 88
7 9 8 10 74
7 9 8 12 136
7 10 8 3 226
7 10 8 10 240
7 10 8 12 4
7 12 8 3 98
7 12 8 10 826
7 12 8 12 52
7 15 8 3 252
7 15 8 10 284
7 15 8 12 174
7 9 9 2 704
7 9 9 11 116
7 9 9 13 912
7 10 9 2 74
7 10 9 11 422
7 10 9 13 316
7 12 9 2 202
7 12 9 11 312
7 12 9 13 210
7 15 9 2 18
7 15 9 11 434
7 15 9 13 778
7 9 10 1 316
7 9 10 8 1058
7 9 10 14 252
7 10 10 1 454
7 10 10 8 362
7 10 10 14 100
7 12 10 1 346
7 12 10 8 310
7 12 10 14 538
7 15 10 1 508
7 15 10 8 312
7 15 10 14 138
7 9 11 0 102
7 9 11 9 18
7 9 11 15 70
7 10 11 0 118
7 10 11 9 186
7 10 11 15 402
7 12 11 0 574
7 12 11 9 46
7 12 11 15 300
7 15 11 0 328
7 15 11 9 252
7 15 11 15 10
7 9 12 7 538
7 9 12 8 144
7 9 12 14 742
7 10 12 7 460
7 10 12 8 42
7 10 12 14 350
7 12 12 7 328
7 12 12 8 280
7 12 12 14 86
7 15 12 7 470
7 15 12 8 320
7 15 12 14 260
7 9 13 6 270
7 9 13 9 364
7 9 13 15 236
7 10 13 6 148
7 10 13 9 128
7 10 13 15 390
7 12 13 6 656
7 12 13 9 184
7 12 13 15 596
7 15 13 6 138
7 15 13 9 284
7 15 13 15 152
7 9 14 5 252
7 9 14 10 68
7 9 14 12 238
7 10 14 5 502
7 10 14 10 792
7 10 14 12 68
7 12 14 5 202
7 12 14 10 244
7 12 14 12 244
7 15 14 5 268
7 15 14 10 426
7 15 14 12 566
7 9 15 4 272
7 9 15 11 364
7 9 15 13 174
7 10 15 4 696
7 10 15 11 490
7 10 15 13 412
7 12 15 4 402
7 12 15 11 418
7 12 15 13 68
7 15 15 4 92
7 15 15 11 76
7 15 15 13 296
8 10 0 2 328
8 10 0 4 288
8 10 0 11 96
8 12 0 2 338
8 12 0 4 266
8 12 0 11 320
8 10 1 3 248
8 10 1 5 42
8 10 1 10 392
8 12 1 3 660
8 12 1 5 250
8 12 1 10 412
8 10 2 0 824
8 10 2 6 42
8 10 2 9 576
8 12 2 0 652
8 12 2 6 722
8 12 2 9 574
8 10 3 1 288
8 10 3 7 918
8 10 3 8 770
8 12 3 1 536
8 12 3 7 338
8 12 3 8 588
8 10 4 0 506
8 10 4 6 210
8 10 4 15 432
8 12 4 0 254
8 12 4 6 324
8 12 4 15 166
8 10 5 1 232
8 10 5 7 484
8 10 5 14 118
8 12 5 1 244
8 12 5 7 166
8 12 5 14 110
8 10 6 2 310
8 10 6 4 128
8 10 6 13 92
8 12 6 2 48
8 12 6 4 158
8 12 6 13 84
8 10 7 3 250
8 10 7 5 296
8 10 7 12 576
8 12 7 3 164
8 12 7 5 10
8 12 7 12 322
8 10 8 3 52
8 10 8 10 776
8 10 8 12 100
8 12 8 3 116
8 12 8 10 34
8 12 8 12 84
8 10 9 2 358
8 10 9 11 402
8 10 9 13 42
8 12 9 2 64
8 12 9 11 268
8 12 9 13 326
8 10 10 1 90
8 10 10 8 140
8 10 10 14 214
8 12 10 1 148
8 12 10 8 318
8 12 10 14 756
8 10 11 0 78
8 10 11 9 338
8 10 11 15 578
8 12 11 0 22
8 12 11 9 586
8 12 11 15 672
8 10 12 7 182
8 10 12 8 206
8 10 12 14 464
8 12 12 7 208
8 12 12 8 74
8 12 12 14 6
8 10 13 6 122
8 10 13 9 162
8 10 13 15 730
8 12 13 6 282
8 12 13 9 552
8 12 13 15 182
8 10 14 5 802
8 10 14 10 396
8 10 14 12 176
8 12 14 5 42
8 12 14 10 248
8 12 14 12 4
8 10 15 4 188
8 10 15 11 46
8 10 15 13 512
8 12 15 4 122
8 12 15 11 192
8 12 15 13 342
9 11 0 2 34
9 11 0 4 1102
9 11 0 11 218
9 13 0 2 42
9 13 0 4 94
9 13 0 11 102
9 11 1 3 296
9 11 1 5 824
9 11 1 10 166
9 13 1 3 586
9 13 1 5 190
9 13 1 10 202
9 11 2 0 550
9 11 2 6 162
9 11 2 9 524
9 13 2 0 202
9 13 2 6 10
9 13 2 9 384
9 11 3 1 372
9 11 3 7 76
9 11 3 8 282
9 13 3 1 558
9 13 3 7 312
9 13 3 8 338
9 11 4 0 306
9 11 4 6 14
9 11 4 15 348
9 13 4 0 754
9 13 4 6 280
9 13 4 15 460
9 11 5 1 136
9 11 5 7 268
9 11 5 14 274
9 13 5 1 58
9 13 5 7 450
9 13 5 14 642
9 11 6 2 266
9 11 6 4 518
9 11 6 13 184
9 13 6 2 288
9 13 6 4 244
9 13 6 13 60
9 11 7 3 334
9 11 7 5 196
9 11 7 12 412
9 13 7 3 406
9 13 7 5 1250
9 13 7 12 324
9 11 8 3 276
9 11 8 10 170
9 11 8 12 274
9 13 8 3 342
9 13 8 10 720
9 13 8 12 104
9 11 9 2 344
9 11 9 11 426
9 11 9 13 22
9 13 9 2 146
9 13 9 11 154
9 13 9 13 98
9 11 10 1 478
9 11 10 8 514
9 11 10 14 48
9 13 10 1 806
9 13 10 8 198
9 13 10 14 24
9 11 11 0 176
9 11 11 9 584
9 11 11 15 454
9 13 11 0 258
9 13 11 9 14
9 13 11 15 144
9 11 12 7 6
9 11 12 8 60
9 11 12 14 104
9 13 12 7 280
9 13 12 8 228
9 13 12 14 350
9 11 13 6 288
9 11 13 9 22
9 11 13 15 88
9 13 13 6 72
9 13 13 9 366
9 13 13 15 464
9 11 14 5 46
9 11 14 10 372
9 11 14 12 34
9 13 14 5 18
9 13 14 10 672
9 13 14 12 524
9 11 15 4 58
9 11 15 11 60
9 11 15 13 102
9 13 15 4 60
9 13 15 11 596
9 13 15 13 402
10 14 0 2 100
10 14 0 4 116
10 14 0 11 58
10 14 1 3 752
10 14 1 5 176
10 14 1 10 50
10 14 2 0 370
10 14 2 6 34
10 14 2 9 198
10 14 3 1 362
10 14 3 7 192
10 14 3 8 508
10 14 4 0 50
10 14 4 6 226
10 14 4 15 388
10 14 5 1 376
10 14 5 7 118
10 14 5 14 314
10 14 6 2 342
10 14 6 4 210
10 14 6 13 66
10 14 7 3 654
10 14 7 5 14
10 14 7 12 16
10 14 8 3 342
10 14 8 10 570
10 14 8 12 72
10 14 9 2 968
10 14 9 11 10
10 14 9 13 324
10 14 10 1 142
10 14 10 8 384
10 14 10 14 188
10 14 11 0 312
10 14 11 9 146
10 14 11 15 142
10 14 12 7 312
10 14 12 8 194
10 14 12 14 100
10 14 13 6 294
10 14 13 9 732
10 14 13 15 744
10 14 14 5 722
10 14 14 10 476
10 14 14 12 86
10 14 15 4 476
10 14 15 11 28
10 14 15 13 108
11 15 0 2 544
11 15 0 4 86
11 15 0 11 194
11 15 1 3 88
11 15 1 5 120
11 15 1 10 58
11 15 2 0 120
11 15 2 6 410
11 15 2 9 416
11 15 3 1 142
11 15 3 7 266
11 15 3 8 422
11 15 4 0 130
11 15 4 6 262
11 15 4 15 70
11 15 5 1 58
11 15 5 7 132
11 15 5 14 120
11 15 6 2 488
11 15 6 4 146
11 15 6 13 64
11 15 7 3 164
11 15 7 5 182
11 15 7 12 640
11 15 8 3 332
11 15 8 10 148
11 15 8 12 544
11 15 9 2 460
11 15 9 11 264
11 15 9 13 330
11 15 10 1 148
11 15 10 8 336
11 15 10 14 402
11 15 11 0 230
11 15 11 9 302
11 15 11 15 310
11 15 12 7 616
11 15 12 8 748
11 15 12 14 14
11 15 13 6 382
11 15 13 9 780
11 15 13 15 36
11 15 14 5 28
11 15 14 10 580
11 15 14 12 48
11 15 15 4 340
11 15 15 11 344
11 15 15 13 608
12 14 0 2 252
12 14 0 4 6
12 14 0 11 326
12 14 1 3 200
12 14 1 5 78
12 14 1 10 404
12 14 2 0 146
12 14 2 6 648
12 14 2 9 156
12 14 3 1 626
12 14 3 7 62
12 14 3 8 156
12 14 4 0 746
12 14 4 6 138
12 14 4 15 164
12 14 5 1 312
12 14 5 7 226
12 14 5 14 934
12 14 6 2 422
12 14 6 4 370
12 14 6 13 422
12 14 7 3 214
12 14 7 5 388
12 14 7 12 36
12 14 8 3 358
12 14 8 10 578
12 14 8 12 42
12 14 9 2 976
12 14 9 11 58
12 14 9 13 70
12 14 10 1 190
12 14 10 8 180
12 14 10 14 228
12 14 11 0 394
12 14 11 9 512
12 14 11 15 408
12 14 12 7 272
12 14 12 8 94
12 14 12 14 20
12 14 13 6 10
12 14 13 9 114
12 14 13 15 156
12 14 14 5 262
12 14 14 10 68
12 14 14 12 50
12 14 15 4 92
12 14 15 11 324
12 14 15 13 654
13 15 0 2 262
13 15 0 4 218
13 15 0 11 188
13 15 1 3 828
13 15 1 5 24
13 15 1 10 386
13 15 2 0 106
13 15 2 6 486
13 15 2 9 112
13 15 3 1 118
13 15 3 7 504
13 15 3 8 248
13 15 4 0 188
13 15 4 6 70
13 15 4 15 296
13 15 5 1 382
13 15 5 7 122
13 15 5 14 268
13 15 6 2 112
13 15 6 4 570
13 15 6 13 266
13 15 7 3 410
13 15 7 5 422
13 15 7 12 522
13 15 8 3 488
13 15 8 10 192
13 15 8 12 624
13 15 9 2 58
13 15 9 11 436
13 15 9 13 330
13 15 10 1 186
13 15 10 8 44
13 15 10 14 148
13 15 11 0 390
13 15 11 9 206
13 15 11 15 520
13 15 12 7 236
13 15 12 8 378
13 15 12 14 514
13 15 13 6 442
13 15 13 9 426
13 15 13 15 24
13 15 14 5 10
13 15 14 10 334
13 15 14 12 396
13 15 15 4 206
13 15 15 11 574
13 15 15 13 62
