0 2 0 2 188
0 2 0 4 190
0 2 0 11 748
0 4 0 2 228
0 4 0 4 198
0 4 0 11 424
0 8 0 2 550
0 8 0 4 350
0 8 0 11 32
0 11 0 2 672
0 11 0 4 480
0 11 0 11 382
0 13 0 2 22
0 13 0 4 216
0 13 0 11 452
0 14 0 2 160
0 14 0 4 270
0 14 0 11 276
0 2 1 3 582
0 2 1 5 326
0 2 1 10 54
0 4 1 3 44
0 4 1 5 434
0 4 1 10 320
0 8 1 3 860
0 8 1 5 364
0 8 1 10 150
0 11 1 3 256
0 11 1 5 42
0 11 1 10 392
0 13 1 3 60
0 13 1 5 548
0 13 1 10 412
0 14 1 3 180
0 14 1 5 280
0 14 1 10 70
0 2 2 0 292
0 2 2 6 96
0 2 2 9 114
0 4 2 0 348
0 4 2 6 140
0 4 2 9 2
0 8 2 0 288
0 8 2 6 132
0 8 2 9 696
0 11 2 0 42
0 11 2 6 244
0 11 2 9 162
0 13 2 0 352
0 13 2 6 312
0 13 2 9 1048
0 14 2 0 562
0 14 2 6 418
0 14 2 9 40
0 2 3 1 280
0 2 3 7 198
0 2 3 8 10
0 4 3 1 160
0 4 3 7 370
0 4 3 8 746
0 8 3 1 522
0 8 3 7 1362
0 8 3 8 342
0 11 3 1 296
0 11 3 7 14
0 11 3 8 248
0 13 3 1 562
0 13 3 7 340
0 13 3 8 4
0 14 3 1 92
0 14 3 7 334
0 14 3 8 660
0 2 4 0 548
0 2 4 6 346
0 2 4 15 74
0 4 4 0 28
0 4 4 6 174
0 4 4 15 122
0 8 4 0 26
0 8 4 6 88
0 8 4 15 54
0 11 4 0 866
0 11 4 6 36
0 11 4 15 396
0 13 4 0 682
0 13 4 6 176
0 13 4 15 410
0 14 4 0 178
0 14 4 6 522
0 14 4 15 110
0 2 5 1 62
0 2 5 7 574
0 2 5 14 416
0 4 5 1 118
0 4 5 7 376
0 4 5 14 138
0 8 5 1 94
0 8 5 7 464
0 8 5 14 98
0 11 5 1 248
0 11 5 7 628
0 11 5 14 106
0 13 5 1 268
0 13 5 7 0
0 13 5 14 62
0 14 5 1 2
0 14 5 7 376
0 14 5 14 464
0 2 6 2 544
0 2 6 4 212
0 2 6 13 374
0 4 6 2 196
0 4 6 4 24
0 4 6 13 350
0 8 6 2 920
0 8 6 4 280
0 8 6 13 380
0 11 6 2 764
0 11 6 4 312
0 11 6 13 1028
0 13 6 2 50
0 13 6 4 142
0 13 6 13 294
0 14 6 2 152
0 14 6 4 834
0 14 6 13 376
0 2 7 3 268
0 2 7 5 272
0 2 7 12 592
0 4 7 3 10
0 4 7 5 432
0 4 7 12 296
0 8 7 3 384
0 8 7 5 704
0 8 7 12 462
0 11 7 3 252
0 11 7 5 408
0 11 7 12 88
0 13 7 3 4
0 13 7 5 412
0 13 7 12 396
0 14 7 3 576
0 14 7 5 128
0 14 7 12 286
0 2 8 3 16
0 2 8 10 230
0 2 8 12 360
0 4 8 3 176
0 4 8 10 450
0 4 8 12 142
0 8 8 3 10
0 8 8 10 254
0 8 8 12 192
0 11 8 3 258
0 11 8 10 44
0 11 8 12 242
0 13 8 3 160
0 13 8 10 220
0 13 8 12 410
0 14 8 3 300
0 14 8 10 168
0 14 8 12 184
0 2 9 2 54
0 2 9 11 164
0 2 9 13 40
0 4 9 2 276
0 4 9 11 126
0 4 9 13 424
0 8 9 2 940
0 8 9 11 600
0 8 9 13 590
0 11 9 2 270
0 11 9 11 56
0 11 9 13 314
0 13 9 2 270
0 13 9 11 302
0 13 9 13 46
0 14 9 2 764
0 14 9 11 398
0 14 9 13 364
0 2 10 1 534
0 2 10 8 264
0 2 10 14 400
0 4 10 1 34
0 4 10 8 368
0 4 10 14 234
0 8 10 1 166
0 8 10 8 514
0 8 10 14 396
0 11 10 1 20
0 11 10 8 322
0 11 10 14 158
0 13 10 1 406
0 13 10 8 330
0 13 10 14 390
0 14 10 1 32
0 14 10 8 514
0 14 10 14 428
0 2 11 0 164
0 2 11 9 176
0 2 11 15 166
0 4 11 0 376
0 4 11 9 510
0 4 11 15 26
0 8 11 0 496
0 8 11 9 674
0 8 11 15 200
0 11 11 0 76
0 11 11 9 356
0 11 11 15 38
0 13 11 0 376
0 13 11 9 8
0 13 11 15 194
0 14 11 0 100
0 14 11 9 168
0 14 11 15 264
0 2 12 7 52
0 2 12 8 24
0 2 12 14 444
0 4 12 7 112
0 4 12 8 256
0 4 12 14 176
0 8 12 7 118
0 8 12 8 294
0 8 12 14 142
0 11 12 7 152
0 11 12 8 340
0 11 12 14 218
0 13 12 7 240
0 13 12 8 208
0 13 12 14 288
0 14 12 7 232
0 14 12 8 754
0 14 12 14 308
0 2 13 6 190
0 2 13 9 160
0 2 13 15 600
0 4 13 6 688
0 4 13 9 868
0 4 13 15 620
0 8 13 6 180
0 8 13 9 150
0 8 13 15 664
0 11 13 6 186
0 11 13 9 756
0 11 13 15 276
0 13 13 6 54
0 13 13 9 818
0 13 13 15 476
0 14 13 6 328
0 14 13 9 226
0 14 13 15 72
0 2 14 5 488
0 2 14 10 650
0 2 14 12 188
0 4 14 5 4
0 4 14 10 110
0 4 14 12 178
0 8 14 5 574
0 8 14 10 204
0 8 14 12 672
0 11 14 5 400
0 11 14 10 140
0 11 14 12 378
0 13 14 5 76
0 13 14 10 82
0 13 14 12 58
0 14 14 5 350
0 14 14 10 410
0 14 14 12 228
0 2 15 4 46
0 2 15 11 276
0 2 15 13 216
0 4 15 4 80
0 4 15 11 238
0 4 15 13 46
0 8 15 4 130
0 8 15 11 578
0 8 15 13 336
0 11 15 4 150
0 11 15 11 188
0 11 15 13 678
0 13 15 4 82
0 13 15 11 446
0 13 15 13 248
0 14 15 4 466
0 14 15 11 104
0 14 15 13 404
1 3 0 2 466
1 3 0 4 310
1 3 0 11 104
1 5 0 2 236
1 5 0 4 558
1 5 0 11 66
1 9 0 2 590
1 9 0 4 78
1 9 0 11 16
1 10 0 2 492
1 10 0 4 158
1 10 0 11 198
1 12 0 2 644
1 12 0 4 204
1 12 0 11 328
1 15 0 2 254
1 15 0 4 42
1 15 0 11 4
1 3 1 3 132
1 3 1 5 116
1 3 1 10 364
1 5 1 3 588
1 5 1 5 128
1 5 1 10 478
1 9 1 3 230
1 9 1 5 588
1 9 1 10 84
1 10 1 3 506
1 10 1 5 32
1 10 1 10 22
1 12 1 3 618
1 12 1 5 146
1 12 1 10 84
1 15 1 3 26
1 15 1 5 608
1 15 1 10 526
1 3 2 0 438
1 3 2 6 200
1 3 2 9 410
1 5 2 0 100
1 5 2 6 52
1 5 2 9 140
1 9 2 0 14
1 9 2 6 454
1 9 2 9 6
1 10 2 0 454
1 10 2 6 376
1 10 2 9 558
1 12 2 0 282
1 12 2 6 292
1 12 2 9 198
1 15 2 0 84
1 15 2 6 974
1 15 2 9 368
1 3 3 1 204
1 3 3 7 460
1 3 3 8 40
1 5 3 1 412
1 5 3 7 340
1 5 3 8 88
1 9 3 1 14
1 9 3 7 152
1 9 3 8 196
1 10 3 1 402
1 10 3 7 432
1 10 3 8 216
1 12 3 1 358
1 12 3 7 280
1 12 3 8 178
1 15 3 1 122
1 15 3 7 508
1 15 3 8 264
1 3 4 0 24
1 3 4 6 232
1 3 4 15 402
1 5 4 0 382
1 5 4 6 108
1 5 4 15 354
1 9 4 0 42
1 9 4 6 20
1 9 4 15 150
1 10 4 0 144
1 10 4 6 94
1 10 4 15 676
1 12 4 0 80
1 12 4 6 40
1 12 4 15 78
1 15 4 0 468
1 15 4 6 222
1 15 4 15 80
1 3 5 1 54
1 3 5 7 208
1 3 5 14 274
1 5 5 1 204
1 5 5 7 66
1 5 5 14 230
1 9 5 1 886
1 9 5 7 40
1 9 5 14 324
1 10 5 1 142
1 10 5 7 426
1 10 5 14 404
1 12 5 1 732
1 12 5 7 616
1 12 5 14 344
1 15 5 1 952
1 15 5 7 264
1 15 5 14 82
1 3 6 2 300
1 3 6 4 316
1 3 6 13 6
1 5 6 2 266
1 5 6 4 234
1 5 6 13 50
1 9 6 2 158
1 9 6 4 18
1 9 6 13 294
1 10 6 2 456
1 10 6 4 318
1 10 6 13 158
1 12 6 2 188
1 12 6 4 252
1 12 6 13 712
1 15 6 2 112
1 15 6 4 30
1 15 6 13 370
1 3 7 3 68
1 3 7 5 12
1 3 7 12 70
1 5 7 3 200
1 5 7 5 202
1 5 7 12 206
1 9 7 3 570
1 9 7 5 268
1 9 7 12 366
1 10 7 3 416
1 10 7 5 280
1 10 7 12 226
1 12 7 3 98
1 12 7 5 288
1 12 7 12 768
1 15 7 3 30
1 15 7 5 138
1 15 7 12 796
1 3 8 3 18
1 3 8 10 258
1 3 8 12 270
1 5 8 3 80
1 5 8 10 668
1 5 8 12 242
1 9 8 3 330
1 9 8 10 270
1 9 8 12 490
1 10 8 3 138
1 10 8 10 750
1 10 8 12 330
1 12 8 3 24
1 12 8 10 444
1 12 8 12 212
1 15 8 3 104
1 15 8 10 222
1 15 8 12 238
1 3 9 2 234
1 3 9 11 242
1 3 9 13 188
1 5 9 2 252
1 5 9 11 544
1 5 9 13 170
1 9 9 2 160
1 9 9 11 206
1 9 9 13 628
1 10 9 2 22
1 10 9 11 16
1 10 9 13 288
1 12 9 2 548
1 12 9 11 190
1 12 9 13 218
1 15 9 2 410
1 15 9 11 778
1 15 9 13 194
1 3 10 1 434
1 3 10 8 356
1 3 10 14 142
1 5 10 1 226
1 5 10 8 34
1 5 10 14 194
1 9 10 1 56
1 9 10 8 374
1 9 10 14 522
1 10 10 1 476
1 10 10 8 480
1 10 10 14 158
1 12 10 1 76
1 12 10 8 674
1 12 10 14 150
1 15 10 1 150
1 15 10 8 20
1 15 10 14 1086
1 3 11 0 388
1 3 11 9 240
1 3 11 15 412
1 5 11 0 644
1 5 11 9 38
1 5 11 15 494
1 9 11 0 142
1 9 11 9 266
1 9 11 15 160
1 10 11 0 506
1 10 11 9 60
1 10 11 15 184
1 12 11 0 504
1 12 11 9 406
1 12 11 15 330
1 15 11 0 128
1 15 11 9 190
1 15 11 15 270
1 3 12 7 510
1 3 12 8 662
1 3 12 14 518
1 5 12 7 480
1 5 12 8 200
1 5 12 14 132
1 9 12 7 374
1 9 12 8 62
1 9 12 14 138
1 10 12 7 658
1 10 12 8 74
1 10 12 14 110
1 12 12 7 134
1 12 12 8 444
1 12 12 14 310
1 15 12 7 114
1 15 12 8 270
1 15 12 14 42
1 3 13 6 58
1 3 13 9 290
1 3 13 15 484
1 5 13 6 492
1 5 13 9 420
1 5 13 15 478
1 9 13 6 108
1 9 13 9 558
1 9 13 15 400
1 10 13 6 256
1 10 13 9 86
1 10 13 15 282
1 12 13 6 404
1 12 13 9 280
1 12 13 15 92
1 15 13 6 110
1 15 13 9 220
1 15 13 15 106
1 3 14 5 650
1 3 14 10 600
1 3 14 12 196
1 5 14 5 102
1 5 14 10 124
1 5 14 12 136
1 9 14 5 10
1 9 14 10 32
1 9 14 12 62
1 10 14 5 270
1 10 14 10 162
1 10 14 12 392
1 12 14 5 350
1 12 14 10 186
1 12 14 12 490
1 15 14 5 202
1 15 14 10 6
1 15 14 12 44
1 3 15 4 10
1 3 15 11 192
1 3 15 13 542
1 5 15 4 90
1 5 15 11 124
1 5 15 13 22
1 9 15 4 170
1 9 15 11 6
1 9 15 13 362
1 10 15 4 144
1 10 15 11 316
1 10 15 13 500
1 12 15 4 234
1 12 15 11 26
1 12 15 13 40
1 15 15 4 372
1 15 15 11 384
1 15 15 13 348
2 6 0 2 388
2 6 0 4 82
2 6 0 11 244
2 9 0 2 36
2 9 0 4 386
2 9 0 11 968
2 10 0 2 32
2 10 0 4 330
2 10 0 11 452
2 12 0 2 80
2 12 0 4 214
2 12 0 11 248
2 15 0 2 186
2 15 0 4 34
2 15 0 11 54
2 6 1 3 120
2 6 1 5 580
2 6 1 10 192
2 9 1 3 188
2 9 1 5 832
2 9 1 10 450
2 10 1 3 202
2 10 1 5 534
2 10 1 10 166
2 12 1 3 626
2 12 1 5 136
2 12 1 10 328
2 15 1 3 654
2 15 1 5 454
2 15 1 10 82
2 6 2 0 620
2 6 2 6 208
2 6 2 9 714
2 9 2 0 500
2 9 2 6 194
2 9 2 9 18
2 10 2 0 372
2 10 2 6 120
2 10 2 9 220
2 12 2 0 546
2 12 2 6 276
2 12 2 9 126
2 15 2 0 794
2 15 2 6 230
2 15 2 9 1230
2 6 3 1 328
2 6 3 7 410
2 6 3 8 188
2 9 3 1 38
2 9 3 7 244
2 9 3 8 196
2 10 3 1 504
2 10 3 7 636
2 10 3 8 168
2 12 3 1 46
2 12 3 7 156
2 12 3 8 276
2 15 3 1 1044
2 15 3 7 152
2 15 3 8 334
2 6 4 0 148
2 6 4 6 370
2 6 4 15 70
2 9 4 0 304
2 9 4 6 128
2 9 4 15 416
2 10 4 0 260
2 10 4 6 824
2 10 4 15 262
2 12 4 0 334
2 12 4 6 234
2 12 4 15 28
2 15 4 0 60
2 15 4 6 756
2 15 4 15 458
2 6 5 1 372
2 6 5 7 520
2 6 5 14 110
2 9 5 1 350
2 9 5 7 540
2 9 5 14 416
2 10 5 1 438
2 10 5 7 12
2 10 5 14 224
2 12 5 1 208
2 12 5 7 64
2 12 5 14 406
2 15 5 1 508
2 15 5 7 258
2 15 5 14 188
2 6 6 2 266
2 6 6 4 124
2 6 6 13 206
2 9 6 2 0
2 9 6 4 282
2 9 6 13 42
2 10 6 2 210
2 10 6 4 420
2 10 6 13 154
2 12 6 2 282
2 12 6 4 118
2 12 6 13 166
2 15 6 2 650
2 15 6 4 108
2 15 6 13 94
2 6 7 3 444
2 6 7 5 214
2 6 7 12 436
2 9 7 3 114
2 9 7 5 150
2 9 7 12 610
2 10 7 3 114
2 10 7 5 250
2 10 7 12 442
2 12 7 3 250
2 12 7 5 88
2 12 7 12 236
2 15 7 3 352
2 15 7 5 138
2 15 7 12 14
2 6 8 3 394
2 6 8 10 656
2 6 8 12 454
2 9 8 3 510
2 9 8 10 392
2 9 8 12 222
2 10 8 3 146
2 10 8 10 514
2 10 8 12 762
2 12 8 3 316
2 12 8 10 672
2 12 8 12 234
2 15 8 3 502
2 15 8 10 94
2 15 8 12 204
2 6 9 2 448
2 6 9 11 702
2 6 9 13 1014
2 9 9 2 472
2 9 9 11 274
2 9 9 13 320
2 10 9 2 30
2 10 9 11 298
2 10 9 13 252
2 12 9 2 72
2 12 9 11 434
2 12 9 13 628
2 15 9 2 364
2 15 9 11 534
2 15 9 13 254
2 6 10 1 10
2 6 10 8 180
2 6 10 14 370
2 9 10 1 324
2 9 10 8 152
2 9 10 14 74
2 10 10 1 128
2 10 10 8 536
2 10 10 14 312
2 12 10 1 302
2 12 10 8 436
2 12 10 14 78
2 15 10 1 408
2 15 10 8 38
2 15 10 14 304
2 6 11 0 84
2 6 11 9 794
2 6 11 15 170
2 9 11 0 474
2 9 11 9 208
2 9 11 15 396
2 10 11 0 322
2 10 11 9 518
2 10 11 15 58
2 12 11 0 240
2 12 11 9 136
2 12 11 15 686
2 15 11 0 230
2 15 11 9 24
2 15 11 15 222
2 6 12 7 194
2 6 12 8 158
2 6 12 14 338
2 9 12 7 10
2 9 12 8 418
2 9 12 14 166
2 10 12 7 402
2 10 12 8 186
2 10 12 14 374
2 12 12 7 224
2 12 12 8 38
2 12 12 14 88
2 15 12 7 616
2 15 12 8 98
2 15 12 14 362
2 6 13 6 232
2 6 13 9 280
2 6 13 15 212
2 9 13 6 50
2 9 13 9 164
2 9 13 15 388
2 10 13 6 56
2 10 13 9 150
2 10 13 15 170
2 12 13 6 386
2 12 13 9 70
2 12 13 15 92
2 15 13 6 242
2 15 13 9 270
2 15 13 15 60
2 6 14 5 272
2 6 14 10 326
2 6 14 12 80
2 9 14 5 280
2 9 14 10 98
2 9 14 12 464
2 10 14 5 538
2 10 14 10 98
2 10 14 12 366
2 12 14 5 254
2 12 14 10 18
2 12 14 12 398
2 15 14 5 100
2 15 14 10 60
2 15 14 12 336
2 6 15 4 12
2 6 15 11 18
2 6 15 13 302
2 9 15 4 236
2 9 15 11 162
2 9 15 13 758
2 10 15 4 308
2 10 15 11 16
2 10 15 13 452
2 12 15 4 92
2 12 15 11 26
2 12 15 13 264
2 15 15 4 396
2 15 15 11 436
2 15 15 13 230
3 7 0 2 374
3 7 0 4 384
3 7 0 11 84
3 8 0 2 200
3 8 0 4 310
3 8 0 11 4
3 11 0 2 44
3 11 0 4 104
3 11 0 11 248
3 13 0 2 562
3 13 0 4 62
3 13 0 11 156
3 14 0 2 28
3 14 0 4 38
3 14 0 11 78
3 7 1 3 480
3 7 1 5 148
3 7 1 10 436
3 8 1 3 58
3 8 1 5 218
3 8 1 10 316
3 11 1 3 22
3 11 1 5 44
3 11 1 10 140
3 13 1 3 350
3 13 1 5 304
3 13 1 10 178
3 14 1 3 150
3 14 1 5 364
3 14 1 10 88
3 7 2 0 232
3 7 2 6 268
3 7 2 9 94
3 8 2 0 124
3 8 2 6 522
3 8 2 9 114
3 11 2 0 374
3 11 2 6 364
3 11 2 9 14
3 13 2 0 72
3 13 2 6 522
3 13 2 9 470
3 14 2 0 24
3 14 2 6 112
3 14 2 9 352
3 7 3 1 608
3 7 3 7 142
3 7 3 8 90
3 8 3 1 426
3 8 3 7 46
3 8 3 8 470
3 11 3 1 16
3 11 3 7 332
3 11 3 8 850
3 13 3 1 218
3 13 3 7 198
3 13 3 8 362
3 14 3 1 88
3 14 3 7 456
3 14 3 8 104
3 7 4 0 154
3 7 4 6 354
3 7 4 15 348
3 8 4 0 192
3 8 4 6 90
3 8 4 15 402
3 11 4 0 568
3 11 4 6 494
3 11 4 15 222
3 13 4 0 102
3 13 4 6 372
3 13 4 15 182
3 14 4 0 78
3 14 4 6 718
3 14 4 15 374
3 7 5 1 222
3 7 5 7 86
3 7 5 14 388
3 8 5 1 168
3 8 5 7 34
3 8 5 14 124
3 11 5 1 60
3 11 5 7 188
3 11 5 14 70
3 13 5 1 364
3 13 5 7 594
3 13 5 14 240
3 14 5 1 948
3 14 5 7 256
3 14 5 14 442
3 7 6 2 588
3 7 6 4 108
3 7 6 13 6
3 8 6 2 104
3 8 6 4 214
3 8 6 13 456
3 11 6 2 270
3 11 6 4 390
3 11 6 13 280
3 13 6 2 182
3 13 6 4 462
3 13 6 13 122
3 14 6 2 180
3 14 6 4 572
3 14 6 13 194
3 7 7 3 480
3 7 7 5 106
3 7 7 12 198
3 8 7 3 864
3 8 7 5 136
3 8 7 12 306
3 11 7 3 382
3 11 7 5 60
3 11 7 12 252
3 13 7 3 534
3 13 7 5 78
3 13 7 12 646
3 14 7 3 154
3 14 7 5 204
3 14 7 12 114
3 7 8 3 544
3 7 8 10 484
3 7 8 12 416
3 8 8 3 70
3 8 8 10 244
3 8 8 12 382
3 11 8 3 112
3 11 8 10 536
3 11 8 12 388
3 13 8 3 186
3 13 8 10 230
3 13 8 12 56
3 14 8 3 686
3 14 8 10 82
3 14 8 12 1138
3 7 9 2 450
3 7 9 11 46
3 7 9 13 346
3 8 9 2 140
3 8 9 11 24
3 8 9 13 984
3 11 9 2 64
3 11 9 11 308
3 11 9 13 604
3 13 9 2 110
3 13 9 11 212
3 13 9 13 574
3 14 9 2 132
3 14 9 11 342
3 14 9 13 58
3 7 10 1 692
3 7 10 8 592
3 7 10 14 188
3 8 10 1 86
3 8 10 8 192
3 8 10 14 136
3 11 10 1 42
3 11 10 8 34
3 11 10 14 320
3 13 10 1 154
3 13 10 8 398
3 13 10 14 72
3 14 10 1 264
3 14 10 8 630
3 14 10 14 510
3 7 11 0 214
3 7 11 9 344
3 7 11 15 130
3 8 11 0 584
3 8 11 9 404
3 8 11 15 150
3 11 11 0 194
3 11 11 9 158
3 11 11 15 90
3 13 11 0 294
3 13 11 9 588
3 13 11 15 178
3 14 11 0 180
3 14 11 9 104
3 14 11 15 108
3 7 12 7 748
3 7 12 8 490
3 7 12 14 524
3 8 12 7 166
3 8 12 8 380
3 8 12 14 576
3 11 12 7 130
3 11 12 8 168
3 11 12 14 286
3 13 12 7 512
3 13 12 8 722
3 13 12 14 320
3 14 12 7 374
3 14 12 8 502
3 14 12 14 760
3 7 13 6 144
3 7 13 9 166
3 7 13 15 388
3 8 13 6 596
3 8 13 9 240
3 8 13 15 648
3 11 13 6 438
3 11 13 9 144
3 11 13 15 52
3 13 13 6 412
3 13 13 9 208
3 13 13 15 572
3 14 13 6 106
3 14 13 9 436
3 14 13 15 256
3 7 14 5 386
3 7 14 10 152
3 7 14 12 32
3 8 14 5 196
3 8 14 10 62
3 8 14 12 170
3 11 14 5 128
3 11 14 10 18
3 11 14 12 342
3 13 14 5 156
3 13 14 10 492
3 13 14 12 64
3 14 14 5 96
3 14 14 10 596
3 14 14 12 102
3 7 15 4 206
3 7 15 11 378
3 7 15 13 2
3 8 15 4 282
3 8 15 11 300
3 8 15 13 412
3 11 15 4 306
3 11 15 11 1106
3 11 15 13 68
3 13 15 4 80
3 13 15 11 162
3 13 15 13 806
3 14 15 4 284
3 14 15 11 660
3 14 15 13 102
4 6 0 2 352
4 6 0 4 14
4 6 0 11 252
4 9 0 2 42
4 9 0 4 528
4 9 0 11 300
4 10 0 2 24
4 10 0 4 210
4 10 0 11 98
4 12 0 2 472
4 12 0 4 282
4 12 0 11 250
4 15 0 2 370
4 15 0 4 146
4 15 0 11 360
4 6 1 3 402
4 6 1 5 248
4 6 1 10 236
4 9 1 3 70
4 9 1 5 26
4 9 1 10 254
4 10 1 3 110
4 10 1 5 34
4 10 1 10 604
4 12 1 3 250
4 12 1 5 40
4 12 1 10 416
4 15 1 3 894
4 15 1 5 434
4 15 1 10 300
4 6 2 0 326
4 6 2 6 454
4 6 2 9 368
4 9 2 0 238
4 9 2 6 52
4 9 2 9 156
4 10 2 0 216
4 10 2 6 360
4 10 2 9 488
4 12 2 0 82
4 12 2 6 294
4 12 2 9 216
4 15 2 0 782
4 15 2 6 26
4 15 2 9 352
4 6 3 1 46
4 6 3 7 152
4 6 3 8 124
4 9 3 1 474
4 9 3 7 86
4 9 3 8 154
4 10 3 1 380
4 10 3 7 286
4 10 3 8 330
4 12 3 1 334
4 12 3 7 392
4 12 3 8 602
4 15 3 1 434
4 15 3 7 920
4 15 3 8 320
4 6 4 0 598
4 6 4 6 174
4 6 4 15 154
4 9 4 0 246
4 9 4 6 562
4 9 4 15 200
4 10 4 0 202
4 10 4 6 210
4 10 4 15 366
4 12 4 0 222
4 12 4 6 124
4 12 4 15 596
4 15 4 0 128
4 15 4 6 118
4 15 4 15 160
4 6 5 1 262
4 6 5 7 460
4 6 5 14 40
4 9 5 1 184
4 9 5 7 96
4 9 5 14 270
4 10 5 1 132
4 10 5 7 232
4 10 5 14 268
4 12 5 1 362
4 12 5 7 694
4 12 5 14 384
4 15 5 1 0
4 15 5 7 572
4 15 5 14 824
4 6 6 2 500
4 6 6 4 554
4 6 6 13 124
4 9 6 2 266
4 9 6 4 176
4 9 6 13 216
4 10 6 2 20
4 10 6 4 364
4 10 6 13 510
4 12 6 2 6
4 12 6 4 576
4 12 6 13 30
4 15 6 2 974
4 15 6 4 372
4 15 6 13 238
4 6 7 3 118
4 6 7 5 104
4 6 7 12 388
4 9 7 3 254
4 9 7 5 176
4 9 7 12 338
4 10 7 3 48
4 10 7 5 2
4 10 7 12 296
4 12 7 3 116
4 12 7 5 188
4 12 7 12 242
4 15 7 3 160
4 15 7 5 228
4 15 7 12 8
4 6 8 3 12
4 6 8 10 332
4 6 8 12 402
4 9 8 3 148
4 9 8 10 310
4 9 8 12 320
4 10 8 3 712
4 10 8 10 432
4 10 8 12 308
4 12 8 3 584
4 12 8 10 52
4 12 8 12 262
4 15 8 3 122
4 15 8 10 478
4 15 8 12 602
4 6 9 2 28
4 6 9 11 502
4 6 9 13 292
4 9 9 2 262
4 9 9 11 186
4 9 9 13 282
4 10 9 2 22
4 10 9 11 212
4 10 9 13 142
4 12 9 2 212
4 12 9 11 302
4 12 9 13 168
4 15 9 2 154
4 15 9 11 100
4 15 9 13 54
4 6 10 1 70
4 6 10 8 690
4 6 10 14 2
4 9 10 1 486
4 9 10 8 506
4 9 10 14 228
4 10 10 1 160
4 10 10 8 336
4 10 10 14 30
4 12 10 1 330
4 12 10 8 300
4 12 10 14 226
4 15 10 1 278
4 15 10 8 266
4 15 10 14 374
4 6 11 0 60
4 6 11 9 292
4 6 11 15 156
4 9 11 0 48
4 9 11 9 20
4 9 11 15 354
4 10 11 0 424
4 10 11 9 512
4 10 11 15 232
4 12 11 0 338
4 12 11 9 570
4 12 11 15 8
4 15 11 0 164
4 15 11 9 130
4 15 11 15 284
4 6 12 7 246
4 6 12 8 550
4 6 12 14 224
4 9 12 7 128
4 9 12 8 366
4 9 12 14 728
4 10 12 7 128
4 10 12 8 78
4 10 12 14 60
4 12 12 7 94
4 12 12 8 282
4 12 12 14 524
4 15 12 7 344
4 15 12 8 550
4 15 12 14 292
4 6 13 6 352
4 6 13 9 414
4 6 13 15 36
4 9 13 6 20
4 9 13 9 224
4 9 13 15 446
4 10 13 6 300
4 10 13 9 414
4 10 13 15 112
4 12 13 6 226
4 12 13 9 244
4 12 13 15 466
4 15 13 6 68
4 15 13 9 322
4 15 13 15 410
4 6 14 5 350
4 6 14 10 870
4 6 14 12 336
4 9 14 5 104
4 9 14 10 350
4 9 14 12 220
4 10 14 5 24
4 10 14 10 190
4 10 14 12 180
4 12 14 5 174
4 12 14 10 176
4 12 14 12 468
4 15 14 5 96
4 15 14 10 500
4 15 14 12 440
4 6 15 4 76
4 6 15 11 438
4 6 15 13 750
4 9 15 4 10
4 9 15 11 56
4 9 15 13 470
4 10 15 4 32
4 10 15 11 278
4 10 15 13 54
4 12 15 4 164
4 12 15 11 118
4 12 15 13 648
4 15 15 4 108
4 15 15 11 14
4 15 15 13 630
5 7 0 2 570
5 7 0 4 144
5 7 0 11 26
5 8 0 2 370
5 8 0 4 58
5 8 0 11 130
5 11 0 2 354
5 11 0 4 206
5 11 0 11 134
5 13 0 2 218
5 13 0 4 204
5 13 0 11 220
5 14 0 2 578
5 14 0 4 320
5 14 0 11 104
5 7 1 3 18
5 7 1 5 184
5 7 1 10 276
5 8 1 3 178
5 8 1 5 222
5 8 1 10 2
5 11 1 3 144
5 11 1 5 456
5 11 1 10 182
5 13 1 3 260
5 13 1 5 690
5 13 1 10 14
5 14 1 3 506
5 14 1 5 270
5 14 1 10 298
5 7 2 0 1214
5 7 2 6 552
5 7 2 9 156
5 8 2 0 248
5 8 2 6 166
5 8 2 9 410
5 11 2 0 232
5 11 2 6 154
5 11 2 9 20
5 13 2 0 256
5 13 2 6 196
5 13 2 9 378
5 14 2 0 206
5 14 2 6 276
5 14 2 9 26
5 7 3 1 14
5 7 3 7 114
5 7 3 8 200
5 8 3 1 132
5 8 3 7 268
5 8 3 8 442
5 11 3 1 258
5 11 3 7 460
5 11 3 8 168
5 13 3 1 150
5 13 3 7 890
5 13 3 8 148
5 14 3 1 88
5 14 3 7 44
5 14 3 8 76
5 7 4 0 32
5 7 4 6 164
5 7 4 15 108
5 8 4 0 62
5 8 4 6 338
5 8 4 15 342
5 11 4 0 568
5 11 4 6 394
5 11 4 15 440
5 13 4 0 166
5 13 4 6 638
5 13 4 15 412
5 14 4 0 362
5 14 4 6 48
5 14 4 15 138
5 7 5 1 286
5 7 5 7 360
5 7 5 14 300
5 8 5 1 254
5 8 5 7 252
5 8 5 14 418
5 11 5 1 126
5 11 5 7 124
5 11 5 14 216
5 13 5 1 478
5 13 5 7 96
5 13 5 14 266
5 14 5 1 350
5 14 5 7 404
5 14 5 14 40
5 7 6 2 36
5 7 6 4 82
5 7 6 13 158
5 8 6 2 220
5 8 6 4 82
5 8 6 13 400
5 11 6 2 256
5 11 6 4 78
5 11 6 13 310
5 13 6 2 230
5 13 6 4 532
5 13 6 13 48
5 14 6 2 648
5 14 6 4 366
5 14 6 13 102
5 7 7 3 24
5 7 7 5 160
5 7 7 12 8
5 8 7 3 508
5 8 7 5 18
5 8 7 12 738
5 11 7 3 244
5 11 7 5 428
5 11 7 12 458
5 13 7 3 34
5 13 7 5 564
5 13 7 12 564
5 14 7 3 370
5 14 7 5 138
5 14 7 12 300
5 7 8 3 266
5 7 8 10 1032
5 7 8 12 28
5 8 8 3 638
5 8 8 10 70
5 8 8 12 312
5 11 8 3 62
5 11 8 10 56
5 11 8 12 568
5 13 8 3 626
5 13 8 10 14
5 13 8 12 690
5 14 8 3 38
5 14 8 10 174
5 14 8 12 252
5 7 9 2 64
5 7 9 11 516
5 7 9 13 686
5 8 9 2 518
5 8 9 11 364
5 8 9 13 562
5 11 9 2 698
5 11 9 11 210
5 11 9 13 524
5 13 9 2 74
5 13 9 11 234
5 13 9 13 142
5 14 9 2 560
5 14 9 11 138
5 14 9 13 150
5 7 10 1 206
5 7 10 8 154
5 7 10 14 652
5 8 10 1 222
5 8 10 8 310
5 8 10 14 516
5 11 10 1 152
5 11 10 8 976
5 11 10 14 386
5 13 10 1 118
5 13 10 8 428
5 13 10 14 190
5 14 10 1 30
5 14 10 8 14
5 14 10 14 136
5 7 11 0 554
5 7 11 9 592
5 7 11 15 508
5 8 11 0 358
5 8 11 9 320
5 8 11 15 408
5 11 11 0 146
5 11 11 9 56
5 11 11 15 186
5 13 11 0 146
5 13 11 9 44
5 13 11 15 112
5 14 11 0 624
5 14 11 9 198
5 14 11 15 28
5 7 12 7 10
5 7 12 8 348
5 7 12 14 590
5 8 12 7 300
5 8 12 8 42
5 8 12 14 222
5 11 12 7 14
5 11 12 8 138
5 11 12 14 44
5 13 12 7 102
5 13 12 8 6
5 13 12 14 134
5 14 12 7 464
5 14 12 8 216
5 14 12 14 48
5 7 13 6 588
5 7 13 9 466
5 7 13 15 432
5 8 13 6 264
5 8 13 9 244
5 8 13 15 256
5 11 13 6 460
5 11 13 9 62
5 11 13 15 86
5 13 13 6 72
5 13 13 9 206
5 13 13 15 308
5 14 13 6 52
5 14 13 9 258
5 14 13 15 324
5 7 14 5 242
5 7 14 10 42
5 7 14 12 372
5 8 14 5 92
5 8 14 10 454
5 8 14 12 162
5 11 14 5 184
5 11 14 10 132
5 11 14 12 454
5 13 14 5 544
5 13 14 10 414
5 13 14 12 4
5 14 14 5 104
5 14 14 10 158
5 14 14 12 22
5 7 15 4 540
5 7 15 11 192
5 7 15 13 220
5 8 15 4 298
5 8 15 11 120
5 8 15 13 296
5 11 15 4 72
5 11 15 11 212
5 11 15 13 762
5 13 15 4 548
5 13 15 11 362
5 13 15 13 212
5 14 15 4 102
5 14 15 11 2
5 14 15 13 62
6 8 0 2 80
6 8 0 4 486
6 8 0 11 294
6 11 0 2 80
6 11 0 4 248
6 11 0 11 54
6 13 0 2 272
6 13 0 4 202
6 13 0 11 274
6 14 0 2 194
6 14 0 4 630
6 14 0 11 490
6 8 1 3 134
6 8 1 5 332
6 8 1 10 512
6 11 1 3 36
6 11 1 5 64
6 11 1 10 26
6 13 1 3 458
6 13 1 5 424
6 13 1 10 18
6 14 1 3 162
6 14 1 5 76
6 14 1 10 288
6 8 2 0 62
6 8 2 6 6
6 8 2 9 408
6 11 2 0 234
6 11 2 6 170
6 11 2 9 10
6 13 2 0 546
6 13 2 6 98
6 13 2 9 330
6 14 2 0 168
6 14 2 6 242
6 14 2 9 12
6 8 3 1 0
6 8 3 7 382
6 8 3 8 56
6 11 3 1 320
6 11 3 7 138
6 11 3 8 810
6 13 3 1 6
6 13 3 7 284
6 13 3 8 226
6 14 3 1 314
6 14 3 7 340
6 14 3 8 344
6 8 4 0 46
6 8 4 6 112
6 8 4 15 766
6 11 4 0 538
6 11 4 6 110
6 11 4 15 210
6 13 4 0 242
6 13 4 6 716
6 13 4 15 328
6 14 4 0 210
6 14 4 6 462
6 14 4 15 234
6 8 5 1 440
6 8 5 7 64
6 8 5 14 10
6 11 5 1 150
6 11 5 7 162
6 11 5 14 280
6 13 5 1 610
6 13 5 7 666
6 13 5 14 110
6 14 5 1 302
6 14 5 7 144
6 14 5 14 196
6 8 6 2 68
6 8 6 4 44
6 8 6 13 342
6 11 6 2 32
6 11 6 4 170
6 11 6 13 52
6 13 6 2 308
6 13 6 4 424
6 13 6 13 208
6 14 6 2 158
6 14 6 4 708
6 14 6 13 200
6 8 7 3 210
6 8 7 5 696
6 8 7 12 128
6 11 7 3 190
6 11 7 5 904
6 11 7 12 736
6 13 7 3 62
6 13 7 5 396
6 13 7 12 252
6 14 7 3 100
6 14 7 5 276
6 14 7 12 162
6 8 8 3 338
6 8 8 10 44
6 8 8 12 208
6 11 8 3 166
6 11 8 10 314
6 11 8 12 34
6 13 8 3 114
6 13 8 10 138
6 13 8 12 686
6 14 8 3 216
6 14 8 10 258
6 14 8 12 406
6 8 9 2 34
6 8 9 11 186
6 8 9 13 124
6 11 9 2 120
6 11 9 11 86
6 11 9 13 288
6 13 9 2 58
6 13 9 11 308
6 13 9 13 822
6 14 9 2 204
6 14 9 11 544
6 14 9 13 88
6 8 10 1 134
6 8 10 8 278
6 8 10 14 446
6 11 10 1 260
6 11 10 8 128
6 11 10 14 552
6 13 10 1 316
6 13 10 8 124
6 13 10 14 652
6 14 10 1 566
6 14 10 8 194
6 14 10 14 470
6 8 11 0 234
6 8 11 9 716
6 8 11 15 398
6 11 11 0 316
6 11 11 9 220
6 11 11 15 30
6 13 11 0 210
6 13 11 9 288
6 13 11 15 116
6 14 11 0 236
6 14 11 9 308
6 14 11 15 122
6 8 12 7 626
6 8 12 8 88
6 8 12 14 180
6 11 12 7 202
6 11 12 8 4
6 11 12 14 656
6 13 12 7 178
6 13 12 8 134
6 13 12 14 314
6 14 12 7 430
6 14 12 8 344
6 14 12 14 136
6 8 13 6 188
6 8 13 9 320
6 8 13 15 432
6 11 13 6 44
6 11 13 9 106
6 11 13 15 492
6 13 13 6 508
6 13 13 9 228
6 13 13 15 196
6 14 13 6 66
6 14 13 9 306
6 14 13 15 50
6 8 14 5 166
6 8 14 10 358
6 8 14 12 184
6 11 14 5 506
6 11 14 10 24
6 11 14 12 440
6 13 14 5 222
6 13 14 10 114
6 13 14 12 114
6 14 14 5 462
6 14 14 10 540
6 14 14 12 4
6 8 15 4 266
6 8 15 11 98
6 8 15 13 686
6 11 15 4 184
6 11 15 11 242
6 11 15 13 206
6 13 15 4 834
6 13 15 11 300
6 13 15 13 422
6 14 15 4 458
6 14 15 11 332
6 14 15 13 682
7 9 0 2 442
7 9 0 4 276
7 9 0 11 220
7 10 0 2 444
7 10 0 4 274
7 10 0 11 460
7 12 0 2 502
7 12 0 4 124
7 12 0 11 480
7 15 0 2 384
7 15 0 4 670
7 15 0 11 46
7 9 1 3 296
7 9 1 5 66
7 9 1 10 42
7 10 1 3 126
7 10 1 5 198
7 10 1 10 684
7 12 1 3 226
7 12 1 5 794
7 12 1 10 542
7 15 1 3 194
7 15 1 5 290
7 15 1 10 78
7 9 2 0 418
7 9 2 6 304
7 9 2 9 422
7 10 2 0 454
7 10 2 6 180
7 10 2 9 108
7 12 2 0 618
7 12 2 6 86
7 12 2 9 108
7 15 2 0 74
7 15 2 6 4
7 15 2 9 172
7 9 3 1 152
7 9 3 7 146
7 9 3 8 214
7 10 3 1 288
7 10 3 7 152
7 10 3 8 494
7 12 3 1 44
7 12 3 7 10
7 12 3 8 270
7 15 3 1 200
7 15 3 7 374
7 15 3 8 246
7 9 4 0 46
7 9 4 6 256
7 9 4 15 562
7 10 4 0 342
7 10 4 6 70
7 10 4 15 660
7 12 4 0 14
7 12 4 6 438
7 12 4 15 98
7 15 4 0 104
7 15 4 6 28
7 15 4 15 644
7 9 5 1 194
7 9 5 7 222
7 9 5 14 158
7 10 5 1 786
7 10 5 7 254
7 10 5 14 4
7 12 5 1 628
7 12 5 7 168
7 12 5 14 430
7 15 5 1 548
7 15 5 7 304
7 15 5 14 150
7 9 6 2 298
7 9 6 4 226
7 9 6 13 54
7 10 6 2 226
7 10 6 4 44
7 10 6 13 126
7 12 6 2 26
7 12 6 4 452
7 12 6 13 110
7 15 6 2 466
7 15 6 4 210
7 15 6 13 304
7 9 7 3 312
7 9 7 5 62
7 9 7 12 318
7 10 7 3 236
7 10 7 5 628
7 10 7 12 354
7 12 7 3 430
7 12 7 5 484
7 12 7 12 256
7 15 7 3 70
7 15 7 5 574
7 15 7 12 660
7 9 8 3 36
7 9 8 10 506
7 9 8 12 172
7 10 8 3 580
7 10 8 10 456
7 10 8 12 746
7 12 8 3 398
7 12 8 10 32
7 12 8 12 268
7 15 8 3 628
7 15 8 10 176
7 15 8 12 168
7 9 9 2 310
7 9 9 11 322
7 9 9 13 410
7 10 9 2 100
7 10 9 11 4
7 10 9 13 518
7 12 9 2 360
7 12 9 11 960
7 12 9 13 488
7 15 9 2 410
7 15 9 11 190
7 15 9 13 136
7 9 10 1 60
7 9 10 8 592
7 9 10 14 344
7 10 10 1 218
7 10 10 8 58
7 10 10 14 286
7 12 10 1 426
7 12 10 8 168
7 12 10 14 16
7 15 10 1 58
7 15 10 8 366
7 15 10 14 678
7 9 11 0 40
7 9 11 9 358
7 9 11 15 570
7 10 11 0 230
7 10 11 9 260
7 10 11 15 82
7 12 11 0 156
7 12 11 9 10
7 12 11 15 22
7 15 11 0 170
7 15 11 9 488
7 15 11 15 140
7 9 12 7 30
7 9 12 8 434
7 9 12 14 200
7 10 12 7 630
7 10 12 8 300
7 10 12 14 370
7 12 12 7 210
7 12 12 8 372
7 12 12 14 400
7 15 12 7 246
7 15 12 8 532
7 15 12 14 424
7 9 13 6 58
7 9 13 9 602
7 9 13 15 414
7 10 13 6 58
7 10 13 9 388
7 10 13 15 268
7 12 13 6 484
7 12 13 9 128
7 12 13 15 364
7 15 13 6 390
7 15 13 9 544
7 15 13 15 20
7 9 14 5 346
7 9 14 10 686
7 9 14 12 176
7 10 14 5 616
7 10 14 10 214
7 10 14 12 38
7 12 14 5 454
7 12 14 10 26
7 12 14 12 870
7 15 14 5 0
7 15 14 10 100
7 15 14 12 376
7 9 15 4 142
7 9 15 11 308
7 9 15 13 16
7 10 15 4 70
7 10 15 11 640
7 10 15 13 146
7 12 15 4 504
7 12 15 11 568
7 12 15 13 172
7 15 15 4 40
7 15 15 11 446
7 15 15 13 234
8 10 0 2 4
8 10 0 4 172
8 10 0 11 284
8 12 0 2 618
8 12 0 4 706
8 12 0 11 532
8 10 1 3 430
8 10 1 5 330
8 10 1 10 588
8 12 1 3 60
8 12 1 5 320
8 12 1 10 116
8 10 2 0 50
8 10 2 6 288
8 10 2 9 262
8 12 2 0 18
8 12 2 6 38
8 12 2 9 162
8 10 3 1 296
8 10 3 7 522
8 10 3 8 514
8 12 3 1 540
8 12 3 7 298
8 12 3 8 10
8 10 4 0 310
8 10 4 6 376
8 10 4 15 52
8 12 4 0 622
8 12 4 6 196
8 12 4 15 482
8 10 5 1 170
8 10 5 7 456
8 10 5 14 208
8 12 5 1 284
8 12 5 7 66
8 12 5 14 214
8 10 6 2 100
8 10 6 4 110
8 10 6 13 74
8 12 6 2 290
8 12 6 4 78
8 12 6 13 316
8 10 7 3 184
8 10 7 5 126
8 10 7 12 106
8 12 7 3 478
8 12 7 5 910
8 12 7 12 342
8 10 8 3 96
8 10 8 10 534
8 10 8 12 378
8 12 8 3 356
8 12 8 10 240
8 12 8 12 138
8 10 9 2 302
8 10 9 11 304
8 10 9 13 534
8 12 9 2 208
8 12 9 11 390
8 12 9 13 206
8 10 10 1 86
8 10 10 8 10
8 10 10 14 108
8 12 10 1 152
8 12 10 8 182
8 12 10 14 202
8 10 11 0 166
8 10 11 9 372
8 10 11 15 436
8 12 11 0 278
8 12 11 9 590
8 12 11 15 150
8 10 12 7 82
8 10 12 8 28
8 10 12 14 58
8 12 12 7 8
8 12 12 8 158
8 12 12 14 32
8 10 13 6 204
8 10 13 9 256
8 10 13 15 312
8 12 13 6 528
8 12 13 9 432
8 12 13 15 502
8 10 14 5 346
8 10 14 10 36
8 10 14 12 564
8 12 14 5 388
8 12 14 10 204
8 12 14 12 176
8 10 15 4 142
8 10 15 11 820
8 10 15 13 60
8 12 15 4 496
8 12 15 11 78
8 12 15 13 4
9 11 0 2 368
9 11 0 4 372
9 11 0 11 340
9 13 0 2 348
9 13 0 4 118
9 13 0 11 202
9 11 1 3 430
9 11 1 5 40
9 11 1 10 126
9 13 1 3 84
9 13 1 5 226
9 13 1 10 138
9 11 2 0 304
9 11 2 6 86
9 11 2 9 478
9 13 2 0 274
9 13 2 6 76
9 13 2 9 232
9 11 3 1 204
9 11 3 7 4
9 11 3 8 270
9 13 3 1 468
9 13 3 7 396
9 13 3 8 132
9 11 4 0 1022
9 11 4 6 144
9 11 4 15 156
9 13 4 0 116
9 13 4 6 462
9 13 4 15 304
9 11 5 1 248
9 11 5 7 212
9 11 5 14 298
9 13 5 1 182
9 13 5 7 846
9 13 5 14 20
9 11 6 2 384
9 11 6 4 40
9 11 6 13 30
9 13 6 2 508
9 13 6 4 248
9 13 6 13 72
9 11 7 3 390
9 11 7 5 390
9 11 7 12 118
9 13 7 3 272
9 13 7 5 264
9 13 7 12 390
9 11 8 3 486
9 11 8 10 488
9 11 8 12 138
9 13 8 3 212
9 13 8 10 10
9 13 8 12 54
9 11 9 2 494
9 11 9 11 692
9 11 9 13 182
9 13 9 2 122
9 13 9 11 268
9 13 9 13 72
9 11 10 1 96
9 11 10 8 146
9 11 10 14 494
9 13 10 1 370
9 13 10 8 122
9 13 10 14 40
9 11 11 0 106
9 11 11 9 108
9 11 11 15 140
9 13 11 0 262
9 13 11 9 188
9 13 11 15 202
9 11 12 7 130
9 11 12 8 646
9 11 12 14 738
9 13 12 7 136
9 13 12 8 606
9 13 12 14 76
9 11 13 6 144
9 11 13 9 402
9 11 13 15 402
9 13 13 6 38
9 13 13 9 12
9 13 13 15 414
9 11 14 5 208
9 11 14 10 232
9 11 14 12 102
9 13 14 5 108
9 13 14 10 598
9 13 14 12 230
9 11 15 4 164
9 11 15 11 28
9 11 15 13 48
9 13 15 4 148
9 13 15 11 184
9 13 15 13 30
10 14 0 2 176
10 14 0 4 236
10 14 0 11 530
10 14 1 3 632
10 14 1 5 284
10 14 1 10 54
10 14 2 0 376
10 14 2 6 420
10 14 2 9 144
10 14 3 1 274
10 14 3 7 246
10 14 3 8 30
10 14 4 0 358
10 14 4 6 246
10 14 4 15 4
10 14 5 1 6
10 14 5 7 490
10 14 5 14 32
10 14 6 2 58
10 14 6 4 152
10 14 6 13 380
10 14 7 3 928
10 14 7 5 292
10 14 7 12 268
10 14 8 3 508
10 14 8 10 130
10 14 8 12 268
10 14 9 2 522
10 14 9 11 234
10 14 9 13 134
10 14 10 1 186
10 14 10 8 50
10 14 10 14 190
10 14 11 0 424
10 14 11 9 2
10 14 11 15 134
10 14 12 7 168
10 14 12 8 110
10 14 12 14 182
10 14 13 6 398
10 14 13 9 630
10 14 13 15 298
10 14 14 5 640
10 14 14 10 236
10 14 14 12 154
10 14 15 4 368
10 14 15 11 112
10 14 15 13 72
11 15 0 2 512
11 15 0 4 362
11 15 0 11 98
11 15 1 3 614
11 15 1 5 234
11 15 1 10 624
11 15 2 0 556
11 15 2 6 504
11 15 2 9 22
11 15 3 1 732
11 15 3 7 64
11 15 3 8 396
11 15 4 0 154
11 15 4 6 542
11 15 4 15 32
11 15 5 1 674
11 15 5 7 16
11 15 5 14 322
11 15 6 2 226
11 15 6 4 126
11 15 6 13 56
11 15 7 3 60
11 15 7 5 208
11 15 7 12 694
11 15 8 3 312
11 15 8 10 44
11 15 8 12 622
11 15 9 2 326
11 15 9 11 600
11 15 9 13 164
11 15 10 1 126
11 15 10 8 652
11 15 10 14 154
11 15 11 0 402
11 15 11 9 436
11 15 11 15 442
11 15 12 7 370
11 15 12 8 58
11 15 12 14 70
11 15 13 6 362
11 15 13 9 372
11 15 13 15 52
11 15 14 5 110
11 15 14 10 474
11 15 14 12 538
11 15 15 4 160
11 15 15 11 230
11 15 15 13 514
12 14 0 2 350
12 14 0 4 584
12 14 0 11 106
12 14 1 3 538
12 14 1 5 114
12 14 1 10 808
12 14 2 0 234
12 14 2 6 64
12 14 2 9 120
12 14 3 1 56
12 14 3 7 252
12 14 3 8 418
12 14 4 0 58
12 14 4 6 450
12 14 4 15 336
12 14 5 1 60
12 14 5 7 324
12 14 5 14 166
12 14 6 2 574
12 14 6 4 226
12 14 6 13 46
12 14 7 3 644
12 14 7 5 98
12 14 7 12 512
12 14 8 3 78
12 14 8 10 158
12 14 8 12 92
12 14 9 2 142
12 14 9 11 24
12 14 9 13 68
12 14 10 1 398
12 14 10 8 324
12 14 10 14 314
12 14 11 0 264
12 14 11 9 272
12 14 11 15 44
12 14 12 7 746
12 14 12 8 260
12 14 12 14 198
12 14 13 6 494
12 14 13 9 164
12 14 13 15 138
12 14 14 5 652
12 14 14 10 316
12 14 14 12 936
12 14 15 4 332
12 14 15 11 500
12 14 15 13 478
13 15 0 2 284
13 15 0 4 480
13 15 0 11 328
13 15 1 3 622
13 15 1 5 390
13 15 1 10 402
13 15 2 0 156
13 15 2 6 64
13 15 2 9 398
13 15 3 1 470
13 15 3 7 166
13 15 3 8 188
13 15 4 0 468
13 15 4 6 470
13 15 4 15 218
13 15 5 1 42
13 15 5 7 362
13 15 5 14 200
13 15 6 2 106
13 15 6 4 434
13 15 6 13 370
13 15 7 3 232
13 15 7 5 670
13 15 7 12 428
13 15 8 3 1070
13 15 8 10 18
13 15 8 12 204
13 15 9 2 204
13 15 9 11 52
13 15 9 13 44
13 15 10 1 250
13 15 10 8 140
13 15 10 14 56
13 15 11 0 432
13 15 11 9 842
13 15 11 15 210
13 15 12 7 410
13 15 12 8 650
13 15 12 14 204
13 15 13 6 272
13 15 13 9 744
13 15 13 15 338
13 15 14 5 304
13 15 14 10 82
13 15 14 12 346
13 15 15 4 428
13 15 15 11 260
13 15 15 13 702
