# KEY left=0x60 right=0x46
# GOOD_PAIRS_BEGIN count=2
# GOOD_PAIR 0x8c 0xae
# GOOD_PAIR 0x8e 0xac
# GOOD_PAIRS_END
0 2 0 2 180
0 2 0 4 300
0 2 0 11 42
0 4 0 2 210
0 4 0 4 150
0 4 0 11 28
0 8 0 2 162
0 8 0 4 302
0 8 0 11 288
0 11 0 2 448
0 11 0 4 430
0 11 0 11 146
0 13 0 2 320
0 13 0 4 48
0 13 0 11 256
0 14 0 2 226
0 14 0 4 162
0 14 0 11 248
0 2 1 3 332
0 2 1 5 518
0 2 1 10 422
0 4 1 3 6
0 4 1 5 482
0 4 1 10 20
0 8 1 3 936
0 8 1 5 22
0 8 1 10 68
0 11 1 3 498
0 11 1 5 94
0 11 1 10 496
0 13 1 3 0
0 13 1 5 318
0 13 1 10 544
0 14 1 3 518
0 14 1 5 624
0 14 1 10 660
0 2 2 0 216
0 2 2 6 412
0 2 2 9 34
0 4 2 0 112
0 4 2 6 40
0 4 2 9 538
0 8 2 0 86
0 8 2 6 428
0 8 2 9 590
0 11 2 0 198
0 11 2 6 434
0 11 2 9 320
0 13 2 0 10
0 13 2 6 526
0 13 2 9 86
0 14 2 0 370
0 14 2 6 394
0 14 2 9 356
0 2 3 1 40
0 2 3 7 660
0 2 3 8 76
0 4 3 1 296
0 4 3 7 356
0 4 3 8 866
0 8 3 1 48
0 8 3 7 194
0 8 3 8 444
0 11 3 1 562
0 11 3 7 52
0 11 3 8 700
0 13 3 1 192
0 13 3 7 68
0 13 3 8 130
0 14 3 1 284
0 14 3 7 116
0 14 3 8 454
0 2 4 0 380
0 2 4 6 604
0 2 4 15 324
0 4 4 0 146
0 4 4 6 144
0 4 4 15 354
0 8 4 0 176
0 8 4 6 68
0 8 4 15 16
0 11 4 0 360
0 11 4 6 194
0 11 4 15 492
0 13 4 0 202
0 13 4 6 298
0 13 4 15 66
0 14 4 0 388
0 14 4 6 388
0 14 4 15 458
0 2 5 1 96
0 2 5 7 634
0 2 5 14 520
0 4 5 1 316
0 4 5 7 180
0 4 5 14 524
0 8 5 1 310
0 8 5 7 240
0 8 5 14 266
0 11 5 1 500
0 11 5 7 124
0 11 5 14 10
0 13 5 1 360
0 13 5 7 192
0 13 5 14 398
0 14 5 1 200
0 14 5 7 422
0 14 5 14 936
0 2 6 2 576
0 2 6 4 376
0 2 6 13 360
0 4 6 2 56
0 4 6 4 702
0 4 6 13 282
0 8 6 2 252
0 8 6 4 10
0 8 6 13 98
0 11 6 2 62
0 11 6 4 160
0 11 6 13 362
0 13 6 2 202
0 13 6 4 410
0 13 6 13 494
0 14 6 2 208
0 14 6 4 22
0 14 6 13 160
0 2 7 3 502
0 2 7 5 236
0 2 7 12 318
0 4 7 3 302
0 4 7 5 30
0 4 7 12 162
0 8 7 3 88
0 8 7 5 196
0 8 7 12 432
0 11 7 3 746
0 11 7 5 714
0 11 7 12 38
0 13 7 3 776
0 13 7 5 308
0 13 7 12 72
0 14 7 3 250
0 14 7 5 120
0 14 7 12 580
0 2 8 3 408
0 2 8 10 184
0 2 8 12 422
0 4 8 3 300
0 4 8 10 152
0 4 8 12 480
0 8 8 3 818
0 8 8 10 38
0 8 8 12 398
0 11 8 3 482
0 11 8 10 132
0 11 8 12 132
0 13 8 3 42
0 13 8 10 254
0 13 8 12 940
0 14 8 3 390
0 14 8 10 366
0 14 8 12 224
0 2 9 2 464
0 2 9 11 54
0 2 9 13 770
0 4 9 2 596
0 4 9 11 518
0 4 9 13 288
0 8 9 2 2
0 8 9 11 84
0 8 9 13 564
0 11 9 2 42
0 11 9 11 422
0 11 9 13 148
0 13 9 2 464
0 13 9 11 498
0 13 9 13 634
0 14 9 2 34
0 14 9 11 196
0 14 9 13 716
0 2 10 1 272
0 2 10 8 258
0 2 10 14 284
0 4 10 1 490
0 4 10 8 772
0 4 10 14 674
0 8 10 1 34
0 8 10 8 564
0 8 10 14 318
0 11 10 1 366
0 11 10 8 534
0 11 10 14 176
0 13 10 1 292
0 13 10 8 50
0 13 10 14 136
0 14 10 1 322
0 14 10 8 232
0 14 10 14 280
0 2 11 0 2
0 2 11 9 294
0 2 11 15 214
0 4 11 0 176
0 4 11 9 664
0 4 11 15 338
0 8 11 0 942
0 8 11 9 198
0 8 11 15 2
0 11 11 0 680
0 11 11 9 192
0 11 11 15 356
0 13 11 0 100
0 13 11 9 150
0 13 11 15 332
0 14 11 0 120
0 14 11 9 286
0 14 11 15 576
0 2 12 7 152
0 2 12 8 238
0 2 12 14 192
0 4 12 7 304
0 4 12 8 1012
0 4 12 14 332
0 8 12 7 380
0 8 12 8 720
0 8 12 14 588
0 11 12 7 358
0 11 12 8 340
0 11 12 14 206
0 13 12 7 626
0 13 12 8 422
0 13 12 14 204
0 14 12 7 86
0 14 12 8 300
0 14 12 14 124
0 2 13 6 188
0 2 13 9 356
0 2 13 15 254
0 4 13 6 608
0 4 13 9 350
0 4 13 15 114
0 8 13 6 62
0 8 13 9 420
0 8 13 15 42
0 11 13 6 202
0 11 13 9 500
0 11 13 15 474
0 13 13 6 300
0 13 13 9 568
0 13 13 15 60
0 14 13 6 154
0 14 13 9 422
0 14 13 15 180
0 2 14 5 120
0 2 14 10 488
0 2 14 12 758
0 4 14 5 606
0 4 14 10 0
0 4 14 12 498
0 8 14 5 80
0 8 14 10 578
0 8 14 12 42
0 11 14 5 328
0 11 14 10 568
0 11 14 12 192
0 13 14 5 200
0 13 14 10 404
0 13 14 12 538
0 14 14 5 178
0 14 14 10 658
0 14 14 12 164
0 2 15 4 332
0 2 15 11 446
0 2 15 13 384
0 4 15 4 160
0 4 15 11 236
0 4 15 13 44
0 8 15 4 486
0 8 15 11 230
0 8 15 13 132
0 11 15 4 516
0 11 15 11 24
0 11 15 13 326
0 13 15 4 264
0 13 15 11 566
0 13 15 13 80
0 14 15 4 350
0 14 15 11 46
0 14 15 13 152
1 3 0 2 504
1 3 0 4 242
1 3 0 11 658
1 5 0 2 224
1 5 0 4 284
1 5 0 11 296
1 9 0 2 130
1 9 0 4 306
1 9 0 11 122
1 10 0 2 276
1 10 0 4 138
1 10 0 11 166
1 12 0 2 218
1 12 0 4 284
1 12 0 11 332
1 15 0 2 46
1 15 0 4 472
1 15 0 11 78
1 3 1 3 514
1 3 1 5 184
1 3 1 10 536
1 5 1 3 84
1 5 1 5 318
1 5 1 10 68
1 9 1 3 476
1 9 1 5 492
1 9 1 10 240
1 10 1 3 398
1 10 1 5 68
1 10 1 10 188
1 12 1 3 70
1 12 1 5 284
1 12 1 10 98
1 15 1 3 28
1 15 1 5 94
1 15 1 10 208
1 3 2 0 110
1 3 2 6 616
1 3 2 9 492
1 5 2 0 70
1 5 2 6 226
1 5 2 9 298
1 9 2 0 8
1 9 2 6 142
1 9 2 9 190
1 10 2 0 24
1 10 2 6 608
1 10 2 9 48
1 12 2 0 150
1 12 2 6 16
1 12 2 9 690
1 15 2 0 108
1 15 2 6 778
1 15 2 9 428
1 3 3 1 110
1 3 3 7 78
1 3 3 8 126
1 5 3 1 116
1 5 3 7 574
1 5 3 8 46
1 9 3 1 348
1 9 3 7 326
1 9 3 8 252
1 10 3 1 160
1 10 3 7 50
1 10 3 8 298
1 12 3 1 34
1 12 3 7 636
1 12 3 8 162
1 15 3 1 430
1 15 3 7 174
1 15 3 8 106
1 3 4 0 244
1 3 4 6 58
1 3 4 15 36
1 5 4 0 334
1 5 4 6 18
1 5 4 15 276
1 9 4 0 584
1 9 4 6 220
1 9 4 15 512
1 10 4 0 364
1 10 4 6 54
1 10 4 15 376
1 12 4 0 90
1 12 4 6 250
1 12 4 15 178
1 15 4 0 346
1 15 4 6 142
1 15 4 15 74
1 3 5 1 42
1 3 5 7 244
1 3 5 14 72
1 5 5 1 990
1 5 5 7 696
1 5 5 14 6
1 9 5 1 60
1 9 5 7 424
1 9 5 14 144
1 10 5 1 616
1 10 5 7 122
1 10 5 14 500
1 12 5 1 190
1 12 5 7 280
1 12 5 14 222
1 15 5 1 188
1 15 5 7 204
1 15 5 14 236
1 3 6 2 702
1 3 6 4 290
1 3 6 13 196
1 5 6 2 74
1 5 6 4 310
1 5 6 13 296
1 9 6 2 344
1 9 6 4 2
1 9 6 13 64
1 10 6 2 288
1 10 6 4 296
1 10 6 13 180
1 12 6 2 494
1 12 6 4 332
1 12 6 13 22
1 15 6 2 442
1 15 6 4 48
1 15 6 13 460
1 3 7 3 210
1 3 7 5 102
1 3 7 12 380
1 5 7 3 696
1 5 7 5 632
1 5 7 12 98
1 9 7 3 494
1 9 7 5 174
1 9 7 12 450
1 10 7 3 444
1 10 7 5 310
1 10 7 12 190
1 12 7 3 252
1 12 7 5 246
1 12 7 12 146
1 15 7 3 628
1 15 7 5 16
1 15 7 12 126
1 3 8 3 190
1 3 8 10 526
1 3 8 12 418
1 5 8 3 62
1 5 8 10 208
1 5 8 12 468
1 9 8 3 306
1 9 8 10 122
1 9 8 12 78
1 10 8 3 114
1 10 8 10 364
1 10 8 12 82
1 12 8 3 554
1 12 8 10 624
1 12 8 12 514
1 15 8 3 376
1 15 8 10 790
1 15 8 12 136
1 3 9 2 98
1 3 9 11 454
1 3 9 13 198
1 5 9 2 110
1 5 9 11 190
1 5 9 13 174
1 9 9 2 416
1 9 9 11 436
1 9 9 13 206
1 10 9 2 126
1 10 9 11 636
1 10 9 13 12
1 12 9 2 14
1 12 9 11 432
1 12 9 13 214
1 15 9 2 292
1 15 9 11 114
1 15 9 13 442
1 3 10 1 188
1 3 10 8 436
1 3 10 14 382
1 5 10 1 370
1 5 10 8 22
1 5 10 14 822
1 9 10 1 286
1 9 10 8 316
1 9 10 14 340
1 10 10 1 432
1 10 10 8 138
1 10 10 14 438
1 12 10 1 684
1 12 10 8 302
1 12 10 14 30
1 15 10 1 62
1 15 10 8 152
1 15 10 14 614
1 3 11 0 396
1 3 11 9 94
1 3 11 15 440
1 5 11 0 106
1 5 11 9 492
1 5 11 15 80
1 9 11 0 142
1 9 11 9 28
1 9 11 15 442
1 10 11 0 62
1 10 11 9 178
1 10 11 15 204
1 12 11 0 182
1 12 11 9 90
1 12 11 15 428
1 15 11 0 340
1 15 11 9 92
1 15 11 15 146
1 3 12 7 334
1 3 12 8 52
1 3 12 14 456
1 5 12 7 488
1 5 12 8 346
1 5 12 14 48
1 9 12 7 456
1 9 12 8 502
1 9 12 14 328
1 10 12 7 264
1 10 12 8 374
1 10 12 14 1022
1 12 12 7 276
1 12 12 8 120
1 12 12 14 284
1 15 12 7 74
1 15 12 8 102
1 15 12 14 14
1 3 13 6 318
1 3 13 9 2
1 3 13 15 162
1 5 13 6 398
1 5 13 9 382
1 5 13 15 104
1 9 13 6 630
1 9 13 9 344
1 9 13 15 840
1 10 13 6 354
1 10 13 9 150
1 10 13 15 142
1 12 13 6 232
1 12 13 9 376
1 12 13 15 144
1 15 13 6 374
1 15 13 9 222
1 15 13 15 96
1 3 14 5 116
1 3 14 10 282
1 3 14 12 94
1 5 14 5 78
1 5 14 10 62
1 5 14 12 148
1 9 14 5 98
1 9 14 10 142
1 9 14 12 218
1 10 14 5 190
1 10 14 10 8
1 10 14 12 202
1 12 14 5 240
1 12 14 10 424
1 12 14 12 164
1 15 14 5 58
1 15 14 10 190
1 15 14 12 234
1 3 15 4 160
1 3 15 11 134
1 3 15 13 170
1 5 15 4 562
1 5 15 11 218
1 5 15 13 432
1 9 15 4 22
1 9 15 11 322
1 9 15 13 438
1 10 15 4 502
1 10 15 11 116
1 10 15 13 302
1 12 15 4 112
1 12 15 11 22
1 12 15 13 276
1 15 15 4 292
1 15 15 11 410
1 15 15 13 32
2 6 0 2 88
2 6 0 4 498
2 6 0 11 432
2 9 0 2 300
2 9 0 4 214
2 9 0 11 350
2 10 0 2 56
2 10 0 4 318
2 10 0 11 18
2 12 0 2 134
2 12 0 4 12
2 12 0 11 448
2 15 0 2 312
2 15 0 4 172
2 15 0 11 410
2 6 1 3 670
2 6 1 5 322
2 6 1 10 12
2 9 1 3 182
2 9 1 5 574
2 9 1 10 420
2 10 1 3 34
2 10 1 5 12
2 10 1 10 70
2 12 1 3 158
2 12 1 5 102
2 12 1 10 284
2 15 1 3 274
2 15 1 5 108
2 15 1 10 6
2 6 2 0 138
2 6 2 6 26
2 6 2 9 340
2 9 2 0 554
2 9 2 6 290
2 9 2 9 258
2 10 2 0 6
2 10 2 6 166
2 10 2 9 250
2 12 2 0 814
2 12 2 6 54
2 12 2 9 12
2 15 2 0 140
2 15 2 6 32
2 15 2 9 284
2 6 3 1 582
2 6 3 7 2
2 6 3 8 306
2 9 3 1 160
2 9 3 7 272
2 9 3 8 244
2 10 3 1 360
2 10 3 7 102
2 10 3 8 168
2 12 3 1 142
2 12 3 7 62
2 12 3 8 274
2 15 3 1 152
2 15 3 7 196
2 15 3 8 122
2 6 4 0 294
2 6 4 6 594
2 6 4 15 272
2 9 4 0 126
2 9 4 6 374
2 9 4 15 654
2 10 4 0 248
2 10 4 6 106
2 10 4 15 186
2 12 4 0 126
2 12 4 6 268
2 12 4 15 222
2 15 4 0 54
2 15 4 6 96
2 15 4 15 24
2 6 5 1 138
2 6 5 7 74
2 6 5 14 560
2 9 5 1 106
2 9 5 7 498
2 9 5 14 120
2 10 5 1 720
2 10 5 7 26
2 10 5 14 200
2 12 5 1 382
2 12 5 7 106
2 12 5 14 602
2 15 5 1 298
2 15 5 7 54
2 15 5 14 382
2 6 6 2 572
2 6 6 4 180
2 6 6 13 152
2 9 6 2 68
2 9 6 4 186
2 9 6 13 28
2 10 6 2 148
2 10 6 4 292
2 10 6 13 148
2 12 6 2 122
2 12 6 4 262
2 12 6 13 168
2 15 6 2 76
2 15 6 4 206
2 15 6 13 412
2 6 7 3 332
2 6 7 5 260
2 6 7 12 18
2 9 7 3 230
2 9 7 5 48
2 9 7 12 286
2 10 7 3 456
2 10 7 5 562
2 10 7 12 568
2 12 7 3 176
2 12 7 5 186
2 12 7 12 312
2 15 7 3 48
2 15 7 5 168
2 15 7 12 204
2 6 8 3 104
2 6 8 10 722
2 6 8 12 554
2 9 8 3 378
2 9 8 10 178
2 9 8 12 168
2 10 8 3 720
2 10 8 10 54
2 10 8 12 78
2 12 8 3 312
2 12 8 10 440
2 12 8 12 120
2 15 8 3 476
2 15 8 10 346
2 15 8 12 56
2 6 9 2 354
2 6 9 11 120
2 6 9 13 56
2 9 9 2 90
2 9 9 11 558
2 9 9 13 462
2 10 9 2 164
2 10 9 11 580
2 10 9 13 16
2 12 9 2 876
2 12 9 11 446
2 12 9 13 812
2 15 9 2 216
2 15 9 11 22
2 15 9 13 486
2 6 10 1 70
2 6 10 8 176
2 6 10 14 418
2 9 10 1 802
2 9 10 8 838
2 9 10 14 706
2 10 10 1 100
2 10 10 8 290
2 10 10 14 268
2 12 10 1 334
2 12 10 8 276
2 12 10 14 428
2 15 10 1 42
2 15 10 8 332
2 15 10 14 350
2 6 11 0 308
2 6 11 9 46
2 6 11 15 344
2 9 11 0 436
2 9 11 9 542
2 9 11 15 268
2 10 11 0 24
2 10 11 9 302
2 10 11 15 94
2 12 11 0 194
2 12 11 9 308
2 12 11 15 52
2 15 11 0 142
2 15 11 9 306
2 15 11 15 30
2 6 12 7 92
2 6 12 8 262
2 6 12 14 76
2 9 12 7 142
2 9 12 8 156
2 9 12 14 124
2 10 12 7 746
2 10 12 8 184
2 10 12 14 468
2 12 12 7 484
2 12 12 8 290
2 12 12 14 28
2 15 12 7 768
2 15 12 8 296
2 15 12 14 10
2 6 13 6 154
2 6 13 9 86
2 6 13 15 262
2 9 13 6 196
2 9 13 9 240
2 9 13 15 72
2 10 13 6 198
2 10 13 9 54
2 10 13 15 518
2 12 13 6 210
2 12 13 9 688
2 12 13 15 120
2 15 13 6 944
2 15 13 9 88
2 15 13 15 600
2 6 14 5 528
2 6 14 10 62
2 6 14 12 142
2 9 14 5 138
2 9 14 10 624
2 9 14 12 344
2 10 14 5 338
2 10 14 10 530
2 10 14 12 368
2 12 14 5 370
2 12 14 10 82
2 12 14 12 680
2 15 14 5 518
2 15 14 10 328
2 15 14 12 102
2 6 15 4 1078
2 6 15 11 8
2 6 15 13 372
2 9 15 4 50
2 9 15 11 42
2 9 15 13 634
2 10 15 4 254
2 10 15 11 114
2 10 15 13 36
2 12 15 4 358
2 12 15 11 414
2 12 15 13 198
2 15 15 4 574
2 15 15 11 196
2 15 15 13 206
3 7 0 2 116
3 7 0 4 242
3 7 0 11 154
3 8 0 2 230
3 8 0 4 86
3 8 0 11 120
3 11 0 2 224
3 11 0 4 6
3 11 0 11 856
3 13 0 2 372
3 13 0 4 362
3 13 0 11 88
3 14 0 2 16
3 14 0 4 590
3 14 0 11 216
3 7 1 3 562
3 7 1 5 98
3 7 1 10 198
3 8 1 3 354
3 8 1 5 232
3 8 1 10 228
3 11 1 3 32
3 11 1 5 670
3 11 1 10 338
3 13 1 3 370
3 13 1 5 64
3 13 1 10 280
3 14 1 3 404
3 14 1 5 298
3 14 1 10 124
3 7 2 0 74
3 7 2 6 220
3 7 2 9 338
3 8 2 0 204
3 8 2 6 72
3 8 2 9 610
3 11 2 0 126
3 11 2 6 362
3 11 2 9 102
3 13 2 0 24
3 13 2 6 192
3 13 2 9 520
3 14 2 0 644
3 14 2 6 102
3 14 2 9 206
3 7 3 1 226
3 7 3 7 76
3 7 3 8 54
3 8 3 1 124
3 8 3 7 10
3 8 3 8 464
3 11 3 1 656
3 11 3 7 168
3 11 3 8 200
3 13 3 1 98
3 13 3 7 78
3 13 3 8 154
3 14 3 1 314
3 14 3 7 312
3 14 3 8 210
3 7 4 0 150
3 7 4 6 128
3 7 4 15 122
3 8 4 0 286
3 8 4 6 360
3 8 4 15 198
3 11 4 0 726
3 11 4 6 240
3 11 4 15 70
3 13 4 0 594
3 13 4 6 514
3 13 4 15 152
3 14 4 0 158
3 14 4 6 348
3 14 4 15 392
3 7 5 1 228
3 7 5 7 250
3 7 5 14 6
3 8 5 1 210
3 8 5 7 576
3 8 5 14 324
3 11 5 1 326
3 11 5 7 208
3 11 5 14 180
3 13 5 1 186
3 13 5 7 218
3 13 5 14 46
3 14 5 1 826
3 14 5 7 58
3 14 5 14 20
3 7 6 2 514
3 7 6 4 118
3 7 6 13 432
3 8 6 2 372
3 8 6 4 184
3 8 6 13 164
3 11 6 2 264
3 11 6 4 24
3 11 6 13 104
3 13 6 2 80
3 13 6 4 12
3 13 6 13 710
3 14 6 2 72
3 14 6 4 184
3 14 6 13 414
3 7 7 3 428
3 7 7 5 154
3 7 7 12 338
3 8 7 3 388
3 8 7 5 82
3 8 7 12 370
3 11 7 3 252
3 11 7 5 82
3 11 7 12 136
3 13 7 3 182
3 13 7 5 98
3 13 7 12 316
3 14 7 3 114
3 14 7 5 96
3 14 7 12 926
3 7 8 3 482
3 7 8 10 80
3 7 8 12 756
3 8 8 3 62
3 8 8 10 44
3 8 8 12 296
3 11 8 3 196
3 11 8 10 132
3 11 8 12 224
3 13 8 3 418
3 13 8 10 4
3 13 8 12 880
3 14 8 3 372
3 14 8 10 202
3 14 8 12 600
3 7 9 2 642
3 7 9 11 6
3 7 9 13 450
3 8 9 2 274
3 8 9 11 464
3 8 9 13 520
3 11 9 2 656
3 11 9 11 84
3 11 9 13 130
3 13 9 2 682
3 13 9 11 134
3 13 9 13 350
3 14 9 2 80
3 14 9 11 294
3 14 9 13 244
3 7 10 1 108
3 7 10 8 142
3 7 10 14 290
3 8 10 1 532
3 8 10 8 6
3 8 10 14 180
3 11 10 1 302
3 11 10 8 230
3 11 10 14 294
3 13 10 1 482
3 13 10 8 304
3 13 10 14 216
3 14 10 1 350
3 14 10 8 268
3 14 10 14 402
3 7 11 0 368
3 7 11 9 536
3 7 11 15 604
3 8 11 0 54
3 8 11 9 326
3 8 11 15 298
3 11 11 0 444
3 11 11 9 174
3 11 11 15 146
3 13 11 0 276
3 13 11 9 252
3 13 11 15 88
3 14 11 0 90
3 14 11 9 72
3 14 11 15 196
3 7 12 7 180
3 7 12 8 84
3 7 12 14 516
3 8 12 7 74
3 8 12 8 162
3 8 12 14 328
3 11 12 7 108
3 11 12 8 164
3 11 12 14 324
3 13 12 7 56
3 13 12 8 232
3 13 12 14 444
3 14 12 7 180
3 14 12 8 200
3 14 12 14 214
3 7 13 6 1020
3 7 13 9 372
3 7 13 15 160
3 8 13 6 68
3 8 13 9 142
3 8 13 15 536
3 11 13 6 116
3 11 13 9 310
3 11 13 15 724
3 13 13 6 164
3 13 13 9 398
3 13 13 15 426
3 14 13 6 488
3 14 13 9 214
3 14 13 15 226
3 7 14 5 614
3 7 14 10 208
3 7 14 12 12
3 8 14 5 442
3 8 14 10 74
3 8 14 12 1072
3 11 14 5 102
3 11 14 10 458
3 11 14 12 218
3 13 14 5 358
3 13 14 10 526
3 13 14 12 386
3 14 14 5 818
3 14 14 10 94
3 14 14 12 206
3 7 15 4 436
3 7 15 11 576
3 7 15 13 282
3 8 15 4 320
3 8 15 11 60
3 8 15 13 720
3 11 15 4 412
3 11 15 11 242
3 11 15 13 10
3 13 15 4 332
3 13 15 11 244
3 13 15 13 86
3 14 15 4 450
3 14 15 11 544
3 14 15 13 394
4 6 0 2 46
4 6 0 4 110
4 6 0 11 330
4 9 0 2 142
4 9 0 4 142
4 9 0 11 558
4 10 0 2 636
4 10 0 4 386
4 10 0 11 718
4 12 0 2 4
4 12 0 4 156
4 12 0 11 224
4 15 0 2 96
4 15 0 4 952
4 15 0 11 546
4 6 1 3 122
4 6 1 5 400
4 6 1 10 218
4 9 1 3 124
4 9 1 5 184
4 9 1 10 364
4 10 1 3 58
4 10 1 5 166
4 10 1 10 98
4 12 1 3 540
4 12 1 5 290
4 12 1 10 642
4 15 1 3 188
4 15 1 5 344
4 15 1 10 14
4 6 2 0 100
4 6 2 6 492
4 6 2 9 194
4 9 2 0 76
4 9 2 6 348
4 9 2 9 432
4 10 2 0 118
4 10 2 6 472
4 10 2 9 334
4 12 2 0 30
4 12 2 6 114
4 12 2 9 644
4 15 2 0 370
4 15 2 6 566
4 15 2 9 212
4 6 3 1 154
4 6 3 7 536
4 6 3 8 130
4 9 3 1 136
4 9 3 7 168
4 9 3 8 160
4 10 3 1 72
4 10 3 7 398
4 10 3 8 46
4 12 3 1 76
4 12 3 7 354
4 12 3 8 384
4 15 3 1 184
4 15 3 7 24
4 15 3 8 480
4 6 4 0 246
4 6 4 6 378
4 6 4 15 544
4 9 4 0 352
4 9 4 6 24
4 9 4 15 8
4 10 4 0 580
4 10 4 6 160
4 10 4 15 236
4 12 4 0 126
4 12 4 6 334
4 12 4 15 568
4 15 4 0 198
4 15 4 6 50
4 15 4 15 312
4 6 5 1 326
4 6 5 7 24
4 6 5 14 286
4 9 5 1 106
4 9 5 7 144
4 9 5 14 68
4 10 5 1 516
4 10 5 7 48
4 10 5 14 416
4 12 5 1 500
4 12 5 7 384
4 12 5 14 166
4 15 5 1 340
4 15 5 7 180
4 15 5 14 58
4 6 6 2 236
4 6 6 4 760
4 6 6 13 200
4 9 6 2 110
4 9 6 4 544
4 9 6 13 502
4 10 6 2 354
4 10 6 4 428
4 10 6 13 808
4 12 6 2 152
4 12 6 4 208
4 12 6 13 134
4 15 6 2 476
4 15 6 4 236
4 15 6 13 246
4 6 7 3 676
4 6 7 5 100
4 6 7 12 122
4 9 7 3 44
4 9 7 5 86
4 9 7 12 296
4 10 7 3 92
4 10 7 5 282
4 10 7 12 432
4 12 7 3 64
4 12 7 5 150
4 12 7 12 88
4 15 7 3 154
4 15 7 5 4
4 15 7 12 112
4 6 8 3 132
4 6 8 10 198
4 6 8 12 748
4 9 8 3 672
4 9 8 10 556
4 9 8 12 116
4 10 8 3 636
4 10 8 10 54
4 10 8 12 188
4 12 8 3 340
4 12 8 10 706
4 12 8 12 326
4 15 8 3 112
4 15 8 10 70
4 15 8 12 46
4 6 9 2 64
4 6 9 11 152
4 6 9 13 518
4 9 9 2 86
4 9 9 11 692
4 9 9 13 378
4 10 9 2 264
4 10 9 11 238
4 10 9 13 622
4 12 9 2 330
4 12 9 11 432
4 12 9 13 148
4 15 9 2 372
4 15 9 11 116
4 15 9 13 176
4 6 10 1 62
4 6 10 8 462
4 6 10 14 172
4 9 10 1 222
4 9 10 8 582
4 9 10 14 430
4 10 10 1 536
4 10 10 8 100
4 10 10 14 154
4 12 10 1 520
4 12 10 8 0
4 12 10 14 306
4 15 10 1 586
4 15 10 8 272
4 15 10 14 450
4 6 11 0 194
4 6 11 9 626
4 6 11 15 706
4 9 11 0 1022
4 9 11 9 348
4 9 11 15 248
4 10 11 0 344
4 10 11 9 622
4 10 11 15 148
4 12 11 0 198
4 12 11 9 124
4 12 11 15 476
4 15 11 0 312
4 15 11 9 184
4 15 11 15 162
4 6 12 7 148
4 6 12 8 422
4 6 12 14 590
4 9 12 7 10
4 9 12 8 502
4 9 12 14 184
4 10 12 7 434
4 10 12 8 902
4 10 12 14 216
4 12 12 7 4
4 12 12 8 286
4 12 12 14 60
4 15 12 7 66
4 15 12 8 334
4 15 12 14 204
4 6 13 6 194
4 6 13 9 188
4 6 13 15 646
4 9 13 6 272
4 9 13 9 26
4 9 13 15 44
4 10 13 6 144
4 10 13 9 10
4 10 13 15 554
4 12 13 6 310
4 12 13 9 810
4 12 13 15 388
4 15 13 6 106
4 15 13 9 628
4 15 13 15 366
4 6 14 5 118
4 6 14 10 262
4 6 14 12 626
4 9 14 5 244
4 9 14 10 300
4 9 14 12 456
4 10 14 5 268
4 10 14 10 470
4 10 14 12 48
4 12 14 5 482
4 12 14 10 408
4 12 14 12 802
4 15 14 5 218
4 15 14 10 92
4 15 14 12 486
4 6 15 4 672
4 6 15 11 384
4 6 15 13 348
4 9 15 4 242
4 9 15 11 396
4 9 15 13 26
4 10 15 4 474
4 10 15 11 180
4 10 15 13 46
4 12 15 4 38
4 12 15 11 232
4 12 15 13 244
4 15 15 4 216
4 15 15 11 412
4 15 15 13 50
5 7 0 2 496
5 7 0 4 96
5 7 0 11 634
5 8 0 2 262
5 8 0 4 200
5 8 0 11 666
5 11 0 2 102
5 11 0 4 330
5 11 0 11 60
5 13 0 2 464
5 13 0 4 328
5 13 0 11 70
5 14 0 2 218
5 14 0 4 128
5 14 0 11 176
5 7 1 3 208
5 7 1 5 574
5 7 1 10 146
5 8 1 3 208
5 8 1 5 428
5 8 1 10 578
5 11 1 3 728
5 11 1 5 264
5 11 1 10 416
5 13 1 3 360
5 13 1 5 64
5 13 1 10 52
5 14 1 3 340
5 14 1 5 550
5 14 1 10 272
5 7 2 0 318
5 7 2 6 78
5 7 2 9 588
5 8 2 0 12
5 8 2 6 576
5 8 2 9 516
5 11 2 0 106
5 11 2 6 798
5 11 2 9 364
5 13 2 0 318
5 13 2 6 298
5 13 2 9 12
5 14 2 0 196
5 14 2 6 638
5 14 2 9 628
5 7 3 1 328
5 7 3 7 568
5 7 3 8 162
5 8 3 1 114
5 8 3 7 358
5 8 3 8 28
5 11 3 1 64
5 11 3 7 596
5 11 3 8 358
5 13 3 1 72
5 13 3 7 468
5 13 3 8 322
5 14 3 1 422
5 14 3 7 130
5 14 3 8 92
5 7 4 0 2
5 7 4 6 290
5 7 4 15 694
5 8 4 0 196
5 8 4 6 268
5 8 4 15 92
5 11 4 0 526
5 11 4 6 192
5 11 4 15 304
5 13 4 0 56
5 13 4 6 306
5 13 4 15 104
5 14 4 0 390
5 14 4 6 314
5 14 4 15 116
5 7 5 1 200
5 7 5 7 450
5 7 5 14 256
5 8 5 1 362
5 8 5 7 120
5 8 5 14 220
5 11 5 1 574
5 11 5 7 198
5 11 5 14 96
5 13 5 1 400
5 13 5 7 4
5 13 5 14 136
5 14 5 1 774
5 14 5 7 320
5 14 5 14 90
5 7 6 2 506
5 7 6 4 190
5 7 6 13 386
5 8 6 2 502
5 8 6 4 328
5 8 6 13 354
5 11 6 2 162
5 11 6 4 24
5 11 6 13 380
5 13 6 2 242
5 13 6 4 264
5 13 6 13 236
5 14 6 2 136
5 14 6 4 670
5 14 6 13 16
5 7 7 3 148
5 7 7 5 786
5 7 7 12 122
5 8 7 3 136
5 8 7 5 944
5 8 7 12 106
5 11 7 3 576
5 11 7 5 492
5 11 7 12 638
5 13 7 3 300
5 13 7 5 236
5 13 7 12 516
5 14 7 3 328
5 14 7 5 262
5 14 7 12 60
5 7 8 3 2
5 7 8 10 408
5 7 8 12 338
5 8 8 3 88
5 8 8 10 10
5 8 8 12 450
5 11 8 3 226
5 11 8 10 0
5 11 8 12 106
5 13 8 3 486
5 13 8 10 308
5 13 8 12 768
5 14 8 3 498
5 14 8 10 142
5 14 8 12 928
5 7 9 2 208
5 7 9 11 216
5 7 9 13 928
5 8 9 2 468
5 8 9 11 216
5 8 9 13 106
5 11 9 2 452
5 11 9 11 376
5 11 9 13 4
5 13 9 2 82
5 13 9 11 192
5 13 9 13 456
5 14 9 2 468
5 14 9 11 178
5 14 9 13 542
5 7 10 1 96
5 7 10 8 392
5 7 10 14 228
5 8 10 1 266
5 8 10 8 190
5 8 10 14 442
5 11 10 1 264
5 11 10 8 666
5 11 10 14 196
5 13 10 1 146
5 13 10 8 114
5 13 10 14 296
5 14 10 1 838
5 14 10 8 322
5 14 10 14 462
5 7 11 0 120
5 7 11 9 174
5 7 11 15 550
5 8 11 0 610
5 8 11 9 456
5 8 11 15 456
5 11 11 0 82
5 11 11 9 338
5 11 11 15 832
5 13 11 0 208
5 13 11 9 652
5 13 11 15 248
5 14 11 0 390
5 14 11 9 642
5 14 11 15 324
5 7 12 7 152
5 7 12 8 444
5 7 12 14 46
5 8 12 7 134
5 8 12 8 258
5 8 12 14 352
5 11 12 7 284
5 11 12 8 390
5 11 12 14 330
5 13 12 7 332
5 13 12 8 628
5 13 12 14 40
5 14 12 7 838
5 14 12 8 356
5 14 12 14 546
5 7 13 6 402
5 7 13 9 646
5 7 13 15 280
5 8 13 6 78
5 8 13 9 416
5 8 13 15 2
5 11 13 6 254
5 11 13 9 428
5 11 13 15 50
5 13 13 6 420
5 13 13 9 222
5 13 13 15 264
5 14 13 6 604
5 14 13 9 24
5 14 13 15 142
5 7 14 5 106
5 7 14 10 2
5 7 14 12 480
5 8 14 5 304
5 8 14 10 124
5 8 14 12 184
5 11 14 5 390
5 11 14 10 60
5 11 14 12 342
5 13 14 5 114
5 13 14 10 520
5 13 14 12 68
5 14 14 5 404
5 14 14 10 410
5 14 14 12 756
5 7 15 4 78
5 7 15 11 546
5 7 15 13 566
5 8 15 4 2
5 8 15 11 706
5 8 15 13 206
5 11 15 4 422
5 11 15 11 466
5 11 15 13 234
5 13 15 4 54
5 13 15 11 452
5 13 15 13 268
5 14 15 4 412
5 14 15 11 86
5 14 15 13 292
6 8 0 2 384
6 8 0 4 256
6 8 0 11 130
6 11 0 2 348
6 11 0 4 754
6 11 0 11 192
6 13 0 2 676
6 13 0 4 550
6 13 0 11 552
6 14 0 2 72
6 14 0 4 500
6 14 0 11 552
6 8 1 3 132
6 8 1 5 470
6 8 1 10 306
6 11 1 3 728
6 11 1 5 156
6 11 1 10 554
6 13 1 3 664
6 13 1 5 202
6 13 1 10 106
6 14 1 3 48
6 14 1 5 216
6 14 1 10 784
6 8 2 0 290
6 8 2 6 62
6 8 2 9 10
6 11 2 0 436
6 11 2 6 178
6 11 2 9 250
6 13 2 0 106
6 13 2 6 224
6 13 2 9 116
6 14 2 0 126
6 14 2 6 74
6 14 2 9 222
6 8 3 1 212
6 8 3 7 196
6 8 3 8 404
6 11 3 1 304
6 11 3 7 666
6 11 3 8 30
6 13 3 1 2
6 13 3 7 30
6 13 3 8 166
6 14 3 1 832
6 14 3 7 422
6 14 3 8 418
6 8 4 0 398
6 8 4 6 110
6 8 4 15 664
6 11 4 0 112
6 11 4 6 186
6 11 4 15 38
6 13 4 0 168
6 13 4 6 18
6 13 4 15 188
6 14 4 0 376
6 14 4 6 826
6 14 4 15 10
6 8 5 1 172
6 8 5 7 68
6 8 5 14 110
6 11 5 1 356
6 11 5 7 78
6 11 5 14 494
6 13 5 1 316
6 13 5 7 112
6 13 5 14 282
6 14 5 1 362
6 14 5 7 480
6 14 5 14 220
6 8 6 2 104
6 8 6 4 194
6 8 6 13 254
6 11 6 2 124
6 11 6 4 88
6 11 6 13 370
6 13 6 2 128
6 13 6 4 400
6 13 6 13 508
6 14 6 2 104
6 14 6 4 464
6 14 6 13 1148
6 8 7 3 48
6 8 7 5 858
6 8 7 12 560
6 11 7 3 210
6 11 7 5 38
6 11 7 12 308
6 13 7 3 102
6 13 7 5 94
6 13 7 12 330
6 14 7 3 542
6 14 7 5 82
6 14 7 12 806
6 8 8 3 100
6 8 8 10 350
6 8 8 12 808
6 11 8 3 256
6 11 8 10 316
6 11 8 12 170
6 13 8 3 258
6 13 8 10 460
6 13 8 12 150
6 14 8 3 2
6 14 8 10 2
6 14 8 12 342
6 8 9 2 58
6 8 9 11 272
6 8 9 13 24
6 11 9 2 74
6 11 9 11 322
6 11 9 13 168
6 13 9 2 500
6 13 9 11 908
6 13 9 13 584
6 14 9 2 366
6 14 9 11 238
6 14 9 13 236
6 8 10 1 36
6 8 10 8 138
6 8 10 14 266
6 11 10 1 266
6 11 10 8 396
6 11 10 14 156
6 13 10 1 130
6 13 10 8 280
6 13 10 14 320
6 14 10 1 30
6 14 10 8 222
6 14 10 14 554
6 8 11 0 584
6 8 11 9 1176
6 8 11 15 22
6 11 11 0 44
6 11 11 9 70
6 11 11 15 104
6 13 11 0 420
6 13 11 9 412
6 13 11 15 678
6 14 11 0 614
6 14 11 9 94
6 14 11 15 156
6 8 12 7 684
6 8 12 8 118
6 8 12 14 528
6 11 12 7 290
6 11 12 8 30
6 11 12 14 156
6 13 12 7 154
6 13 12 8 492
6 13 12 14 382
6 14 12 7 86
6 14 12 8 20
6 14 12 14 86
6 8 13 6 194
6 8 13 9 950
6 8 13 15 376
6 11 13 6 208
6 11 13 9 214
6 11 13 15 668
6 13 13 6 138
6 13 13 9 362
6 13 13 15 140
6 14 13 6 4
6 14 13 9 358
6 14 13 15 386
6 8 14 5 422
6 8 14 10 76
6 8 14 12 246
6 11 14 5 382
6 11 14 10 116
6 11 14 12 494
6 13 14 5 258
6 13 14 10 160
6 13 14 12 154
6 14 14 5 40
6 14 14 10 432
6 14 14 12 88
6 8 15 4 642
6 8 15 11 380
6 8 15 13 42
6 11 15 4 316
6 11 15 11 8
6 11 15 13 866
6 13 15 4 258
6 13 15 11 230
6 13 15 13 144
6 14 15 4 230
6 14 15 11 158
6 14 15 13 334
7 9 0 2 318
7 9 0 4 1216
7 9 0 11 4
7 10 0 2 316
7 10 0 4 104
7 10 0 11 130
7 12 0 2 116
7 12 0 4 234
7 12 0 11 272
7 15 0 2 668
7 15 0 4 26
7 15 0 11 620
7 9 1 3 244
7 9 1 5 572
7 9 1 10 354
7 10 1 3 222
7 10 1 5 8
7 10 1 10 1002
7 12 1 3 420
7 12 1 5 144
7 12 1 10 100
7 15 1 3 86
7 15 1 5 574
7 15 1 10 112
7 9 2 0 36
7 9 2 6 396
7 9 2 9 40
7 10 2 0 276
7 10 2 6 202
7 10 2 9 632
7 12 2 0 574
7 12 2 6 216
7 12 2 9 14
7 15 2 0 76
7 15 2 6 700
7 15 2 9 134
7 9 3 1 326
7 9 3 7 20
7 9 3 8 404
7 10 3 1 198
7 10 3 7 558
7 10 3 8 110
7 12 3 1 372
7 12 3 7 126
7 12 3 8 574
7 15 3 1 118
7 15 3 7 518
7 15 3 8 312
7 9 4 0 454
7 9 4 6 258
7 9 4 15 326
7 10 4 0 358
7 10 4 6 264
7 10 4 15 28
7 12 4 0 772
7 12 4 6 696
7 12 4 15 2
7 15 4 0 462
7 15 4 6 290
7 15 4 15 64
7 9 5 1 136
7 9 5 7 726
7 9 5 14 298
7 10 5 1 284
7 10 5 7 152
7 10 5 14 304
7 12 5 1 78
7 12 5 7 66
7 12 5 14 566
7 15 5 1 28
7 15 5 7 440
7 15 5 14 6
7 9 6 2 12
7 9 6 4 34
7 9 6 13 324
7 10 6 2 154
7 10 6 4 176
7 10 6 13 568
7 12 6 2 228
7 12 6 4 170
7 12 6 13 182
7 15 6 2 178
7 15 6 4 412
7 15 6 13 510
7 9 7 3 64
7 9 7 5 146
7 9 7 12 502
7 10 7 3 154
7 10 7 5 110
7 10 7 12 664
7 12 7 3 680
7 12 7 5 32
7 12 7 12 162
7 15 7 3 614
7 15 7 5 56
7 15 7 12 336
7 9 8 3 228
7 9 8 10 262
7 9 8 12 38
7 10 8 3 78
7 10 8 10 202
7 10 8 12 44
7 12 8 3 22
7 12 8 10 124
7 12 8 12 440
7 15 8 3 234
7 15 8 10 210
7 15 8 12 152
7 9 9 2 140
7 9 9 11 214
7 9 9 13 304
7 10 9 2 310
7 10 9 11 218
7 10 9 13 222
7 12 9 2 546
7 12 9 11 610
7 12 9 13 120
7 15 9 2 462
7 15 9 11 2
7 15 9 13 626
7 9 10 1 350
7 9 10 8 184
7 9 10 14 76
7 10 10 1 2
7 10 10 8 784
7 10 10 14 378
7 12 10 1 554
7 12 10 8 366
7 12 10 14 128
7 15 10 1 432
7 15 10 8 910
7 15 10 14 396
7 9 11 0 36
7 9 11 9 302
7 9 11 15 220
7 10 11 0 144
7 10 11 9 240
7 10 11 15 196
7 12 11 0 40
7 12 11 9 206
7 12 11 15 90
7 15 11 0 396
7 15 11 9 136
7 15 11 15 90
7 9 12 7 494
7 9 12 8 96
7 9 12 14 358
7 10 12 7 18
7 10 12 8 84
7 10 12 14 554
7 12 12 7 136
7 12 12 8 698
7 12 12 14 312
7 15 12 7 76
7 15 12 8 134
7 15 12 14 320
7 9 13 6 14
7 9 13 9 98
7 9 13 15 130
7 10 13 6 208
7 10 13 9 376
7 10 13 15 100
7 12 13 6 310
7 12 13 9 334
7 12 13 15 474
7 15 13 6 10
7 15 13 9 26
7 15 13 15 58
7 9 14 5 438
7 9 14 10 282
7 9 14 12 338
7 10 14 5 770
7 10 14 10 66
7 10 14 12 286
7 12 14 5 476
7 12 14 10 778
7 12 14 12 8
7 15 14 5 134
7 15 14 10 234
7 15 14 12 38
7 9 15 4 696
7 9 15 11 336
7 9 15 13 458
7 10 15 4 268
7 10 15 11 2
7 10 15 13 112
7 12 15 4 288
7 12 15 11 96
7 12 15 13 204
7 15 15 4 122
7 15 15 11 618
7 15 15 13 278
8 10 0 2 194
8 10 0 4 54
8 10 0 11 450
8 12 0 2 578
8 12 0 4 32
8 12 0 11 62
8 10 1 3 140
8 10 1 5 4
8 10 1 10 30
8 12 1 3 116
8 12 1 5 274
8 12 1 10 412
8 10 2 0 126
8 10 2 6 574
8 10 2 9 52
8 12 2 0 8
8 12 2 6 150
8 12 2 9 182
8 10 3 1 174
8 10 3 7 474
8 10 3 8 540
8 12 3 1 92
8 12 3 7 92
8 12 3 8 276
8 10 4 0 108
8 10 4 6 388
8 10 4 15 26
8 12 4 0 136
8 12 4 6 310
8 12 4 15 112
8 10 5 1 388
8 10 5 7 220
8 10 5 14 264
8 12 5 1 794
8 12 5 7 10
8 12 5 14 234
8 10 6 2 118
8 10 6 4 230
8 10 6 13 422
8 12 6 2 836
8 12 6 4 1010
8 12 6 13 260
8 10 7 3 450
8 10 7 5 276
8 10 7 12 166
8 12 7 3 112
8 12 7 5 250
8 12 7 12 334
8 10 8 3 188
8 10 8 10 80
8 10 8 12 156
8 12 8 3 314
8 12 8 10 498
8 12 8 12 340
8 10 9 2 360
8 10 9 11 450
8 10 9 13 382
8 12 9 2 584
8 12 9 11 102
8 12 9 13 106
8 10 10 1 486
8 10 10 8 226
8 10 10 14 398
8 12 10 1 202
8 12 10 8 154
8 12 10 14 296
8 10 11 0 22
8 10 11 9 576
8 10 11 15 514
8 12 11 0 352
8 12 11 9 82
8 12 11 15 74
8 10 12 7 270
8 10 12 8 74
8 10 12 14 2658
8 12 12 7 482
8 12 12 8 2
8 12 12 14 300
8 10 13 6 198
8 10 13 9 110
8 10 13 15 118
8 12 13 6 580
8 12 13 9 1058
8 12 13 15 8
8 10 14 5 94
8 10 14 10 120
8 10 14 12 2756
8 12 14 5 392
8 12 14 10 696
8 12 14 12 290
8 10 15 4 264
8 10 15 11 110
8 10 15 13 494
8 12 15 4 284
8 12 15 11 114
8 12 15 13 168
9 11 0 2 344
9 11 0 4 190
9 11 0 11 700
9 13 0 2 20
9 13 0 4 20
9 13 0 11 214
9 11 1 3 20
9 11 1 5 118
9 11 1 10 604
9 13 1 3 198
9 13 1 5 318
9 13 1 10 62
9 11 2 0 262
9 11 2 6 2
9 11 2 9 68
9 13 2 0 38
9 13 2 6 76
9 13 2 9 278
9 11 3 1 46
9 11 3 7 68
9 11 3 8 112
9 13 3 1 2
9 13 3 7 820
9 13 3 8 72
9 11 4 0 142
9 11 4 6 218
9 11 4 15 322
9 13 4 0 328
9 13 4 6 482
9 13 4 15 144
9 11 5 1 542
9 11 5 7 118
9 11 5 14 306
9 13 5 1 392
9 13 5 7 104
9 13 5 14 28
9 11 6 2 544
9 11 6 4 566
9 11 6 13 472
9 13 6 2 186
9 13 6 4 88
9 13 6 13 308
9 11 7 3 66
9 11 7 5 38
9 11 7 12 478
9 13 7 3 174
9 13 7 5 6
9 13 7 12 474
9 11 8 3 334
9 11 8 10 138
9 11 8 12 64
9 13 8 3 166
9 13 8 10 58
9 13 8 12 26
9 11 9 2 250
9 11 9 11 532
9 11 9 13 744
9 13 9 2 226
9 13 9 11 64
9 13 9 13 350
9 11 10 1 204
9 11 10 8 538
9 11 10 14 334
9 13 10 1 564
9 13 10 8 134
9 13 10 14 480
9 11 11 0 546
9 11 11 9 36
9 11 11 15 94
9 13 11 0 150
9 13 11 9 200
9 13 11 15 180
9 11 12 7 416
9 11 12 8 212
9 11 12 14 40
9 13 12 7 132
9 13 12 8 230
9 13 12 14 382
9 11 13 6 554
9 11 13 9 402
9 11 13 15 112
9 13 13 6 664
9 13 13 9 450
9 13 13 15 22
9 11 14 5 30
9 11 14 10 326
9 11 14 12 388
9 13 14 5 390
9 13 14 10 470
9 13 14 12 738
9 11 15 4 324
9 11 15 11 178
9 11 15 13 182
9 13 15 4 48
9 13 15 11 60
9 13 15 13 348
10 14 0 2 278
10 14 0 4 200
10 14 0 11 44
10 14 1 3 668
10 14 1 5 464
10 14 1 10 286
10 14 2 0 4
10 14 2 6 342
10 14 2 9 36
10 14 3 1 64
10 14 3 7 136
10 14 3 8 526
10 14 4 0 260
10 14 4 6 170
10 14 4 15 378
10 14 5 1 568
10 14 5 7 468
10 14 5 14 64
10 14 6 2 116
10 14 6 4 520
10 14 6 13 210
10 14 7 3 182
10 14 7 5 986
10 14 7 12 692
10 14 8 3 768
10 14 8 10 572
10 14 8 12 448
10 14 9 2 350
10 14 9 11 354
10 14 9 13 898
10 14 10 1 562
10 14 10 8 156
10 14 10 14 108
10 14 11 0 262
10 14 11 9 594
10 14 11 15 178
10 14 12 7 70
10 14 12 8 138
10 14 12 14 72
10 14 13 6 38
10 14 13 9 286
10 14 13 15 22
10 14 14 5 286
10 14 14 10 210
10 14 14 12 104
10 14 15 4 88
10 14 15 11 442
10 14 15 13 548
11 15 0 2 4
11 15 0 4 308
11 15 0 11 468
11 15 1 3 524
11 15 1 5 520
11 15 1 10 108
11 15 2 0 194
11 15 2 6 332
11 15 2 9 76
11 15 3 1 306
11 15 3 7 134
11 15 3 8 314
11 15 4 0 356
11 15 4 6 264
11 15 4 15 352
11 15 5 1 492
11 15 5 7 730
11 15 5 14 40
11 15 6 2 414
11 15 6 4 196
11 15 6 13 628
11 15 7 3 322
11 15 7 5 426
11 15 7 12 476
11 15 8 3 230
11 15 8 10 850
11 15 8 12 340
11 15 9 2 124
11 15 9 11 418
11 15 9 13 354
11 15 10 1 6
11 15 10 8 68
11 15 10 14 78
11 15 11 0 154
11 15 11 9 46
11 15 11 15 634
11 15 12 7 430
11 15 12 8 214
11 15 12 14 290
11 15 13 6 188
11 15 13 9 198
11 15 13 15 172
11 15 14 5 84
11 15 14 10 52
11 15 14 12 72
11 15 15 4 592
11 15 15 11 298
11 15 15 13 2
12 14 0 2 106
12 14 0 4 338
12 14 0 11 124
12 14 1 3 204
12 14 1 5 380
12 14 1 10 96
12 14 2 0 228
12 14 2 6 142
12 14 2 9 70
12 14 3 1 262
12 14 3 7 110
12 14 3 8 242
12 14 4 0 278
12 14 4 6 338
12 14 4 15 376
12 14 5 1 96
12 14 5 7 12
12 14 5 14 136
12 14 6 2 522
12 14 6 4 286
12 14 6 13 302
12 14 7 3 694
12 14 7 5 196
12 14 7 12 238
12 14 8 3 1022
12 14 8 10 538
12 14 8 12 272
12 14 9 2 272
12 14 9 11 168
12 14 9 13 184
12 14 10 1 18
12 14 10 8 22
12 14 10 14 386
12 14 11 0 60
12 14 11 9 220
12 14 11 15 118
12 14 12 7 364
12 14 12 8 146
12 14 12 14 196
12 14 13 6 58
12 14 13 9 338
12 14 13 15 214
12 14 14 5 170
12 14 14 10 488
12 14 14 12 182
12 14 15 4 108
12 14 15 11 250
12 14 15 13 154
13 15 0 2 336
13 15 0 4 176
13 15 0 11 510
13 15 1 3 530
13 15 1 5 152
13 15 1 10 140
13 15 2 0 178
13 15 2 6 220
13 15 2 9 244
13 15 3 1 914
13 15 3 7 46
13 15 3 8 328
13 15 4 0 332
13 15 4 6 786
13 15 4 15 30
13 15 5 1 64
13 15 5 7 62
13 15 5 14 292
13 15 6 2 296
13 15 6 4 14
13 15 6 13 562
13 15 7 3 334
13 15 7 5 772
13 15 7 12 164
13 15 8 3 218
13 15 8 10 146
13 15 8 12 62
13 15 9 2 280
13 15 9 11 312
13 15 9 13 772
13 15 10 1 74
13 15 10 8 414
13 15 10 14 724
13 15 11 0 200
13 15 11 9 502
13 15 11 15 34
13 15 12 7 136
13 15 12 8 6
13 15 12 14 40
13 15 13 6 52
13 15 13 9 98
13 15 13 15 570
13 15 14 5 248
13 15 14 10 368
13 15 14 12 286
13 15 15 4 78
13 15 15 11 520
13 15 15 13 374
