# KEY left=0x4b right=0x6f
# GOOD_PAIRS_BEGIN count=2
# GOOD_PAIR 0x85 0xa7
# GOOD_PAIR 0x87 0xa5
# GOOD_PAIRS_END
0 2 0 2 270
0 2 0 4 378
0 2 0 11 794
0 4 0 2 240
0 4 0 4 274
0 4 0 11 582
0 8 0 2 22
0 8 0 4 152
0 8 0 11 324
0 11 0 2 584
0 11 0 4 222
0 11 0 11 896
0 13 0 2 128
0 13 0 4 62
0 13 0 11 542
0 14 0 2 942
0 14 0 4 164
0 14 0 11 442
0 2 1 3 514
0 2 1 5 146
0 2 1 10 8
0 4 1 3 80
0 4 1 5 84
0 4 1 10 452
0 8 1 3 394
0 8 1 5 26
0 8 1 10 100
0 11 1 3 346
0 11 1 5 178
0 11 1 10 60
0 13 1 3 302
0 13 1 5 1348
0 13 1 10 564
0 14 1 3 54
0 14 1 5 156
0 14 1 10 354
0 2 2 0 248
0 2 2 6 112
0 2 2 9 194
0 4 2 0 982
0 4 2 6 164
0 4 2 9 200
0 8 2 0 54
0 8 2 6 640
0 8 2 9 230
0 11 2 0 738
0 11 2 6 12
0 11 2 9 262
0 13 2 0 138
0 13 2 6 410
0 13 2 9 238
0 14 2 0 28
0 14 2 6 210
0 14 2 9 128
0 2 3 1 124
0 2 3 7 50
0 2 3 8 8
0 4 3 1 152
0 4 3 7 370
0 4 3 8 214
0 8 3 1 260
0 8 3 7 280
0 8 3 8 968
0 11 3 1 398
0 11 3 7 500
0 11 3 8 180
0 13 3 1 132
0 13 3 7 442
0 13 3 8 272
0 14 3 1 480
0 14 3 7 24
0 14 3 8 74
0 2 4 0 418
0 2 4 6 448
0 2 4 15 902
0 4 4 0 154
0 4 4 6 20
0 4 4 15 52
0 8 4 0 58
0 8 4 6 332
0 8 4 15 118
0 11 4 0 386
0 11 4 6 280
0 11 4 15 510
0 13 4 0 90
0 13 4 6 332
0 13 4 15 254
0 14 4 0 250
0 14 4 6 406
0 14 4 15 198
0 2 5 1 270
0 2 5 7 492
0 2 5 14 680
0 4 5 1 182
0 4 5 7 636
0 4 5 14 402
0 8 5 1 6
0 8 5 7 632
0 8 5 14 684
0 11 5 1 148
0 11 5 7 20
0 11 5 14 0
0 13 5 1 278
0 13 5 7 34
0 13 5 14 38
0 14 5 1 72
0 14 5 7 4
0 14 5 14 168
0 2 6 2 140
0 2 6 4 258
0 2 6 13 72
0 4 6 2 482
0 4 6 4 616
0 4 6 13 198
0 8 6 2 38
0 8 6 4 458
0 8 6 13 960
0 11 6 2 168
0 11 6 4 468
0 11 6 13 124
0 13 6 2 44
0 13 6 4 124
0 13 6 13 314
0 14 6 2 140
0 14 6 4 568
0 14 6 13 262
0 2 7 3 94
0 2 7 5 282
0 2 7 12 310
0 4 7 3 374
0 4 7 5 54
0 4 7 12 38
0 8 7 3 122
0 8 7 5 406
0 8 7 12 16
0 11 7 3 132
0 11 7 5 526
0 11 7 12 18
0 13 7 3 28
0 13 7 5 12
0 13 7 12 464
0 14 7 3 158
0 14 7 5 396
0 14 7 12 36
0 2 8 3 188
0 2 8 10 240
0 2 8 12 200
0 4 8 3 132
0 4 8 10 838
0 4 8 12 614
0 8 8 3 38
0 8 8 10 294
0 8 8 12 954
0 11 8 3 394
0 11 8 10 396
0 11 8 12 108
0 13 8 3 110
0 13 8 10 574
0 13 8 12 100
0 14 8 3 466
0 14 8 10 526
0 14 8 12 8
0 2 9 2 88
0 2 9 11 482
0 2 9 13 312
0 4 9 2 360
0 4 9 11 76
0 4 9 13 352
0 8 9 2 10
0 8 9 11 264
0 8 9 13 374
0 11 9 2 412
0 11 9 11 430
0 11 9 13 594
0 13 9 2 22
0 13 9 11 136
0 13 9 13 502
0 14 9 2 282
0 14 9 11 222
0 14 9 13 834
0 2 10 1 118
0 2 10 8 408
0 2 10 14 314
0 4 10 1 2
0 4 10 8 36
0 4 10 14 104
0 8 10 1 504
0 8 10 8 226
0 8 10 14 184
0 11 10 1 134
0 11 10 8 326
0 11 10 14 98
0 13 10 1 54
0 13 10 8 380
0 13 10 14 880
0 14 10 1 200
0 14 10 8 424
0 14 10 14 156
0 2 11 0 174
0 2 11 9 112
0 2 11 15 264
0 4 11 0 446
0 4 11 9 4
0 4 11 15 334
0 8 11 0 544
0 8 11 9 210
0 8 11 15 610
0 11 11 0 244
0 11 11 9 236
0 11 11 15 294
0 13 11 0 220
0 13 11 9 188
0 13 11 15 36
0 14 11 0 636
0 14 11 9 166
0 14 11 15 926
0 2 12 7 404
0 2 12 8 176
0 2 12 14 318
0 4 12 7 660
0 4 12 8 716
0 4 12 14 278
0 8 12 7 416
0 8 12 8 56
0 8 12 14 138
0 11 12 7 60
0 11 12 8 302
0 11 12 14 58
0 13 12 7 226
0 13 12 8 106
0 13 12 14 498
0 14 12 7 600
0 14 12 8 32
0 14 12 14 234
0 2 13 6 308
0 2 13 9 476
0 2 13 15 12
0 4 13 6 290
0 4 13 9 678
0 4 13 15 302
0 8 13 6 358
0 8 13 9 30
0 8 13 15 186
0 11 13 6 432
0 11 13 9 428
0 11 13 15 312
0 13 13 6 418
0 13 13 9 558
0 13 13 15 514
0 14 13 6 182
0 14 13 9 662
0 14 13 15 314
0 2 14 5 234
0 2 14 10 52
0 2 14 12 292
0 4 14 5 146
0 4 14 10 686
0 4 14 12 60
0 8 14 5 16
0 8 14 10 510
0 8 14 12 100
0 11 14 5 118
0 11 14 10 124
0 11 14 12 362
0 13 14 5 222
0 13 14 10 320
0 13 14 12 58
0 14 14 5 218
0 14 14 10 488
0 14 14 12 10
0 2 15 4 532
0 2 15 11 156
0 2 15 13 0
0 4 15 4 74
0 4 15 11 358
0 4 15 13 88
0 8 15 4 14
0 8 15 11 676
0 8 15 13 106
0 11 15 4 38
0 11 15 11 1020
0 11 15 13 602
0 13 15 4 386
0 13 15 11 82
0 13 15 13 70
0 14 15 4 668
0 14 15 11 100
0 14 15 13 690
1 3 0 2 372
1 3 0 4 142
1 3 0 11 478
1 5 0 2 452
1 5 0 4 538
1 5 0 11 318
1 9 0 2 406
1 9 0 4 258
1 9 0 11 140
1 10 0 2 292
1 10 0 4 130
1 10 0 11 216
1 12 0 2 728
1 12 0 4 78
1 12 0 11 622
1 15 0 2 438
1 15 0 4 248
1 15 0 11 40
1 3 1 3 468
1 3 1 5 406
1 3 1 10 112
1 5 1 3 70
1 5 1 5 194
1 5 1 10 78
1 9 1 3 488
1 9 1 5 116
1 9 1 10 70
1 10 1 3 16
1 10 1 5 1108
1 10 1 10 350
1 12 1 3 278
1 12 1 5 48
1 12 1 10 258
1 15 1 3 178
1 15 1 5 246
1 15 1 10 426
1 3 2 0 96
1 3 2 6 340
1 3 2 9 14
1 5 2 0 164
1 5 2 6 60
1 5 2 9 204
1 9 2 0 136
1 9 2 6 606
1 9 2 9 124
1 10 2 0 140
1 10 2 6 322
1 10 2 9 364
1 12 2 0 466
1 12 2 6 718
1 12 2 9 270
1 15 2 0 196
1 15 2 6 508
1 15 2 9 206
1 3 3 1 688
1 3 3 7 224
1 3 3 8 8
1 5 3 1 542
1 5 3 7 592
1 5 3 8 318
1 9 3 1 202
1 9 3 7 170
1 9 3 8 692
1 10 3 1 74
1 10 3 7 178
1 10 3 8 346
1 12 3 1 134
1 12 3 7 92
1 12 3 8 502
1 15 3 1 332
1 15 3 7 256
1 15 3 8 396
1 3 4 0 706
1 3 4 6 26
1 3 4 15 366
1 5 4 0 382
1 5 4 6 432
1 5 4 15 20
1 9 4 0 94
1 9 4 6 108
1 9 4 15 796
1 10 4 0 62
1 10 4 6 484
1 10 4 15 254
1 12 4 0 96
1 12 4 6 46
1 12 4 15 190
1 15 4 0 352
1 15 4 6 488
1 15 4 15 186
1 3 5 1 34
1 3 5 7 548
1 3 5 14 194
1 5 5 1 398
1 5 5 7 80
1 5 5 14 430
1 9 5 1 386
1 9 5 7 144
1 9 5 14 458
1 10 5 1 82
1 10 5 7 148
1 10 5 14 376
1 12 5 1 876
1 12 5 7 198
1 12 5 14 554
1 15 5 1 164
1 15 5 7 668
1 15 5 14 140
1 3 6 2 150
1 3 6 4 512
1 3 6 13 304
1 5 6 2 220
1 5 6 4 182
1 5 6 13 160
1 9 6 2 136
1 9 6 4 84
1 9 6 13 518
1 10 6 2 346
1 10 6 4 258
1 10 6 13 178
1 12 6 2 144
1 12 6 4 74
1 12 6 13 8
1 15 6 2 866
1 15 6 4 252
1 15 6 13 480
1 3 7 3 212
1 3 7 5 626
1 3 7 12 424
1 5 7 3 334
1 5 7 5 226
1 5 7 12 620
1 9 7 3 56
1 9 7 5 426
1 9 7 12 156
1 10 7 3 286
1 10 7 5 512
1 10 7 12 266
1 12 7 3 238
1 12 7 5 128
1 12 7 12 88
1 15 7 3 118
1 15 7 5 276
1 15 7 12 484
1 3 8 3 90
1 3 8 10 82
1 3 8 12 446
1 5 8 3 366
1 5 8 10 404
1 5 8 12 38
1 9 8 3 328
1 9 8 10 328
1 9 8 12 358
1 10 8 3 362
1 10 8 10 322
1 10 8 12 344
1 12 8 3 68
1 12 8 10 216
1 12 8 12 492
1 15 8 3 168
1 15 8 10 50
1 15 8 12 468
1 3 9 2 36
1 3 9 11 352
1 3 9 13 234
1 5 9 2 162
1 5 9 11 190
1 5 9 13 226
1 9 9 2 98
1 9 9 11 68
1 9 9 13 48
1 10 9 2 180
1 10 9 11 310
1 10 9 13 312
1 12 9 2 22
1 12 9 11 404
1 12 9 13 346
1 15 9 2 464
1 15 9 11 534
1 15 9 13 376
1 3 10 1 0
1 3 10 8 548
1 3 10 14 60
1 5 10 1 484
1 5 10 8 466
1 5 10 14 168
1 9 10 1 112
1 9 10 8 626
1 9 10 14 526
1 10 10 1 120
1 10 10 8 174
1 10 10 14 8
1 12 10 1 326
1 12 10 8 218
1 12 10 14 306
1 15 10 1 194
1 15 10 8 96
1 15 10 14 102
1 3 11 0 576
1 3 11 9 588
1 3 11 15 8
1 5 11 0 346
1 5 11 9 182
1 5 11 15 194
1 9 11 0 372
1 9 11 9 148
1 9 11 15 206
1 10 11 0 122
1 10 11 9 380
1 10 11 15 82
1 12 11 0 46
1 12 11 9 392
1 12 11 15 780
1 15 11 0 50
1 15 11 9 180
1 15 11 15 80
1 3 12 7 106
1 3 12 8 152
1 3 12 14 504
1 5 12 7 404
1 5 12 8 160
1 5 12 14 34
1 9 12 7 554
1 9 12 8 174
1 9 12 14 622
1 10 12 7 328
1 10 12 8 30
1 10 12 14 120
1 12 12 7 230
1 12 12 8 28
1 12 12 14 456
1 15 12 7 50
1 15 12 8 312
1 15 12 14 188
1 3 13 6 126
1 3 13 9 442
1 3 13 15 58
1 5 13 6 266
1 5 13 9 150
1 5 13 15 70
1 9 13 6 16
1 9 13 9 284
1 9 13 15 616
1 10 13 6 160
1 10 13 9 66
1 10 13 15 218
1 12 13 6 286
1 12 13 9 162
1 12 13 15 348
1 15 13 6 218
1 15 13 9 542
1 15 13 15 360
1 3 14 5 58
1 3 14 10 132
1 3 14 12 96
1 5 14 5 110
1 5 14 10 644
1 5 14 12 358
1 9 14 5 262
1 9 14 10 682
1 9 14 12 744
1 10 14 5 56
1 10 14 10 42
1 10 14 12 560
1 12 14 5 54
1 12 14 10 552
1 12 14 12 206
1 15 14 5 254
1 15 14 10 354
1 15 14 12 384
1 3 15 4 286
1 3 15 11 530
1 3 15 13 210
1 5 15 4 106
1 5 15 11 310
1 5 15 13 408
1 9 15 4 202
1 9 15 11 270
1 9 15 13 56
1 10 15 4 208
1 10 15 11 152
1 10 15 13 408
1 12 15 4 176
1 12 15 11 120
1 12 15 13 362
1 15 15 4 184
1 15 15 11 342
1 15 15 13 194
2 6 0 2 308
2 6 0 4 206
2 6 0 11 386
2 9 0 2 40
2 9 0 4 238
2 9 0 11 122
2 10 0 2 792
2 10 0 4 782
2 10 0 11 412
2 12 0 2 330
2 12 0 4 208
2 12 0 11 476
2 15 0 2 156
2 15 0 4 162
2 15 0 11 80
2 6 1 3 72
2 6 1 5 38
2 6 1 10 6
2 9 1 3 26
2 9 1 5 566
2 9 1 10 556
2 10 1 3 842
2 10 1 5 100
2 10 1 10 176
2 12 1 3 26
2 12 1 5 382
2 12 1 10 172
2 15 1 3 282
2 15 1 5 178
2 15 1 10 500
2 6 2 0 192
2 6 2 6 358
2 6 2 9 306
2 9 2 0 160
2 9 2 6 424
2 9 2 9 276
2 10 2 0 138
2 10 2 6 698
2 10 2 9 790
2 12 2 0 142
2 12 2 6 324
2 12 2 9 188
2 15 2 0 40
2 15 2 6 894
2 15 2 9 140
2 6 3 1 284
2 6 3 7 314
2 6 3 8 472
2 9 3 1 134
2 9 3 7 204
2 9 3 8 202
2 10 3 1 100
2 10 3 7 410
2 10 3 8 170
2 12 3 1 140
2 12 3 7 126
2 12 3 8 358
2 15 3 1 80
2 15 3 7 248
2 15 3 8 46
2 6 4 0 260
2 6 4 6 126
2 6 4 15 80
2 9 4 0 194
2 9 4 6 182
2 9 4 15 310
2 10 4 0 182
2 10 4 6 152
2 10 4 15 354
2 12 4 0 154
2 12 4 6 352
2 12 4 15 380
2 15 4 0 54
2 15 4 6 450
2 15 4 15 232
2 6 5 1 504
2 6 5 7 422
2 6 5 14 130
2 9 5 1 986
2 9 5 7 98
2 9 5 14 92
2 10 5 1 736
2 10 5 7 418
2 10 5 14 678
2 12 5 1 542
2 12 5 7 532
2 12 5 14 246
2 15 5 1 178
2 15 5 7 84
2 15 5 14 362
2 6 6 2 334
2 6 6 4 274
2 6 6 13 68
2 9 6 2 802
2 9 6 4 112
2 9 6 13 752
2 10 6 2 138
2 10 6 4 222
2 10 6 13 590
2 12 6 2 438
2 12 6 4 620
2 12 6 13 68
2 15 6 2 42
2 15 6 4 592
2 15 6 13 38
2 6 7 3 430
2 6 7 5 354
2 6 7 12 284
2 9 7 3 662
2 9 7 5 174
2 9 7 12 288
2 10 7 3 708
2 10 7 5 572
2 10 7 12 368
2 12 7 3 100
2 12 7 5 490
2 12 7 12 214
2 15 7 3 386
2 15 7 5 86
2 15 7 12 92
2 6 8 3 314
2 6 8 10 794
2 6 8 12 480
2 9 8 3 628
2 9 8 10 360
2 9 8 12 848
2 10 8 3 58
2 10 8 10 210
2 10 8 12 118
2 12 8 3 506
2 12 8 10 284
2 12 8 12 520
2 15 8 3 366
2 15 8 10 514
2 15 8 12 12
2 6 9 2 166
2 6 9 11 86
2 6 9 13 482
2 9 9 2 142
2 9 9 11 324
2 9 9 13 146
2 10 9 2 10
2 10 9 11 156
2 10 9 13 48
2 12 9 2 696
2 12 9 11 416
2 12 9 13 560
2 15 9 2 126
2 15 9 11 864
2 15 9 13 116
2 6 10 1 350
2 6 10 8 250
2 6 10 14 504
2 9 10 1 84
2 9 10 8 148
2 9 10 14 108
2 10 10 1 470
2 10 10 8 64
2 10 10 14 98
2 12 10 1 168
2 12 10 8 200
2 12 10 14 18
2 15 10 1 64
2 15 10 8 124
2 15 10 14 294
2 6 11 0 374
2 6 11 9 260
2 6 11 15 390
2 9 11 0 354
2 9 11 9 140
2 9 11 15 86
2 10 11 0 50
2 10 11 9 886
2 10 11 15 414
2 12 11 0 246
2 12 11 9 158
2 12 11 15 364
2 15 11 0 120
2 15 11 9 80
2 15 11 15 362
2 6 12 7 76
2 6 12 8 740
2 6 12 14 416
2 9 12 7 484
2 9 12 8 68
2 9 12 14 174
2 10 12 7 6
2 10 12 8 370
2 10 12 14 54
2 12 12 7 70
2 12 12 8 70
2 12 12 14 408
2 15 12 7 68
2 15 12 8 146
2 15 12 14 2
2 6 13 6 30
2 6 13 9 354
2 6 13 15 144
2 9 13 6 80
2 9 13 9 128
2 9 13 15 172
2 10 13 6 184
2 10 13 9 306
2 10 13 15 190
2 12 13 6 148
2 12 13 9 98
2 12 13 15 290
2 15 13 6 136
2 15 13 9 510
2 15 13 15 526
2 6 14 5 424
2 6 14 10 314
2 6 14 12 514
2 9 14 5 508
2 9 14 10 696
2 9 14 12 250
2 10 14 5 76
2 10 14 10 198
2 10 14 12 98
2 12 14 5 198
2 12 14 10 530
2 12 14 12 700
2 15 14 5 226
2 15 14 10 18
2 15 14 12 264
2 6 15 4 114
2 6 15 11 170
2 6 15 13 176
2 9 15 4 124
2 9 15 11 16
2 9 15 13 178
2 10 15 4 488
2 10 15 11 736
2 10 15 13 318
2 12 15 4 240
2 12 15 11 348
2 12 15 13 20
2 15 15 4 400
2 15 15 11 94
2 15 15 13 598
3 7 0 2 76
3 7 0 4 0
3 7 0 11 182
3 8 0 2 582
3 8 0 4 512
3 8 0 11 142
3 11 0 2 184
3 11 0 4 558
3 11 0 11 292
3 13 0 2 148
3 13 0 4 144
3 13 0 11 544
3 14 0 2 614
3 14 0 4 80
3 14 0 11 290
3 7 1 3 238
3 7 1 5 226
3 7 1 10 94
3 8 1 3 80
3 8 1 5 218
3 8 1 10 50
3 11 1 3 72
3 11 1 5 96
3 11 1 10 106
3 13 1 3 58
3 13 1 5 468
3 13 1 10 434
3 14 1 3 226
3 14 1 5 150
3 14 1 10 328
3 7 2 0 588
3 7 2 6 504
3 7 2 9 126
3 8 2 0 1006
3 8 2 6 96
3 8 2 9 292
3 11 2 0 474
3 11 2 6 64
3 11 2 9 106
3 13 2 0 366
3 13 2 6 148
3 13 2 9 794
3 14 2 0 138
3 14 2 6 334
3 14 2 9 126
3 7 3 1 262
3 7 3 7 416
3 7 3 8 372
3 8 3 1 136
3 8 3 7 4
3 8 3 8 2
3 11 3 1 34
3 11 3 7 190
3 11 3 8 866
3 13 3 1 424
3 13 3 7 508
3 13 3 8 6
3 14 3 1 200
3 14 3 7 46
3 14 3 8 468
3 7 4 0 192
3 7 4 6 456
3 7 4 15 474
3 8 4 0 298
3 8 4 6 48
3 8 4 15 10
3 11 4 0 66
3 11 4 6 896
3 11 4 15 302
3 13 4 0 34
3 13 4 6 172
3 13 4 15 160
3 14 4 0 36
3 14 4 6 118
3 14 4 15 446
3 7 5 1 386
3 7 5 7 640
3 7 5 14 52
3 8 5 1 62
3 8 5 7 358
3 8 5 14 308
3 11 5 1 34
3 11 5 7 458
3 11 5 14 162
3 13 5 1 490
3 13 5 7 518
3 13 5 14 582
3 14 5 1 550
3 14 5 7 814
3 14 5 14 262
3 7 6 2 304
3 7 6 4 724
3 7 6 13 792
3 8 6 2 328
3 8 6 4 294
3 8 6 13 226
3 11 6 2 566
3 11 6 4 802
3 11 6 13 336
3 13 6 2 214
3 13 6 4 90
3 13 6 13 822
3 14 6 2 92
3 14 6 4 744
3 14 6 13 14
3 7 7 3 360
3 7 7 5 590
3 7 7 12 778
3 8 7 3 508
3 8 7 5 864
3 8 7 12 442
3 11 7 3 80
3 11 7 5 256
3 11 7 12 310
3 13 7 3 120
3 13 7 5 758
3 13 7 12 168
3 14 7 3 336
3 14 7 5 112
3 14 7 12 338
3 7 8 3 788
3 7 8 10 316
3 7 8 12 194
3 8 8 3 202
3 8 8 10 410
3 8 8 12 48
3 11 8 3 382
3 11 8 10 214
3 11 8 12 38
3 13 8 3 68
3 13 8 10 310
3 13 8 12 534
3 14 8 3 344
3 14 8 10 554
3 14 8 12 52
3 7 9 2 72
3 7 9 11 174
3 7 9 13 122
3 8 9 2 684
3 8 9 11 108
3 8 9 13 334
3 11 9 2 88
3 11 9 11 104
3 11 9 13 380
3 13 9 2 430
3 13 9 11 800
3 13 9 13 98
3 14 9 2 256
3 14 9 11 966
3 14 9 13 90
3 7 10 1 34
3 7 10 8 1054
3 7 10 14 278
3 8 10 1 34
3 8 10 8 512
3 8 10 14 442
3 11 10 1 172
3 11 10 8 66
3 11 10 14 660
3 13 10 1 396
3 13 10 8 170
3 13 10 14 42
3 14 10 1 372
3 14 10 8 378
3 14 10 14 162
3 7 11 0 242
3 7 11 9 104
3 7 11 15 154
3 8 11 0 198
3 8 11 9 896
3 8 11 15 540
3 11 11 0 518
3 11 11 9 12
3 11 11 15 246
3 13 11 0 80
3 13 11 9 142
3 13 11 15 124
3 14 11 0 734
3 14 11 9 28
3 14 11 15 266
3 7 12 7 128
3 7 12 8 352
3 7 12 14 160
3 8 12 7 240
3 8 12 8 560
3 8 12 14 28
3 11 12 7 410
3 11 12 8 478
3 11 12 14 404
3 13 12 7 520
3 13 12 8 30
3 13 12 14 24
3 14 12 7 214
3 14 12 8 726
3 14 12 14 142
3 7 13 6 240
3 7 13 9 302
3 7 13 15 462
3 8 13 6 216
3 8 13 9 596
3 8 13 15 224
3 11 13 6 182
3 11 13 9 328
3 11 13 15 612
3 13 13 6 360
3 13 13 9 162
3 13 13 15 274
3 14 13 6 100
3 14 13 9 320
3 14 13 15 454
3 7 14 5 242
3 7 14 10 392
3 7 14 12 342
3 8 14 5 704
3 8 14 10 494
3 8 14 12 198
3 11 14 5 44
3 11 14 10 350
3 11 14 12 192
3 13 14 5 244
3 13 14 10 582
3 13 14 12 278
3 14 14 5 166
3 14 14 10 254
3 14 14 12 236
3 7 15 4 386
3 7 15 11 74
3 7 15 13 204
3 8 15 4 366
3 8 15 11 406
3 8 15 13 568
3 11 15 4 56
3 11 15 11 770
3 11 15 13 210
3 13 15 4 62
3 13 15 11 404
3 13 15 13 162
3 14 15 4 212
3 14 15 11 260
3 14 15 13 370
4 6 0 2 710
4 6 0 4 220
4 6 0 11 142
4 9 0 2 746
4 9 0 4 256
4 9 0 11 622
4 10 0 2 12
4 10 0 4 166
4 10 0 11 470
4 12 0 2 258
4 12 0 4 116
4 12 0 11 344
4 15 0 2 16
4 15 0 4 290
4 15 0 11 540
4 6 1 3 398
4 6 1 5 244
4 6 1 10 284
4 9 1 3 154
4 9 1 5 110
4 9 1 10 62
4 10 1 3 18
4 10 1 5 12
4 10 1 10 80
4 12 1 3 168
4 12 1 5 1260
4 12 1 10 58
4 15 1 3 282
4 15 1 5 736
4 15 1 10 480
4 6 2 0 242
4 6 2 6 328
4 6 2 9 188
4 9 2 0 456
4 9 2 6 138
4 9 2 9 86
4 10 2 0 202
4 10 2 6 502
4 10 2 9 172
4 12 2 0 42
4 12 2 6 44
4 12 2 9 320
4 15 2 0 174
4 15 2 6 40
4 15 2 9 426
4 6 3 1 518
4 6 3 7 232
4 6 3 8 488
4 9 3 1 6
4 9 3 7 290
4 9 3 8 264
4 10 3 1 282
4 10 3 7 448
4 10 3 8 82
4 12 3 1 76
4 12 3 7 244
4 12 3 8 1018
4 15 3 1 414
4 15 3 7 630
4 15 3 8 334
4 6 4 0 244
4 6 4 6 2
4 6 4 15 2
4 9 4 0 366
4 9 4 6 420
4 9 4 15 42
4 10 4 0 242
4 10 4 6 34
4 10 4 15 86
4 12 4 0 232
4 12 4 6 368
4 12 4 15 294
4 15 4 0 758
4 15 4 6 814
4 15 4 15 90
4 6 5 1 2
4 6 5 7 434
4 6 5 14 226
4 9 5 1 494
4 9 5 7 58
4 9 5 14 208
4 10 5 1 136
4 10 5 7 348
4 10 5 14 68
4 12 5 1 144
4 12 5 7 286
4 12 5 14 576
4 15 5 1 404
4 15 5 7 422
4 15 5 14 286
4 6 6 2 174
4 6 6 4 602
4 6 6 13 466
4 9 6 2 2
4 9 6 4 454
4 9 6 13 148
4 10 6 2 486
4 10 6 4 78
4 10 6 13 146
4 12 6 2 108
4 12 6 4 74
4 12 6 13 192
4 15 6 2 54
4 15 6 4 410
4 15 6 13 42
4 6 7 3 252
4 6 7 5 462
4 6 7 12 52
4 9 7 3 26
4 9 7 5 104
4 9 7 12 646
4 10 7 3 282
4 10 7 5 600
4 10 7 12 214
4 12 7 3 108
4 12 7 5 206
4 12 7 12 18
4 15 7 3 346
4 15 7 5 470
4 15 7 12 576
4 6 8 3 192
4 6 8 10 238
4 6 8 12 82
4 9 8 3 154
4 9 8 10 376
4 9 8 12 220
4 10 8 3 480
4 10 8 10 210
4 10 8 12 240
4 12 8 3 132
4 12 8 10 148
4 12 8 12 208
4 15 8 3 234
4 15 8 10 914
4 15 8 12 100
4 6 9 2 432
4 6 9 11 262
4 6 9 13 66
4 9 9 2 556
4 9 9 11 122
4 9 9 13 212
4 10 9 2 170
4 10 9 11 188
4 10 9 13 26
4 12 9 2 4
4 12 9 11 234
4 12 9 13 256
4 15 9 2 52
4 15 9 11 318
4 15 9 13 516
4 6 10 1 314
4 6 10 8 30
4 6 10 14 498
4 9 10 1 650
4 9 10 8 312
4 9 10 14 0
4 10 10 1 106
4 10 10 8 422
4 10 10 14 256
4 12 10 1 344
4 12 10 8 824
4 12 10 14 72
4 15 10 1 304
4 15 10 8 242
4 15 10 14 226
4 6 11 0 202
4 6 11 9 82
4 6 11 15 582
4 9 11 0 368
4 9 11 9 76
4 9 11 15 184
4 10 11 0 380
4 10 11 9 124
4 10 11 15 310
4 12 11 0 816
4 12 11 9 462
4 12 11 15 260
4 15 11 0 12
4 15 11 9 504
4 15 11 15 286
4 6 12 7 16
4 6 12 8 172
4 6 12 14 228
4 9 12 7 262
4 9 12 8 396
4 9 12 14 206
4 10 12 7 348
4 10 12 8 10
4 10 12 14 68
4 12 12 7 54
4 12 12 8 312
4 12 12 14 660
4 15 12 7 50
4 15 12 8 20
4 15 12 14 108
4 6 13 6 128
4 6 13 9 420
4 6 13 15 102
4 9 13 6 226
4 9 13 9 80
4 9 13 15 64
4 10 13 6 284
4 10 13 9 614
4 10 13 15 522
4 12 13 6 316
4 12 13 9 188
4 12 13 15 70
4 15 13 6 678
4 15 13 9 252
4 15 13 15 498
4 6 14 5 806
4 6 14 10 350
4 6 14 12 172
4 9 14 5 246
4 9 14 10 430
4 9 14 12 104
4 10 14 5 174
4 10 14 10 152
4 10 14 12 238
4 12 14 5 186
4 12 14 10 110
4 12 14 12 54
4 15 14 5 962
4 15 14 10 26
4 15 14 12 358
4 6 15 4 238
4 6 15 11 416
4 6 15 13 38
4 9 15 4 120
4 9 15 11 224
4 9 15 13 462
4 10 15 4 368
4 10 15 11 382
4 10 15 13 24
4 12 15 4 338
4 12 15 11 336
4 12 15 13 50
4 15 15 4 38
4 15 15 11 420
4 15 15 13 144
5 7 0 2 578
5 7 0 4 104
5 7 0 11 228
5 8 0 2 118
5 8 0 4 186
5 8 0 11 314
5 11 0 2 636
5 11 0 4 440
5 11 0 11 348
5 13 0 2 886
5 13 0 4 278
5 13 0 11 454
5 14 0 2 152
5 14 0 4 372
5 14 0 11 268
5 7 1 3 90
5 7 1 5 216
5 7 1 10 34
5 8 1 3 606
5 8 1 5 88
5 8 1 10 292
5 11 1 3 22
5 11 1 5 132
5 11 1 10 76
5 13 1 3 258
5 13 1 5 314
5 13 1 10 268
5 14 1 3 250
5 14 1 5 102
5 14 1 10 476
5 7 2 0 354
5 7 2 6 378
5 7 2 9 468
5 8 2 0 54
5 8 2 6 552
5 8 2 9 336
5 11 2 0 138
5 11 2 6 72
5 11 2 9 6
5 13 2 0 72
5 13 2 6 86
5 13 2 9 130
5 14 2 0 194
5 14 2 6 284
5 14 2 9 384
5 7 3 1 268
5 7 3 7 530
5 7 3 8 66
5 8 3 1 26
5 8 3 7 246
5 8 3 8 316
5 11 3 1 308
5 11 3 7 372
5 11 3 8 32
5 13 3 1 398
5 13 3 7 134
5 13 3 8 614
5 14 3 1 290
5 14 3 7 152
5 14 3 8 642
5 7 4 0 114
5 7 4 6 104
5 7 4 15 176
5 8 4 0 244
5 8 4 6 58
5 8 4 15 130
5 11 4 0 74
5 11 4 6 182
5 11 4 15 592
5 13 4 0 34
5 13 4 6 154
5 13 4 15 430
5 14 4 0 114
5 14 4 6 384
5 14 4 15 278
5 7 5 1 162
5 7 5 7 216
5 7 5 14 516
5 8 5 1 184
5 8 5 7 182
5 8 5 14 42
5 11 5 1 14
5 11 5 7 406
5 11 5 14 84
5 13 5 1 718
5 13 5 7 396
5 13 5 14 82
5 14 5 1 126
5 14 5 7 466
5 14 5 14 160
5 7 6 2 76
5 7 6 4 180
5 7 6 13 530
5 8 6 2 186
5 8 6 4 448
5 8 6 13 370
5 11 6 2 96
5 11 6 4 728
5 11 6 13 606
5 13 6 2 474
5 13 6 4 182
5 13 6 13 42
5 14 6 2 452
5 14 6 4 308
5 14 6 13 154
5 7 7 3 14
5 7 7 5 48
5 7 7 12 460
5 8 7 3 184
5 8 7 5 270
5 8 7 12 194
5 11 7 3 306
5 11 7 5 618
5 11 7 12 306
5 13 7 3 202
5 13 7 5 690
5 13 7 12 68
5 14 7 3 764
5 14 7 5 350
5 14 7 12 4
5 7 8 3 304
5 7 8 10 294
5 7 8 12 212
5 8 8 3 462
5 8 8 10 330
5 8 8 12 382
5 11 8 3 248
5 11 8 10 282
5 11 8 12 34
5 13 8 3 314
5 13 8 10 108
5 13 8 12 122
5 14 8 3 62
5 14 8 10 390
5 14 8 12 366
5 7 9 2 482
5 7 9 11 280
5 7 9 13 42
5 8 9 2 526
5 8 9 11 40
5 8 9 13 64
5 11 9 2 26
5 11 9 11 72
5 11 9 13 52
5 13 9 2 470
5 13 9 11 236
5 13 9 13 16
5 14 9 2 126
5 14 9 11 354
5 14 9 13 188
5 7 10 1 214
5 7 10 8 570
5 7 10 14 580
5 8 10 1 122
5 8 10 8 360
5 8 10 14 548
5 11 10 1 312
5 11 10 8 430
5 11 10 14 282
5 13 10 1 350
5 13 10 8 668
5 13 10 14 480
5 14 10 1 244
5 14 10 8 52
5 14 10 14 388
5 7 11 0 10
5 7 11 9 114
5 7 11 15 46
5 8 11 0 554
5 8 11 9 60
5 8 11 15 478
5 11 11 0 584
5 11 11 9 68
5 11 11 15 210
5 13 11 0 44
5 13 11 9 138
5 13 11 15 8
5 14 11 0 336
5 14 11 9 172
5 14 11 15 292
5 7 12 7 140
5 7 12 8 280
5 7 12 14 6
5 8 12 7 112
5 8 12 8 222
5 8 12 14 526
5 11 12 7 172
5 11 12 8 104
5 11 12 14 384
5 13 12 7 516
5 13 12 8 306
5 13 12 14 96
5 14 12 7 50
5 14 12 8 472
5 14 12 14 502
5 7 13 6 454
5 7 13 9 398
5 7 13 15 584
5 8 13 6 290
5 8 13 9 554
5 8 13 15 106
5 11 13 6 286
5 11 13 9 336
5 11 13 15 650
5 13 13 6 194
5 13 13 9 408
5 13 13 15 426
5 14 13 6 618
5 14 13 9 36
5 14 13 15 294
5 7 14 5 32
5 7 14 10 92
5 7 14 12 432
5 8 14 5 50
5 8 14 10 280
5 8 14 12 214
5 11 14 5 238
5 11 14 10 176
5 11 14 12 30
5 13 14 5 42
5 13 14 10 314
5 13 14 12 104
5 14 14 5 126
5 14 14 10 330
5 14 14 12 264
5 7 15 4 214
5 7 15 11 50
5 7 15 13 68
5 8 15 4 10
5 8 15 11 626
5 8 15 13 370
5 11 15 4 164
5 11 15 11 44
5 11 15 13 22
5 13 15 4 378
5 13 15 11 202
5 13 15 13 94
5 14 15 4 522
5 14 15 11 254
5 14 15 13 168
6 8 0 2 336
6 8 0 4 566
6 8 0 11 130
6 11 0 2 194
6 11 0 4 202
6 11 0 11 456
6 13 0 2 780
6 13 0 4 114
6 13 0 11 476
6 14 0 2 298
6 14 0 4 216
6 14 0 11 112
6 8 1 3 92
6 8 1 5 286
6 8 1 10 224
6 11 1 3 330
6 11 1 5 108
6 11 1 10 870
6 13 1 3 392
6 13 1 5 262
6 13 1 10 374
6 14 1 3 282
6 14 1 5 50
6 14 1 10 146
6 8 2 0 58
6 8 2 6 460
6 8 2 9 388
6 11 2 0 328
6 11 2 6 224
6 11 2 9 362
6 13 2 0 150
6 13 2 6 94
6 13 2 9 690
6 14 2 0 524
6 14 2 6 134
6 14 2 9 646
6 8 3 1 894
6 8 3 7 288
6 8 3 8 322
6 11 3 1 300
6 11 3 7 44
6 11 3 8 280
6 13 3 1 4
6 13 3 7 550
6 13 3 8 644
6 14 3 1 506
6 14 3 7 544
6 14 3 8 94
6 8 4 0 58
6 8 4 6 672
6 8 4 15 574
6 11 4 0 380
6 11 4 6 742
6 11 4 15 464
6 13 4 0 260
6 13 4 6 176
6 13 4 15 284
6 14 4 0 344
6 14 4 6 70
6 14 4 15 224
6 8 5 1 160
6 8 5 7 96
6 8 5 14 334
6 11 5 1 64
6 11 5 7 158
6 11 5 14 260
6 13 5 1 504
6 13 5 7 124
6 13 5 14 1092
6 14 5 1 58
6 14 5 7 214
6 14 5 14 104
6 8 6 2 68
6 8 6 4 552
6 8 6 13 22
6 11 6 2 200
6 11 6 4 342
6 11 6 13 574
6 13 6 2 62
6 13 6 4 146
6 13 6 13 30
6 14 6 2 86
6 14 6 4 44
6 14 6 13 100
6 8 7 3 86
6 8 7 5 608
6 8 7 12 228
6 11 7 3 150
6 11 7 5 94
6 11 7 12 162
6 13 7 3 286
6 13 7 5 188
6 13 7 12 554
6 14 7 3 1208
6 14 7 5 38
6 14 7 12 428
6 8 8 3 510
6 8 8 10 232
6 8 8 12 384
6 11 8 3 252
6 11 8 10 370
6 11 8 12 276
6 13 8 3 216
6 13 8 10 522
6 13 8 12 106
6 14 8 3 706
6 14 8 10 16
6 14 8 12 252
6 8 9 2 976
6 8 9 11 232
6 8 9 13 178
6 11 9 2 260
6 11 9 11 378
6 11 9 13 48
6 13 9 2 356
6 13 9 11 176
6 13 9 13 144
6 14 9 2 94
6 14 9 11 228
6 14 9 13 120
6 8 10 1 388
6 8 10 8 536
6 8 10 14 134
6 11 10 1 790
6 11 10 8 688
6 11 10 14 178
6 13 10 1 34
6 13 10 8 504
6 13 10 14 568
6 14 10 1 302
6 14 10 8 310
6 14 10 14 204
6 8 11 0 776
6 8 11 9 58
6 8 11 15 132
6 11 11 0 62
6 11 11 9 228
6 11 11 15 730
6 13 11 0 580
6 13 11 9 548
6 13 11 15 172
6 14 11 0 140
6 14 11 9 128
6 14 11 15 362
6 8 12 7 38
6 8 12 8 384
6 8 12 14 4
6 11 12 7 92
6 11 12 8 450
6 11 12 14 58
6 13 12 7 732
6 13 12 8 232
6 13 12 14 154
6 14 12 7 108
6 14 12 8 378
6 14 12 14 520
6 8 13 6 206
6 8 13 9 132
6 8 13 15 54
6 11 13 6 456
6 11 13 9 146
6 11 13 15 368
6 13 13 6 104
6 13 13 9 364
6 13 13 15 60
6 14 13 6 882
6 14 13 9 658
6 14 13 15 500
6 8 14 5 154
6 8 14 10 308
6 8 14 12 584
6 11 14 5 104
6 11 14 10 208
6 11 14 12 66
6 13 14 5 358
6 13 14 10 440
6 13 14 12 160
6 14 14 5 316
6 14 14 10 386
6 14 14 12 260
6 8 15 4 228
6 8 15 11 676
6 8 15 13 234
6 11 15 4 634
6 11 15 11 520
6 11 15 13 328
6 13 15 4 720
6 13 15 11 52
6 13 15 13 88
6 14 15 4 148
6 14 15 11 66
6 14 15 13 20
7 9 0 2 316
7 9 0 4 264
7 9 0 11 14
7 10 0 2 364
7 10 0 4 712
7 10 0 11 92
7 12 0 2 806
7 12 0 4 178
7 12 0 11 20
7 15 0 2 234
7 15 0 4 324
7 15 0 11 50
7 9 1 3 80
7 9 1 5 496
7 9 1 10 338
7 10 1 3 434
7 10 1 5 122
7 10 1 10 242
7 12 1 3 98
7 12 1 5 438
7 12 1 10 396
7 15 1 3 556
7 15 1 5 320
7 15 1 10 374
7 9 2 0 362
7 9 2 6 176
7 9 2 9 410
7 10 2 0 218
7 10 2 6 682
7 10 2 9 228
7 12 2 0 104
7 12 2 6 712
7 12 2 9 488
7 15 2 0 104
7 15 2 6 646
7 15 2 9 536
7 9 3 1 850
7 9 3 7 188
7 9 3 8 42
7 10 3 1 8
7 10 3 7 804
7 10 3 8 588
7 12 3 1 34
7 12 3 7 174
7 12 3 8 132
7 15 3 1 72
7 15 3 7 306
7 15 3 8 14
7 9 4 0 422
7 9 4 6 330
7 9 4 15 376
7 10 4 0 456
7 10 4 6 38
7 10 4 15 278
7 12 4 0 202
7 12 4 6 356
7 12 4 15 368
7 15 4 0 210
7 15 4 6 1168
7 15 4 15 78
7 9 5 1 52
7 9 5 7 772
7 9 5 14 168
7 10 5 1 234
7 10 5 7 308
7 10 5 14 858
7 12 5 1 334
7 12 5 7 820
7 12 5 14 350
7 15 5 1 286
7 15 5 7 228
7 15 5 14 172
7 9 6 2 346
7 9 6 4 778
7 9 6 13 0
7 10 6 2 290
7 10 6 4 538
7 10 6 13 300
7 12 6 2 184
7 12 6 4 138
7 12 6 13 116
7 15 6 2 252
7 15 6 4 564
7 15 6 13 382
7 9 7 3 448
7 9 7 5 360
7 9 7 12 80
7 10 7 3 44
7 10 7 5 368
7 10 7 12 198
7 12 7 3 310
7 12 7 5 256
7 12 7 12 134
7 15 7 3 128
7 15 7 5 66
7 15 7 12 368
7 9 8 3 590
7 9 8 10 78
7 9 8 12 94
7 10 8 3 332
7 10 8 10 504
7 10 8 12 662
7 12 8 3 298
7 12 8 10 100
7 12 8 12 90
7 15 8 3 302
7 15 8 10 134
7 15 8 12 304
7 9 9 2 316
7 9 9 11 326
7 9 9 13 56
7 10 9 2 116
7 10 9 11 332
7 10 9 13 258
7 12 9 2 48
7 12 9 11 46
7 12 9 13 56
7 15 9 2 264
7 15 9 11 310
7 15 9 13 26
7 9 10 1 106
7 9 10 8 2
7 9 10 14 86
7 10 10 1 384
7 10 10 8 948
7 10 10 14 244
7 12 10 1 206
7 12 10 8 50
7 12 10 14 234
7 15 10 1 292
7 15 10 8 354
7 15 10 14 78
7 9 11 0 596
7 9 11 9 30
7 9 11 15 402
7 10 11 0 116
7 10 11 9 406
7 10 11 15 1074
7 12 11 0 194
7 12 11 9 396
7 12 11 15 272
7 15 11 0 8
7 15 11 9 160
7 15 11 15 578
7 9 12 7 58
7 9 12 8 786
7 9 12 14 152
7 10 12 7 4
7 10 12 8 152
7 10 12 14 132
7 12 12 7 26
7 12 12 8 88
7 12 12 14 120
7 15 12 7 92
7 15 12 8 270
7 15 12 14 88
7 9 13 6 418
7 9 13 9 196
7 9 13 15 84
7 10 13 6 140
7 10 13 9 192
7 10 13 15 290
7 12 13 6 504
7 12 13 9 310
7 12 13 15 172
7 15 13 6 62
7 15 13 9 568
7 15 13 15 84
7 9 14 5 16
7 9 14 10 734
7 9 14 12 68
7 10 14 5 94
7 10 14 10 414
7 10 14 12 162
7 12 14 5 270
7 12 14 10 12
7 12 14 12 210
7 15 14 5 262
7 15 14 10 728
7 15 14 12 104
7 9 15 4 512
7 9 15 11 124
7 9 15 13 464
7 10 15 4 370
7 10 15 11 38
7 10 15 13 490
7 12 15 4 458
7 12 15 11 70
7 12 15 13 222
7 15 15 4 270
7 15 15 11 30
7 15 15 13 586
8 10 0 2 438
8 10 0 4 188
8 10 0 11 128
8 12 0 2 506
8 12 0 4 734
8 12 0 11 518
8 10 1 3 344
8 10 1 5 84
8 10 1 10 330
8 12 1 3 266
8 12 1 5 432
8 12 1 10 598
8 10 2 0 332
8 10 2 6 974
8 10 2 9 250
8 12 2 0 390
8 12 2 6 240
8 12 2 9 18
8 10 3 1 606
8 10 3 7 30
8 10 3 8 544
8 12 3 1 338
8 12 3 7 658
8 12 3 8 222
8 10 4 0 546
8 10 4 6 488
8 10 4 15 366
8 12 4 0 172
8 12 4 6 586
8 12 4 15 132
8 10 5 1 172
8 10 5 7 2954
8 10 5 14 62
8 12 5 1 152
8 12 5 7 6
8 12 5 14 98
8 10 6 2 422
8 10 6 4 16
8 10 6 13 302
8 12 6 2 458
8 12 6 4 376
8 12 6 13 136
8 10 7 3 202
8 10 7 5 2130
8 10 7 12 446
8 12 7 3 984
8 12 7 5 8
8 12 7 12 418
8 10 8 3 722
8 10 8 10 322
8 10 8 12 12
8 12 8 3 194
8 12 8 10 654
8 12 8 12 254
8 10 9 2 56
8 10 9 11 444
8 10 9 13 460
8 12 9 2 604
8 12 9 11 478
8 12 9 13 12
8 10 10 1 126
8 10 10 8 28
8 10 10 14 288
8 12 10 1 568
8 12 10 8 266
8 12 10 14 102
8 10 11 0 12
8 10 11 9 860
8 10 11 15 616
8 12 11 0 782
8 12 11 9 320
8 12 11 15 520
8 10 12 7 196
8 10 12 8 42
8 10 12 14 6
8 12 12 7 382
8 12 12 8 344
8 12 12 14 168
8 10 13 6 106
8 10 13 9 162
8 10 13 15 310
8 12 13 6 420
8 12 13 9 142
8 12 13 15 886
8 10 14 5 544
8 10 14 10 272
8 10 14 12 220
8 12 14 5 648
8 12 14 10 260
8 12 14 12 442
8 10 15 4 108
8 10 15 11 496
8 10 15 13 228
8 12 15 4 144
8 12 15 11 694
8 12 15 13 314
9 11 0 2 240
9 11 0 4 164
9 11 0 11 352
9 13 0 2 440
9 13 0 4 476
9 13 0 11 148
9 11 1 3 174
9 11 1 5 228
9 11 1 10 366
9 13 1 3 776
9 13 1 5 54
9 13 1 10 436
9 11 2 0 6
9 11 2 6 162
9 11 2 9 488
9 13 2 0 532
9 13 2 6 524
9 13 2 9 132
9 11 3 1 68
9 11 3 7 428
9 11 3 8 96
9 13 3 1 460
9 13 3 7 170
9 13 3 8 380
9 11 4 0 464
9 11 4 6 742
9 11 4 15 80
9 13 4 0 686
9 13 4 6 428
9 13 4 15 284
9 11 5 1 126
9 11 5 7 362
9 11 5 14 292
9 13 5 1 268
9 13 5 7 268
9 13 5 14 418
9 11 6 2 140
9 11 6 4 648
9 11 6 13 144
9 13 6 2 368
9 13 6 4 192
9 13 6 13 234
9 11 7 3 106
9 11 7 5 238
9 11 7 12 364
9 13 7 3 458
9 13 7 5 478
9 13 7 12 120
9 11 8 3 152
9 11 8 10 52
9 11 8 12 72
9 13 8 3 474
9 13 8 10 34
9 13 8 12 82
9 11 9 2 512
9 11 9 11 164
9 11 9 13 224
9 13 9 2 50
9 13 9 11 366
9 13 9 13 714
9 11 10 1 434
9 11 10 8 452
9 11 10 14 204
9 13 10 1 366
9 13 10 8 260
9 13 10 14 116
9 11 11 0 694
9 11 11 9 130
9 11 11 15 518
9 13 11 0 392
9 13 11 9 182
9 13 11 15 284
9 11 12 7 40
9 11 12 8 320
9 11 12 14 330
9 13 12 7 380
9 13 12 8 452
9 13 12 14 252
9 11 13 6 468
9 11 13 9 112
9 11 13 15 226
9 13 13 6 170
9 13 13 9 272
9 13 13 15 102
9 11 14 5 4
9 11 14 10 768
9 11 14 12 126
9 13 14 5 426
9 13 14 10 318
9 13 14 12 258
9 11 15 4 148
9 11 15 11 68
9 11 15 13 66
9 13 15 4 372
9 13 15 11 314
9 13 15 13 692
10 14 0 2 368
10 14 0 4 204
10 14 0 11 252
10 14 1 3 70
10 14 1 5 520
10 14 1 10 966
10 14 2 0 580
10 14 2 6 226
10 14 2 9 172
10 14 3 1 354
10 14 3 7 592
10 14 3 8 230
10 14 4 0 84
10 14 4 6 26
10 14 4 15 556
10 14 5 1 278
10 14 5 7 812
10 14 5 14 220
10 14 6 2 350
10 14 6 4 116
10 14 6 13 638
10 14 7 3 114
10 14 7 5 256
10 14 7 12 30
10 14 8 3 38
10 14 8 10 50
10 14 8 12 344
10 14 9 2 34
10 14 9 11 208
10 14 9 13 250
10 14 10 1 154
10 14 10 8 110
10 14 10 14 52
10 14 11 0 130
10 14 11 9 380
10 14 11 15 266
10 14 12 7 62
10 14 12 8 1026
10 14 12 14 350
10 14 13 6 126
10 14 13 9 572
10 14 13 15 170
10 14 14 5 132
10 14 14 10 98
10 14 14 12 70
10 14 15 4 714
10 14 15 11 698
10 14 15 13 480
11 15 0 2 560
11 15 0 4 252
11 15 0 11 132
11 15 1 3 292
11 15 1 5 220
11 15 1 10 866
11 15 2 0 628
11 15 2 6 178
11 15 2 9 806
11 15 3 1 500
11 15 3 7 132
11 15 3 8 376
11 15 4 0 150
11 15 4 6 94
11 15 4 15 556
11 15 5 1 830
11 15 5 7 14
11 15 5 14 320
11 15 6 2 632
11 15 6 4 210
11 15 6 13 46
11 15 7 3 194
11 15 7 5 314
11 15 7 12 142
11 15 8 3 6
11 15 8 10 114
11 15 8 12 86
11 15 9 2 28
11 15 9 11 22
11 15 9 13 312
11 15 10 1 394
11 15 10 8 410
11 15 10 14 240
11 15 11 0 178
11 15 11 9 680
11 15 11 15 614
11 15 12 7 310
11 15 12 8 14
11 15 12 14 236
11 15 13 6 654
11 15 13 9 164
11 15 13 15 212
11 15 14 5 72
11 15 14 10 594
11 15 14 12 518
11 15 15 4 140
11 15 15 11 44
11 15 15 13 222
12 14 0 2 190
12 14 0 4 6
12 14 0 11 518
12 14 1 3 430
12 14 1 5 288
12 14 1 10 608
12 14 2 0 614
12 14 2 6 4
12 14 2 9 436
12 14 3 1 184
12 14 3 7 198
12 14 3 8 188
12 14 4 0 450
12 14 4 6 64
12 14 4 15 562
12 14 5 1 8
12 14 5 7 456
12 14 5 14 426
12 14 6 2 40
12 14 6 4 2
12 14 6 13 472
12 14 7 3 208
12 14 7 5 248
12 14 7 12 292
12 14 8 3 518
12 14 8 10 112
12 14 8 12 40
12 14 9 2 302
12 14 9 11 260
12 14 9 13 26
12 14 10 1 46
12 14 10 8 512
12 14 10 14 274
12 14 11 0 500
12 14 11 9 168
12 14 11 15 596
12 14 12 7 4
12 14 12 8 298
12 14 12 14 528
12 14 13 6 400
12 14 13 9 528
12 14 13 15 510
12 14 14 5 436
12 14 14 10 370
12 14 14 12 368
12 14 15 4 134
12 14 15 11 422
12 14 15 13 330
13 15 0 2 44
13 15 0 4 216
13 15 0 11 322
13 15 1 3 20
13 15 1 5 272
13 15 1 10 294
13 15 2 0 438
13 15 2 6 18
13 15 2 9 218
13 15 3 1 238
13 15 3 7 190
13 15 3 8 440
13 15 4 0 62
13 15 4 6 518
13 15 4 15 850
13 15 5 1 206
13 15 5 7 366
13 15 5 14 302
13 15 6 2 410
13 15 6 4 104
13 15 6 13 156
13 15 7 3 104
13 15 7 5 202
13 15 7 12 174
13 15 8 3 6
13 15 8 10 314
13 15 8 12 286
13 15 9 2 584
13 15 9 11 314
13 15 9 13 186
13 15 10 1 278
13 15 10 8 204
13 15 10 14 272
13 15 11 0 36
13 15 11 9 504
13 15 11 15 128
13 15 12 7 82
13 15 12 8 236
13 15 12 14 708
13 15 13 6 122
13 15 13 9 214
13 15 13 15 346
13 15 14 5 86
13 15 14 10 380
13 15 14 12 154
13 15 15 4 218
13 15 15 11 1036
13 15 15 13 158
