# KEY left=0x3a right=0x1b
# GOOD_PAIRS_BEGIN count=2
# GOOD_PAIR 0xdb 0xff
# GOOD_PAIR 0xdf 0xfb
# GOOD_PAIRS_END
0 2 0 2 558
0 2 0 4 136
0 2 0 11 194
0 4 0 2 758
0 4 0 4 14
0 4 0 11 68
0 8 0 2 328
0 8 0 4 326
0 8 0 11 116
0 11 0 2 140
0 11 0 4 482
0 11 0 11 52
0 13 0 2 1024
0 13 0 4 98
0 13 0 11 442
0 14 0 2 252
0 14 0 4 616
0 14 0 11 192
0 2 1 3 324
0 2 1 5 100
0 2 1 10 96
0 4 1 3 2
0 4 1 5 206
0 4 1 10 184
0 8 1 3 34
0 8 1 5 662
0 8 1 10 280
0 11 1 3 98
0 11 1 5 58
0 11 1 10 216
0 13 1 3 356
0 13 1 5 120
0 13 1 10 6
0 14 1 3 102
0 14 1 5 340
0 14 1 10 426
0 2 2 0 376
0 2 2 6 256
0 2 2 9 242
0 4 2 0 414
0 4 2 6 284
0 4 2 9 2
0 8 2 0 202
0 8 2 6 144
0 8 2 9 372
0 11 2 0 244
0 11 2 6 76
0 11 2 9 190
0 13 2 0 6
0 13 2 6 142
0 13 2 9 180
0 14 2 0 684
0 14 2 6 18
0 14 2 9 64
0 2 3 1 30
0 2 3 7 206
0 2 3 8 618
0 4 3 1 422
0 4 3 7 94
0 4 3 8 424
0 8 3 1 6
0 8 3 7 336
0 8 3 8 112
0 11 3 1 370
0 11 3 7 296
0 11 3 8 508
0 13 3 1 146
0 13 3 7 612
0 13 3 8 400
0 14 3 1 400
0 14 3 7 220
0 14 3 8 116
0 2 4 0 194
0 2 4 6 76
0 2 4 15 138
0 4 4 0 72
0 4 4 6 32
0 4 4 15 392
0 8 4 0 736
0 8 4 6 468
0 8 4 15 250
0 11 4 0 12
0 11 4 6 608
0 11 4 15 370
0 13 4 0 248
0 13 4 6 600
0 13 4 15 408
0 14 4 0 32
0 14 4 6 220
0 14 4 15 150
0 2 5 1 216
0 2 5 7 612
0 2 5 14 280
0 4 5 1 338
0 4 5 7 98
0 4 5 14 294
0 8 5 1 16
0 8 5 7 634
0 8 5 14 166
0 11 5 1 30
0 11 5 7 46
0 11 5 14 230
0 13 5 1 684
0 13 5 7 578
0 13 5 14 366
0 14 5 1 624
0 14 5 7 194
0 14 5 14 292
0 2 6 2 316
0 2 6 4 126
0 2 6 13 140
0 4 6 2 194
0 4 6 4 26
0 4 6 13 298
0 8 6 2 238
0 8 6 4 22
0 8 6 13 300
0 11 6 2 188
0 11 6 4 358
0 11 6 13 64
0 13 6 2 272
0 13 6 4 274
0 13 6 13 36
0 14 6 2 474
0 14 6 4 98
0 14 6 13 402
0 2 7 3 62
0 2 7 5 150
0 2 7 12 776
0 4 7 3 406
0 4 7 5 732
0 4 7 12 236
0 8 7 3 282
0 8 7 5 472
0 8 7 12 2
0 11 7 3 328
0 11 7 5 658
0 11 7 12 434
0 13 7 3 644
0 13 7 5 80
0 13 7 12 152
0 14 7 3 752
0 14 7 5 152
0 14 7 12 418
0 2 8 3 482
0 2 8 10 172
0 2 8 12 6
0 4 8 3 600
0 4 8 10 530
0 4 8 12 212
0 8 8 3 32
0 8 8 10 410
0 8 8 12 450
0 11 8 3 406
0 11 8 10 892
0 11 8 12 758
0 13 8 3 152
0 13 8 10 172
0 13 8 12 70
0 14 8 3 540
0 14 8 10 682
0 14 8 12 296
0 2 9 2 114
0 2 9 11 22
0 2 9 13 708
0 4 9 2 64
0 4 9 11 540
0 4 9 13 66
0 8 9 2 160
0 8 9 11 542
0 8 9 13 116
0 11 9 2 218
0 11 9 11 186
0 11 9 13 198
0 13 9 2 714
0 13 9 11 270
0 13 9 13 196
0 14 9 2 568
0 14 9 11 278
0 14 9 13 60
0 2 10 1 58
0 2 10 8 140
0 2 10 14 298
0 4 10 1 398
0 4 10 8 526
0 4 10 14 392
0 8 10 1 36
0 8 10 8 442
0 8 10 14 218
0 11 10 1 298
0 11 10 8 32
0 11 10 14 196
0 13 10 1 294
0 13 10 8 674
0 13 10 14 300
0 14 10 1 504
0 14 10 8 840
0 14 10 14 18
0 2 11 0 52
0 2 11 9 164
0 2 11 15 110
0 4 11 0 286
0 4 11 9 320
0 4 11 15 20
0 8 11 0 730
0 8 11 9 170
0 8 11 15 500
0 11 11 0 192
0 11 11 9 374
0 11 11 15 50
0 13 11 0 276
0 13 11 9 190
0 13 11 15 576
0 14 11 0 594
0 14 11 9 570
0 14 11 15 84
0 2 12 7 372
0 2 12 8 374
0 2 12 14 262
0 4 12 7 476
0 4 12 8 268
0 4 12 14 228
0 8 12 7 50
0 8 12 8 192
0 8 12 14 368
0 11 12 7 222
0 11 12 8 678
0 11 12 14 238
0 13 12 7 426
0 13 12 8 314
0 13 12 14 906
0 14 12 7 168
0 14 12 8 66
0 14 12 14 118
0 2 13 6 756
0 2 13 9 10
0 2 13 15 248
0 4 13 6 122
0 4 13 9 226
0 4 13 15 144
0 8 13 6 244
0 8 13 9 568
0 8 13 15 50
0 11 13 6 188
0 11 13 9 108
0 11 13 15 748
0 13 13 6 230
0 13 13 9 194
0 13 13 15 1142
0 14 13 6 160
0 14 13 9 242
0 14 13 15 300
0 2 14 5 10
0 2 14 10 346
0 2 14 12 440
0 4 14 5 48
0 4 14 10 386
0 4 14 12 380
0 8 14 5 258
0 8 14 10 340
0 8 14 12 96
0 11 14 5 464
0 11 14 10 222
0 11 14 12 346
0 13 14 5 202
0 13 14 10 20
0 13 14 12 502
0 14 14 5 58
0 14 14 10 214
0 14 14 12 86
0 2 15 4 28
0 2 15 11 274
0 2 15 13 494
0 4 15 4 376
0 4 15 11 406
0 4 15 13 432
0 8 15 4 114
0 8 15 11 236
0 8 15 13 694
0 11 15 4 134
0 11 15 11 178
0 11 15 13 366
0 13 15 4 378
0 13 15 11 164
0 13 15 13 304
0 14 15 4 104
0 14 15 11 54
0 14 15 13 500
1 3 0 2 312
1 3 0 4 742
1 3 0 11 272
1 5 0 2 64
1 5 0 4 416
1 5 0 11 44
1 9 0 2 292
1 9 0 4 342
1 9 0 11 242
1 10 0 2 78
1 10 0 4 180
1 10 0 11 256
1 12 0 2 358
1 12 0 4 10
1 12 0 11 196
1 15 0 2 480
1 15 0 4 268
1 15 0 11 112
1 3 1 3 40
1 3 1 5 54
1 3 1 10 610
1 5 1 3 752
1 5 1 5 654
1 5 1 10 174
1 9 1 3 946
1 9 1 5 318
1 9 1 10 658
1 10 1 3 364
1 10 1 5 94
1 10 1 10 354
1 12 1 3 40
1 12 1 5 658
1 12 1 10 628
1 15 1 3 330
1 15 1 5 304
1 15 1 10 706
1 3 2 0 390
1 3 2 6 254
1 3 2 9 224
1 5 2 0 1116
1 5 2 6 452
1 5 2 9 64
1 9 2 0 424
1 9 2 6 272
1 9 2 9 596
1 10 2 0 196
1 10 2 6 414
1 10 2 9 58
1 12 2 0 58
1 12 2 6 778
1 12 2 9 522
1 15 2 0 26
1 15 2 6 130
1 15 2 9 586
1 3 3 1 122
1 3 3 7 136
1 3 3 8 454
1 5 3 1 102
1 5 3 7 398
1 5 3 8 250
1 9 3 1 112
1 9 3 7 166
1 9 3 8 360
1 10 3 1 192
1 10 3 7 290
1 10 3 8 344
1 12 3 1 252
1 12 3 7 88
1 12 3 8 260
1 15 3 1 708
1 15 3 7 516
1 15 3 8 528
1 3 4 0 92
1 3 4 6 844
1 3 4 15 122
1 5 4 0 486
1 5 4 6 262
1 5 4 15 724
1 9 4 0 364
1 9 4 6 154
1 9 4 15 310
1 10 4 0 68
1 10 4 6 168
1 10 4 15 102
1 12 4 0 324
1 12 4 6 78
1 12 4 15 428
1 15 4 0 92
1 15 4 6 104
1 15 4 15 240
1 3 5 1 2
1 3 5 7 724
1 3 5 14 418
1 5 5 1 220
1 5 5 7 290
1 5 5 14 286
1 9 5 1 140
1 9 5 7 88
1 9 5 14 80
1 10 5 1 24
1 10 5 7 160
1 10 5 14 282
1 12 5 1 472
1 12 5 7 160
1 12 5 14 46
1 15 5 1 84
1 15 5 7 80
1 15 5 14 276
1 3 6 2 692
1 3 6 4 478
1 3 6 13 134
1 5 6 2 94
1 5 6 4 94
1 5 6 13 400
1 9 6 2 190
1 9 6 4 280
1 9 6 13 586
1 10 6 2 180
1 10 6 4 576
1 10 6 13 312
1 12 6 2 176
1 12 6 4 642
1 12 6 13 182
1 15 6 2 40
1 15 6 4 434
1 15 6 13 6
1 3 7 3 104
1 3 7 5 444
1 3 7 12 898
1 5 7 3 132
1 5 7 5 284
1 5 7 12 294
1 9 7 3 264
1 9 7 5 358
1 9 7 12 20
1 10 7 3 368
1 10 7 5 698
1 10 7 12 384
1 12 7 3 500
1 12 7 5 156
1 12 7 12 138
1 15 7 3 1116
1 15 7 5 628
1 15 7 12 396
1 3 8 3 6
1 3 8 10 680
1 3 8 12 246
1 5 8 3 470
1 5 8 10 302
1 5 8 12 502
1 9 8 3 392
1 9 8 10 342
1 9 8 12 172
1 10 8 3 116
1 10 8 10 114
1 10 8 12 642
1 12 8 3 518
1 12 8 10 144
1 12 8 12 100
1 15 8 3 300
1 15 8 10 440
1 15 8 12 56
1 3 9 2 118
1 3 9 11 144
1 3 9 13 856
1 5 9 2 356
1 5 9 11 550
1 5 9 13 62
1 9 9 2 708
1 9 9 11 16
1 9 9 13 162
1 10 9 2 256
1 10 9 11 240
1 10 9 13 76
1 12 9 2 332
1 12 9 11 322
1 12 9 13 24
1 15 9 2 452
1 15 9 11 320
1 15 9 13 736
1 3 10 1 386
1 3 10 8 234
1 3 10 14 436
1 5 10 1 510
1 5 10 8 214
1 5 10 14 106
1 9 10 1 454
1 9 10 8 190
1 9 10 14 92
1 10 10 1 394
1 10 10 8 508
1 10 10 14 208
1 12 10 1 408
1 12 10 8 44
1 12 10 14 136
1 15 10 1 100
1 15 10 8 212
1 15 10 14 40
1 3 11 0 402
1 3 11 9 462
1 3 11 15 214
1 5 11 0 254
1 5 11 9 452
1 5 11 15 16
1 9 11 0 40
1 9 11 9 358
1 9 11 15 134
1 10 11 0 414
1 10 11 9 162
1 10 11 15 464
1 12 11 0 86
1 12 11 9 662
1 12 11 15 668
1 15 11 0 506
1 15 11 9 800
1 15 11 15 670
1 3 12 7 346
1 3 12 8 250
1 3 12 14 54
1 5 12 7 472
1 5 12 8 470
1 5 12 14 498
1 9 12 7 118
1 9 12 8 158
1 9 12 14 454
1 10 12 7 76
1 10 12 8 312
1 10 12 14 286
1 12 12 7 474
1 12 12 8 376
1 12 12 14 420
1 15 12 7 490
1 15 12 8 232
1 15 12 14 222
1 3 13 6 76
1 3 13 9 74
1 3 13 15 452
1 5 13 6 182
1 5 13 9 422
1 5 13 15 174
1 9 13 6 322
1 9 13 9 66
1 9 13 15 72
1 10 13 6 38
1 10 13 9 256
1 10 13 15 96
1 12 13 6 716
1 12 13 9 306
1 12 13 15 134
1 15 13 6 18
1 15 13 9 324
1 15 13 15 232
1 3 14 5 994
1 3 14 10 600
1 3 14 12 226
1 5 14 5 278
1 5 14 10 112
1 5 14 12 554
1 9 14 5 24
1 9 14 10 858
1 9 14 12 222
1 10 14 5 118
1 10 14 10 424
1 10 14 12 304
1 12 14 5 120
1 12 14 10 148
1 12 14 12 700
1 15 14 5 284
1 15 14 10 196
1 15 14 12 266
1 3 15 4 312
1 3 15 11 168
1 3 15 13 494
1 5 15 4 260
1 5 15 11 774
1 5 15 13 154
1 9 15 4 468
1 9 15 11 148
1 9 15 13 28
1 10 15 4 6
1 10 15 11 72
1 10 15 13 194
1 12 15 4 842
1 12 15 11 582
1 12 15 13 764
1 15 15 4 48
1 15 15 11 386
1 15 15 13 346
2 6 0 2 152
2 6 0 4 196
2 6 0 11 250
2 9 0 2 108
2 9 0 4 68
2 9 0 11 122
2 10 0 2 144
2 10 0 4 192
2 10 0 11 218
2 12 0 2 52
2 12 0 4 310
2 12 0 11 234
2 15 0 2 214
2 15 0 4 600
2 15 0 11 102
2 6 1 3 110
2 6 1 5 640
2 6 1 10 100
2 9 1 3 316
2 9 1 5 52
2 9 1 10 172
2 10 1 3 366
2 10 1 5 332
2 10 1 10 564
2 12 1 3 270
2 12 1 5 650
2 12 1 10 56
2 15 1 3 540
2 15 1 5 334
2 15 1 10 236
2 6 2 0 676
2 6 2 6 230
2 6 2 9 800
2 9 2 0 526
2 9 2 6 162
2 9 2 9 242
2 10 2 0 608
2 10 2 6 2
2 10 2 9 590
2 12 2 0 82
2 12 2 6 224
2 12 2 9 376
2 15 2 0 536
2 15 2 6 38
2 15 2 9 18
2 6 3 1 356
2 6 3 7 200
2 6 3 8 320
2 9 3 1 194
2 9 3 7 460
2 9 3 8 286
2 10 3 1 200
2 10 3 7 324
2 10 3 8 276
2 12 3 1 664
2 12 3 7 56
2 12 3 8 306
2 15 3 1 386
2 15 3 7 154
2 15 3 8 176
2 6 4 0 524
2 6 4 6 388
2 6 4 15 128
2 9 4 0 38
2 9 4 6 626
2 9 4 15 376
2 10 4 0 96
2 10 4 6 298
2 10 4 15 478
2 12 4 0 574
2 12 4 6 36
2 12 4 15 206
2 15 4 0 202
2 15 4 6 168
2 15 4 15 290
2 6 5 1 506
2 6 5 7 150
2 6 5 14 94
2 9 5 1 186
2 9 5 7 502
2 9 5 14 138
2 10 5 1 86
2 10 5 7 494
2 10 5 14 524
2 12 5 1 206
2 12 5 7 278
2 12 5 14 90
2 15 5 1 124
2 15 5 7 164
2 15 5 14 436
2 6 6 2 96
2 6 6 4 138
2 6 6 13 26
2 9 6 2 206
2 9 6 4 34
2 9 6 13 46
2 10 6 2 188
2 10 6 4 476
2 10 6 13 326
2 12 6 2 510
2 12 6 4 346
2 12 6 13 606
2 15 6 2 90
2 15 6 4 118
2 15 6 13 182
2 6 7 3 412
2 6 7 5 508
2 6 7 12 412
2 9 7 3 2
2 9 7 5 206
2 9 7 12 378
2 10 7 3 328
2 10 7 5 438
2 10 7 12 102
2 12 7 3 310
2 12 7 5 10
2 12 7 12 168
2 15 7 3 450
2 15 7 5 542
2 15 7 12 336
2 6 8 3 232
2 6 8 10 68
2 6 8 12 646
2 9 8 3 372
2 9 8 10 408
2 9 8 12 304
2 10 8 3 268
2 10 8 10 406
2 10 8 12 148
2 12 8 3 756
2 12 8 10 410
2 12 8 12 152
2 15 8 3 328
2 15 8 10 228
2 15 8 12 794
2 6 9 2 254
2 6 9 11 42
2 6 9 13 108
2 9 9 2 454
2 9 9 11 306
2 9 9 13 316
2 10 9 2 462
2 10 9 11 856
2 10 9 13 334
2 12 9 2 42
2 12 9 11 330
2 12 9 13 168
2 15 9 2 316
2 15 9 11 684
2 15 9 13 286
2 6 10 1 318
2 6 10 8 26
2 6 10 14 242
2 9 10 1 122
2 9 10 8 252
2 9 10 14 450
2 10 10 1 120
2 10 10 8 186
2 10 10 14 422
2 12 10 1 230
2 12 10 8 34
2 12 10 14 288
2 15 10 1 740
2 15 10 8 590
2 15 10 14 34
2 6 11 0 240
2 6 11 9 250
2 6 11 15 348
2 9 11 0 336
2 9 11 9 798
2 9 11 15 338
2 10 11 0 90
2 10 11 9 304
2 10 11 15 276
2 12 11 0 202
2 12 11 9 52
2 12 11 15 518
2 15 11 0 424
2 15 11 9 32
2 15 11 15 278
2 6 12 7 320
2 6 12 8 424
2 6 12 14 472
2 9 12 7 798
2 9 12 8 432
2 9 12 14 412
2 10 12 7 132
2 10 12 8 12
2 10 12 14 338
2 12 12 7 540
2 12 12 8 20
2 12 12 14 168
2 15 12 7 30
2 15 12 8 282
2 15 12 14 14
2 6 13 6 446
2 6 13 9 464
2 6 13 15 90
2 9 13 6 0
2 9 13 9 232
2 9 13 15 302
2 10 13 6 488
2 10 13 9 242
2 10 13 15 46
2 12 13 6 518
2 12 13 9 176
2 12 13 15 594
2 15 13 6 178
2 15 13 9 290
2 15 13 15 400
2 6 14 5 58
2 6 14 10 796
2 6 14 12 226
2 9 14 5 296
2 9 14 10 270
2 9 14 12 66
2 10 14 5 474
2 10 14 10 412
2 10 14 12 374
2 12 14 5 1104
2 12 14 10 76
2 12 14 12 352
2 15 14 5 20
2 15 14 10 414
2 15 14 12 782
2 6 15 4 182
2 6 15 11 88
2 6 15 13 234
2 9 15 4 290
2 9 15 11 508
2 9 15 13 62
2 10 15 4 4
2 10 15 11 210
2 10 15 13 70
2 12 15 4 276
2 12 15 11 90
2 12 15 13 416
2 15 15 4 306
2 15 15 11 28
2 15 15 13 364
3 7 0 2 950
3 7 0 4 284
3 7 0 11 70
3 8 0 2 738
3 8 0 4 674
3 8 0 11 52
3 11 0 2 152
3 11 0 4 320
3 11 0 11 488
3 13 0 2 294
3 13 0 4 96
3 13 0 11 134
3 14 0 2 52
3 14 0 4 188
3 14 0 11 216
3 7 1 3 174
3 7 1 5 222
3 7 1 10 98
3 8 1 3 150
3 8 1 5 556
3 8 1 10 570
3 11 1 3 28
3 11 1 5 44
3 11 1 10 696
3 13 1 3 10
3 13 1 5 28
3 13 1 10 286
3 14 1 3 246
3 14 1 5 418
3 14 1 10 480
3 7 2 0 236
3 7 2 6 8
3 7 2 9 254
3 8 2 0 630
3 8 2 6 82
3 8 2 9 88
3 11 2 0 84
3 11 2 6 80
3 11 2 9 248
3 13 2 0 152
3 13 2 6 282
3 13 2 9 178
3 14 2 0 698
3 14 2 6 50
3 14 2 9 436
3 7 3 1 340
3 7 3 7 256
3 7 3 8 370
3 8 3 1 444
3 8 3 7 458
3 8 3 8 654
3 11 3 1 170
3 11 3 7 122
3 11 3 8 122
3 13 3 1 324
3 13 3 7 52
3 13 3 8 212
3 14 3 1 530
3 14 3 7 288
3 14 3 8 590
3 7 4 0 128
3 7 4 6 82
3 7 4 15 376
3 8 4 0 216
3 8 4 6 136
3 8 4 15 978
3 11 4 0 494
3 11 4 6 500
3 11 4 15 766
3 13 4 0 144
3 13 4 6 176
3 13 4 15 176
3 14 4 0 344
3 14 4 6 384
3 14 4 15 238
3 7 5 1 306
3 7 5 7 784
3 7 5 14 376
3 8 5 1 120
3 8 5 7 124
3 8 5 14 308
3 11 5 1 414
3 11 5 7 172
3 11 5 14 270
3 13 5 1 136
3 13 5 7 142
3 13 5 14 536
3 14 5 1 256
3 14 5 7 68
3 14 5 14 566
3 7 6 2 392
3 7 6 4 368
3 7 6 13 342
3 8 6 2 558
3 8 6 4 106
3 8 6 13 402
3 11 6 2 548
3 11 6 4 324
3 11 6 13 94
3 13 6 2 132
3 13 6 4 126
3 13 6 13 266
3 14 6 2 18
3 14 6 4 404
3 14 6 13 46
3 7 7 3 578
3 7 7 5 100
3 7 7 12 138
3 8 7 3 966
3 8 7 5 198
3 8 7 12 92
3 11 7 3 162
3 11 7 5 192
3 11 7 12 278
3 13 7 3 264
3 13 7 5 552
3 13 7 12 472
3 14 7 3 224
3 14 7 5 570
3 14 7 12 942
3 7 8 3 272
3 7 8 10 222
3 7 8 12 238
3 8 8 3 136
3 8 8 10 26
3 8 8 12 144
3 11 8 3 34
3 11 8 10 26
3 11 8 12 88
3 13 8 3 542
3 13 8 10 344
3 13 8 12 538
3 14 8 3 220
3 14 8 10 4
3 14 8 12 58
3 7 9 2 268
3 7 9 11 282
3 7 9 13 22
3 8 9 2 396
3 8 9 11 640
3 8 9 13 200
3 11 9 2 208
3 11 9 11 48
3 11 9 13 298
3 13 9 2 192
3 13 9 11 600
3 13 9 13 404
3 14 9 2 788
3 14 9 11 84
3 14 9 13 474
3 7 10 1 130
3 7 10 8 1020
3 7 10 14 230
3 8 10 1 284
3 8 10 8 612
3 8 10 14 100
3 11 10 1 598
3 11 10 8 238
3 11 10 14 886
3 13 10 1 106
3 13 10 8 80
3 13 10 14 400
3 14 10 1 350
3 14 10 8 764
3 14 10 14 412
3 7 11 0 296
3 7 11 9 80
3 7 11 15 76
3 8 11 0 136
3 8 11 9 584
3 8 11 15 166
3 11 11 0 332
3 11 11 9 80
3 11 11 15 498
3 13 11 0 2
3 13 11 9 142
3 13 11 15 428
3 14 11 0 374
3 14 11 9 496
3 14 11 15 256
3 7 12 7 356
3 7 12 8 526
3 7 12 14 638
3 8 12 7 154
3 8 12 8 168
3 8 12 14 74
3 11 12 7 454
3 11 12 8 644
3 11 12 14 496
3 13 12 7 244
3 13 12 8 32
3 13 12 14 590
3 14 12 7 522
3 14 12 8 290
3 14 12 14 428
3 7 13 6 550
3 7 13 9 144
3 7 13 15 56
3 8 13 6 550
3 8 13 9 696
3 8 13 15 124
3 11 13 6 656
3 11 13 9 296
3 11 13 15 412
3 13 13 6 72
3 13 13 9 174
3 13 13 15 242
3 14 13 6 322
3 14 13 9 48
3 14 13 15 44
3 7 14 5 408
3 7 14 10 236
3 7 14 12 462
3 8 14 5 260
3 8 14 10 174
3 8 14 12 226
3 11 14 5 318
3 11 14 10 88
3 11 14 12 640
3 13 14 5 48
3 13 14 10 54
3 13 14 12 542
3 14 14 5 68
3 14 14 10 384
3 14 14 12 210
3 7 15 4 280
3 7 15 11 88
3 7 15 13 408
3 8 15 4 520
3 8 15 11 314
3 8 15 13 306
3 11 15 4 158
3 11 15 11 124
3 11 15 13 196
3 13 15 4 318
3 13 15 11 400
3 13 15 13 80
3 14 15 4 138
3 14 15 11 166
3 14 15 13 212
4 6 0 2 150
4 6 0 4 448
4 6 0 11 58
4 9 0 2 106
4 9 0 4 380
4 9 0 11 572
4 10 0 2 160
4 10 0 4 14
4 10 0 11 24
4 12 0 2 492
4 12 0 4 574
4 12 0 11 818
4 15 0 2 472
4 15 0 4 458
4 15 0 11 100
4 6 1 3 270
4 6 1 5 62
4 6 1 10 190
4 9 1 3 286
4 9 1 5 352
4 9 1 10 232
4 10 1 3 650
4 10 1 5 148
4 10 1 10 636
4 12 1 3 542
4 12 1 5 258
4 12 1 10 580
4 15 1 3 228
4 15 1 5 136
4 15 1 10 44
4 6 2 0 278
4 6 2 6 248
4 6 2 9 36
4 9 2 0 634
4 9 2 6 198
4 9 2 9 48
4 10 2 0 584
4 10 2 6 6
4 10 2 9 50
4 12 2 0 344
4 12 2 6 318
4 12 2 9 632
4 15 2 0 336
4 15 2 6 166
4 15 2 9 136
4 6 3 1 270
4 6 3 7 422
4 6 3 8 212
4 9 3 1 610
4 9 3 7 654
4 9 3 8 206
4 10 3 1 68
4 10 3 7 218
4 10 3 8 606
4 12 3 1 698
4 12 3 7 190
4 12 3 8 668
4 15 3 1 242
4 15 3 7 226
4 15 3 8 60
4 6 4 0 288
4 6 4 6 346
4 6 4 15 840
4 9 4 0 186
4 9 4 6 20
4 9 4 15 606
4 10 4 0 248
4 10 4 6 358
4 10 4 15 178
4 12 4 0 22
4 12 4 6 356
4 12 4 15 76
4 15 4 0 282
4 15 4 6 44
4 15 4 15 190
4 6 5 1 352
4 6 5 7 388
4 6 5 14 910
4 9 5 1 388
4 9 5 7 334
4 9 5 14 126
4 10 5 1 356
4 10 5 7 202
4 10 5 14 436
4 12 5 1 150
4 12 5 7 560
4 12 5 14 1328
4 15 5 1 168
4 15 5 7 376
4 15 5 14 224
4 6 6 2 552
4 6 6 4 698
4 6 6 13 166
4 9 6 2 262
4 9 6 4 38
4 9 6 13 288
4 10 6 2 186
4 10 6 4 310
4 10 6 13 8
4 12 6 2 356
4 12 6 4 250
4 12 6 13 1028
4 15 6 2 248
4 15 6 4 504
4 15 6 13 354
4 6 7 3 2
4 6 7 5 316
4 6 7 12 828
4 9 7 3 554
4 9 7 5 18
4 9 7 12 440
4 10 7 3 236
4 10 7 5 298
4 10 7 12 76
4 12 7 3 518
4 12 7 5 56
4 12 7 12 72
4 15 7 3 284
4 15 7 5 90
4 15 7 12 32
4 6 8 3 578
4 6 8 10 226
4 6 8 12 514
4 9 8 3 46
4 9 8 10 272
4 9 8 12 216
4 10 8 3 508
4 10 8 10 644
4 10 8 12 226
4 12 8 3 302
4 12 8 10 628
4 12 8 12 54
4 15 8 3 212
4 15 8 10 276
4 15 8 12 202
4 6 9 2 76
4 6 9 11 492
4 6 9 13 66
4 9 9 2 234
4 9 9 11 188
4 9 9 13 14
4 10 9 2 206
4 10 9 11 918
4 10 9 13 538
4 12 9 2 44
4 12 9 11 246
4 12 9 13 470
4 15 9 2 160
4 15 9 11 426
4 15 9 13 82
4 6 10 1 376
4 6 10 8 490
4 6 10 14 222
4 9 10 1 412
4 9 10 8 170
4 9 10 14 86
4 10 10 1 970
4 10 10 8 420
4 10 10 14 218
4 12 10 1 428
4 12 10 8 232
4 12 10 14 70
4 15 10 1 172
4 15 10 8 226
4 15 10 14 198
4 6 11 0 222
4 6 11 9 94
4 6 11 15 204
4 9 11 0 98
4 9 11 9 204
4 9 11 15 184
4 10 11 0 122
4 10 11 9 110
4 10 11 15 400
4 12 11 0 150
4 12 11 9 392
4 12 11 15 196
4 15 11 0 274
4 15 11 9 74
4 15 11 15 916
4 6 12 7 248
4 6 12 8 156
4 6 12 14 448
4 9 12 7 56
4 9 12 8 114
4 9 12 14 260
4 10 12 7 80
4 10 12 8 672
4 10 12 14 536
4 12 12 7 492
4 12 12 8 32
4 12 12 14 178
4 15 12 7 468
4 15 12 8 20
4 15 12 14 918
4 6 13 6 136
4 6 13 9 252
4 6 13 15 362
4 9 13 6 346
4 9 13 9 292
4 9 13 15 282
4 10 13 6 214
4 10 13 9 34
4 10 13 15 636
4 12 13 6 1066
4 12 13 9 20
4 12 13 15 144
4 15 13 6 386
4 15 13 9 500
4 15 13 15 626
4 6 14 5 394
4 6 14 10 208
4 6 14 12 240
4 9 14 5 34
4 9 14 10 248
4 9 14 12 82
4 10 14 5 236
4 10 14 10 276
4 10 14 12 238
4 12 14 5 666
4 12 14 10 456
4 12 14 12 116
4 15 14 5 736
4 15 14 10 354
4 15 14 12 66
4 6 15 4 280
4 6 15 11 152
4 6 15 13 506
4 9 15 4 42
4 9 15 11 170
4 9 15 13 486
4 10 15 4 640
4 10 15 11 1084
4 10 15 13 580
4 12 15 4 150
4 12 15 11 324
4 12 15 13 174
4 15 15 4 130
4 15 15 11 228
4 15 15 13 28
5 7 0 2 264
5 7 0 4 114
5 7 0 11 472
5 8 0 2 502
5 8 0 4 578
5 8 0 11 306
5 11 0 2 262
5 11 0 4 338
5 11 0 11 218
5 13 0 2 276
5 13 0 4 150
5 13 0 11 314
5 14 0 2 182
5 14 0 4 752
5 14 0 11 358
5 7 1 3 448
5 7 1 5 798
5 7 1 10 514
5 8 1 3 116
5 8 1 5 56
5 8 1 10 546
5 11 1 3 84
5 11 1 5 112
5 11 1 10 346
5 13 1 3 232
5 13 1 5 326
5 13 1 10 362
5 14 1 3 326
5 14 1 5 140
5 14 1 10 612
5 7 2 0 164
5 7 2 6 42
5 7 2 9 166
5 8 2 0 74
5 8 2 6 532
5 8 2 9 150
5 11 2 0 138
5 11 2 6 72
5 11 2 9 596
5 13 2 0 42
5 13 2 6 12
5 13 2 9 34
5 14 2 0 20
5 14 2 6 532
5 14 2 9 616
5 7 3 1 360
5 7 3 7 258
5 7 3 8 156
5 8 3 1 380
5 8 3 7 162
5 8 3 8 330
5 11 3 1 122
5 11 3 7 186
5 11 3 8 14
5 13 3 1 264
5 13 3 7 90
5 13 3 8 460
5 14 3 1 22
5 14 3 7 948
5 14 3 8 72
5 7 4 0 222
5 7 4 6 396
5 7 4 15 42
5 8 4 0 318
5 8 4 6 386
5 8 4 15 904
5 11 4 0 392
5 11 4 6 388
5 11 4 15 136
5 13 4 0 156
5 13 4 6 102
5 13 4 15 212
5 14 4 0 104
5 14 4 6 90
5 14 4 15 174
5 7 5 1 50
5 7 5 7 670
5 7 5 14 434
5 8 5 1 290
5 8 5 7 212
5 8 5 14 568
5 11 5 1 36
5 11 5 7 572
5 11 5 14 646
5 13 5 1 638
5 13 5 7 940
5 13 5 14 286
5 14 5 1 798
5 14 5 7 312
5 14 5 14 340
5 7 6 2 1024
5 7 6 4 404
5 7 6 13 562
5 8 6 2 294
5 8 6 4 332
5 8 6 13 32
5 11 6 2 66
5 11 6 4 36
5 11 6 13 62
5 13 6 2 256
5 13 6 4 174
5 13 6 13 150
5 14 6 2 384
5 14 6 4 770
5 14 6 13 188
5 7 7 3 76
5 7 7 5 178
5 7 7 12 328
5 8 7 3 180
5 8 7 5 170
5 8 7 12 412
5 11 7 3 356
5 11 7 5 270
5 11 7 12 174
5 13 7 3 200
5 13 7 5 40
5 13 7 12 12
5 14 7 3 26
5 14 7 5 112
5 14 7 12 858
5 7 8 3 50
5 7 8 10 568
5 7 8 12 202
5 8 8 3 198
5 8 8 10 278
5 8 8 12 866
5 11 8 3 150
5 11 8 10 90
5 11 8 12 112
5 13 8 3 82
5 13 8 10 216
5 13 8 12 146
5 14 8 3 666
5 14 8 10 112
5 14 8 12 344
5 7 9 2 78
5 7 9 11 468
5 7 9 13 52
5 8 9 2 400
5 8 9 11 144
5 8 9 13 132
5 11 9 2 40
5 11 9 11 538
5 11 9 13 8
5 13 9 2 540
5 13 9 11 584
5 13 9 13 216
5 14 9 2 156
5 14 9 11 448
5 14 9 13 134
5 7 10 1 610
5 7 10 8 316
5 7 10 14 160
5 8 10 1 474
5 8 10 8 614
5 8 10 14 16
5 11 10 1 308
5 11 10 8 300
5 11 10 14 54
5 13 10 1 244
5 13 10 8 340
5 13 10 14 82
5 14 10 1 328
5 14 10 8 206
5 14 10 14 316
5 7 11 0 322
5 7 11 9 300
5 7 11 15 34
5 8 11 0 586
5 8 11 9 646
5 8 11 15 286
5 11 11 0 132
5 11 11 9 526
5 11 11 15 280
5 13 11 0 18
5 13 11 9 260
5 13 11 15 552
5 14 11 0 62
5 14 11 9 434
5 14 11 15 76
5 7 12 7 880
5 7 12 8 478
5 7 12 14 278
5 8 12 7 602
5 8 12 8 252
5 8 12 14 192
5 11 12 7 140
5 11 12 8 138
5 11 12 14 260
5 13 12 7 272
5 13 12 8 204
5 13 12 14 22
5 14 12 7 90
5 14 12 8 334
5 14 12 14 412
5 7 13 6 356
5 7 13 9 128
5 7 13 15 360
5 8 13 6 246
5 8 13 9 248
5 8 13 15 112
5 11 13 6 742
5 11 13 9 404
5 11 13 15 20
5 13 13 6 746
5 13 13 9 600
5 13 13 15 284
5 14 13 6 350
5 14 13 9 114
5 14 13 15 438
5 7 14 5 30
5 7 14 10 664
5 7 14 12 54
5 8 14 5 408
5 8 14 10 386
5 8 14 12 104
5 11 14 5 610
5 11 14 10 320
5 11 14 12 468
5 13 14 5 16
5 13 14 10 210
5 13 14 12 112
5 14 14 5 198
5 14 14 10 274
5 14 14 12 366
5 7 15 4 40
5 7 15 11 810
5 7 15 13 50
5 8 15 4 138
5 8 15 11 34
5 8 15 13 158
5 11 15 4 650
5 11 15 11 232
5 11 15 13 284
5 13 15 4 162
5 13 15 11 234
5 13 15 13 552
5 14 15 4 298
5 14 15 11 38
5 14 15 13 160
6 8 0 2 316
6 8 0 4 2
6 8 0 11 200
6 11 0 2 142
6 11 0 4 1108
6 11 0 11 94
6 13 0 2 74
6 13 0 4 70
6 13 0 11 194
6 14 0 2 48
6 14 0 4 408
6 14 0 11 362
6 8 1 3 72
6 8 1 5 358
6 8 1 10 148
6 11 1 3 94
6 11 1 5 144
6 11 1 10 404
6 13 1 3 28
6 13 1 5 60
6 13 1 10 302
6 14 1 3 470
6 14 1 5 76
6 14 1 10 214
6 8 2 0 340
6 8 2 6 70
6 8 2 9 98
6 11 2 0 304
6 11 2 6 348
6 11 2 9 190
6 13 2 0 252
6 13 2 6 36
6 13 2 9 356
6 14 2 0 430
6 14 2 6 10
6 14 2 9 14
6 8 3 1 360
6 8 3 7 114
6 8 3 8 238
6 11 3 1 654
6 11 3 7 146
6 11 3 8 142
6 13 3 1 904
6 13 3 7 200
6 13 3 8 140
6 14 3 1 304
6 14 3 7 4
6 14 3 8 284
6 8 4 0 188
6 8 4 6 620
6 8 4 15 500
6 11 4 0 470
6 11 4 6 134
6 11 4 15 264
6 13 4 0 538
6 13 4 6 360
6 13 4 15 754
6 14 4 0 422
6 14 4 6 172
6 14 4 15 64
6 8 5 1 40
6 8 5 7 48
6 8 5 14 1014
6 11 5 1 626
6 11 5 7 1044
6 11 5 14 334
6 13 5 1 284
6 13 5 7 222
6 13 5 14 1066
6 14 5 1 276
6 14 5 7 42
6 14 5 14 340
6 8 6 2 926
6 8 6 4 158
6 8 6 13 174
6 11 6 2 84
6 11 6 4 598
6 11 6 13 508
6 13 6 2 608
6 13 6 4 208
6 13 6 13 32
6 14 6 2 284
6 14 6 4 84
6 14 6 13 356
6 8 7 3 244
6 8 7 5 236
6 8 7 12 442
6 11 7 3 856
6 11 7 5 334
6 11 7 12 616
6 13 7 3 472
6 13 7 5 40
6 13 7 12 414
6 14 7 3 122
6 14 7 5 142
6 14 7 12 4
6 8 8 3 12
6 8 8 10 598
6 8 8 12 38
6 11 8 3 78
6 11 8 10 310
6 11 8 12 452
6 13 8 3 352
6 13 8 10 60
6 13 8 12 284
6 14 8 3 340
6 14 8 10 140
6 14 8 12 160
6 8 9 2 444
6 8 9 11 612
6 8 9 13 470
6 11 9 2 64
6 11 9 11 184
6 11 9 13 832
6 13 9 2 308
6 13 9 11 102
6 13 9 13 306
6 14 9 2 482
6 14 9 11 440
6 14 9 13 182
6 8 10 1 40
6 8 10 8 270
6 8 10 14 76
6 11 10 1 526
6 11 10 8 670
6 11 10 14 120
6 13 10 1 40
6 13 10 8 8
6 13 10 14 2
6 14 10 1 776
6 14 10 8 100
6 14 10 14 86
6 8 11 0 340
6 8 11 9 88
6 8 11 15 236
6 11 11 0 182
6 11 11 9 44
6 11 11 15 56
6 13 11 0 376
6 13 11 9 284
6 13 11 15 428
6 14 11 0 312
6 14 11 9 566
6 14 11 15 24
6 8 12 7 534
6 8 12 8 846
6 8 12 14 192
6 11 12 7 960
6 11 12 8 506
6 11 12 14 342
6 13 12 7 108
6 13 12 8 238
6 13 12 14 196
6 14 12 7 308
6 14 12 8 290
6 14 12 14 56
6 8 13 6 720
6 8 13 9 590
6 8 13 15 606
6 11 13 6 430
6 11 13 9 138
6 11 13 15 324
6 13 13 6 94
6 13 13 9 222
6 13 13 15 400
6 14 13 6 32
6 14 13 9 406
6 14 13 15 368
6 8 14 5 508
6 8 14 10 244
6 8 14 12 6
6 11 14 5 272
6 11 14 10 780
6 11 14 12 208
6 13 14 5 82
6 13 14 10 144
6 13 14 12 692
6 14 14 5 186
6 14 14 10 204
6 14 14 12 390
6 8 15 4 502
6 8 15 11 126
6 8 15 13 768
6 11 15 4 508
6 11 15 11 252
6 11 15 13 442
6 13 15 4 376
6 13 15 11 232
6 13 15 13 188
6 14 15 4 664
6 14 15 11 82
6 14 15 13 798
7 9 0 2 306
7 9 0 4 270
7 9 0 11 128
7 10 0 2 188
7 10 0 4 50
7 10 0 11 324
7 12 0 2 926
7 12 0 4 278
7 12 0 11 264
7 15 0 2 508
7 15 0 4 340
7 15 0 11 18
7 9 1 3 186
7 9 1 5 402
7 9 1 10 64
7 10 1 3 388
7 10 1 5 72
7 10 1 10 96
7 12 1 3 286
7 12 1 5 124
7 12 1 10 308
7 15 1 3 192
7 15 1 5 36
7 15 1 10 124
7 9 2 0 434
7 9 2 6 0
7 9 2 9 244
7 10 2 0 284
7 10 2 6 206
7 10 2 9 130
7 12 2 0 52
7 12 2 6 252
7 12 2 9 218
7 15 2 0 234
7 15 2 6 224
7 15 2 9 222
7 9 3 1 4
7 9 3 7 288
7 9 3 8 872
7 10 3 1 290
7 10 3 7 218
7 10 3 8 216
7 12 3 1 4
7 12 3 7 378
7 12 3 8 52
7 15 3 1 812
7 15 3 7 132
7 15 3 8 102
7 9 4 0 524
7 9 4 6 260
7 9 4 15 420
7 10 4 0 426
7 10 4 6 636
7 10 4 15 290
7 12 4 0 146
7 12 4 6 626
7 12 4 15 338
7 15 4 0 514
7 15 4 6 986
7 15 4 15 418
7 9 5 1 120
7 9 5 7 90
7 9 5 14 866
7 10 5 1 134
7 10 5 7 206
7 10 5 14 50
7 12 5 1 102
7 12 5 7 146
7 12 5 14 306
7 15 5 1 136
7 15 5 7 624
7 15 5 14 460
7 9 6 2 194
7 9 6 4 18
7 9 6 13 66
7 10 6 2 128
7 10 6 4 326
7 10 6 13 198
7 12 6 2 452
7 12 6 4 124
7 12 6 13 206
7 15 6 2 320
7 15 6 4 62
7 15 6 13 10
7 9 7 3 342
7 9 7 5 216
7 9 7 12 114
7 10 7 3 162
7 10 7 5 164
7 10 7 12 160
7 12 7 3 244
7 12 7 5 628
7 12 7 12 220
7 15 7 3 62
7 15 7 5 212
7 15 7 12 282
7 9 8 3 868
7 9 8 10 394
7 9 8 12 74
7 10 8 3 144
7 10 8 10 468
7 10 8 12 268
7 12 8 3 292
7 12 8 10 150
7 12 8 12 364
7 15 8 3 294
7 15 8 10 582
7 15 8 12 272
7 9 9 2 32
7 9 9 11 204
7 9 9 13 166
7 10 9 2 266
7 10 9 11 446
7 10 9 13 240
7 12 9 2 770
7 12 9 11 250
7 12 9 13 336
7 15 9 2 28
7 15 9 11 536
7 15 9 13 258
7 9 10 1 684
7 9 10 8 38
7 9 10 14 386
7 10 10 1 506
7 10 10 8 584
7 10 10 14 396
7 12 10 1 92
7 12 10 8 426
7 12 10 14 864
7 15 10 1 206
7 15 10 8 514
7 15 10 14 490
7 9 11 0 476
7 9 11 9 246
7 9 11 15 794
7 10 11 0 26
7 10 11 9 322
7 10 11 15 214
7 12 11 0 94
7 12 11 9 386
7 12 11 15 436
7 15 11 0 66
7 15 11 9 464
7 15 11 15 198
7 9 12 7 258
7 9 12 8 340
7 9 12 14 342
7 10 12 7 434
7 10 12 8 560
7 10 12 14 700
7 12 12 7 100
7 12 12 8 84
7 12 12 14 94
7 15 12 7 388
7 15 12 8 264
7 15 12 14 32
7 9 13 6 888
7 9 13 9 284
7 9 13 15 210
7 10 13 6 4
7 10 13 9 144
7 10 13 15 500
7 12 13 6 186
7 12 13 9 220
7 12 13 15 326
7 15 13 6 422
7 15 13 9 654
7 15 13 15 162
7 9 14 5 366
7 9 14 10 150
7 9 14 12 12
7 10 14 5 580
7 10 14 10 218
7 10 14 12 504
7 12 14 5 6
7 12 14 10 334
7 12 14 12 160
7 15 14 5 48
7 15 14 10 126
7 15 14 12 84
7 9 15 4 850
7 9 15 11 38
7 9 15 13 372
7 10 15 4 394
7 10 15 11 94
7 10 15 13 214
7 12 15 4 274
7 12 15 11 56
7 12 15 13 716
7 15 15 4 252
7 15 15 11 56
7 15 15 13 330
8 10 0 2 14
8 10 0 4 244
8 10 0 11 120
8 12 0 2 256
8 12 0 4 60
8 12 0 11 442
8 10 1 3 382
8 10 1 5 536
8 10 1 10 278
8 12 1 3 68
8 12 1 5 544
8 12 1 10 150
8 10 2 0 378
8 10 2 6 150
8 10 2 9 154
8 12 2 0 370
8 12 2 6 118
8 12 2 9 128
8 10 3 1 762
8 10 3 7 338
8 10 3 8 492
8 12 3 1 92
8 12 3 7 220
8 12 3 8 524
8 10 4 0 50
8 10 4 6 34
8 10 4 15 236
8 12 4 0 64
8 12 4 6 310
8 12 4 15 42
8 10 5 1 116
8 10 5 7 492
8 10 5 14 136
8 12 5 1 6
8 12 5 7 738
8 12 5 14 60
8 10 6 2 262
8 10 6 4 72
8 10 6 13 110
8 12 6 2 434
8 12 6 4 94
8 12 6 13 330
8 10 7 3 94
8 10 7 5 328
8 10 7 12 42
8 12 7 3 268
8 12 7 5 568
8 12 7 12 416
8 10 8 3 260
8 10 8 10 92
8 10 8 12 568
8 12 8 3 456
8 12 8 10 116
8 12 8 12 538
8 10 9 2 294
8 10 9 11 114
8 10 9 13 24
8 12 9 2 76
8 12 9 11 152
8 12 9 13 1118
8 10 10 1 562
8 10 10 8 386
8 10 10 14 646
8 12 10 1 134
8 12 10 8 696
8 12 10 14 90
8 10 11 0 76
8 10 11 9 130
8 10 11 15 646
8 12 11 0 258
8 12 11 9 66
8 12 11 15 196
8 10 12 7 28
8 10 12 8 316
8 10 12 14 112
8 12 12 7 408
8 12 12 8 356
8 12 12 14 184
8 10 13 6 158
8 10 13 9 516
8 10 13 15 460
8 12 13 6 16
8 12 13 9 178
8 12 13 15 734
8 10 14 5 134
8 10 14 10 140
8 10 14 12 364
8 12 14 5 38
8 12 14 10 346
8 12 14 12 174
8 10 15 4 330
8 10 15 11 104
8 10 15 13 418
8 12 15 4 160
8 12 15 11 216
8 12 15 13 704
9 11 0 2 136
9 11 0 4 364
9 11 0 11 44
9 13 0 2 388
9 13 0 4 246
9 13 0 11 324
9 11 1 3 756
9 11 1 5 498
9 11 1 10 26
9 13 1 3 322
9 13 1 5 340
9 13 1 10 360
9 11 2 0 114
9 11 2 6 796
9 11 2 9 220
9 13 2 0 370
9 13 2 6 322
9 13 2 9 52
9 11 3 1 104
9 11 3 7 584
9 11 3 8 190
9 13 3 1 524
9 13 3 7 138
9 13 3 8 242
9 11 4 0 376
9 11 4 6 4
9 11 4 15 658
9 13 4 0 328
9 13 4 6 256
9 13 4 15 348
9 11 5 1 472
9 11 5 7 350
9 11 5 14 706
9 13 5 1 572
9 13 5 7 534
9 13 5 14 18
9 11 6 2 446
9 11 6 4 176
9 11 6 13 126
9 13 6 2 444
9 13 6 4 104
9 13 6 13 376
9 11 7 3 170
9 11 7 5 216
9 11 7 12 34
9 13 7 3 424
9 13 7 5 262
9 13 7 12 298
9 11 8 3 92
9 11 8 10 170
9 11 8 12 236
9 13 8 3 302
9 13 8 10 264
9 13 8 12 16
9 11 9 2 234
9 11 9 11 98
9 11 9 13 338
9 13 9 2 66
9 13 9 11 62
9 13 9 13 278
9 11 10 1 772
9 11 10 8 50
9 11 10 14 244
9 13 10 1 306
9 13 10 8 326
9 13 10 14 274
9 11 11 0 670
9 11 11 9 74
9 11 11 15 232
9 13 11 0 278
9 13 11 9 614
9 13 11 15 482
9 11 12 7 38
9 11 12 8 184
9 11 12 14 84
9 13 12 7 90
9 13 12 8 152
9 13 12 14 718
9 11 13 6 60
9 11 13 9 90
9 11 13 15 134
9 13 13 6 224
9 13 13 9 170
9 13 13 15 94
9 11 14 5 204
9 11 14 10 294
9 11 14 12 184
9 13 14 5 890
9 13 14 10 2
9 13 14 12 72
9 11 15 4 448
9 11 15 11 184
9 11 15 13 444
9 13 15 4 184
9 13 15 11 46
9 13 15 13 454
10 14 0 2 406
10 14 0 4 56
10 14 0 11 72
10 14 1 3 220
10 14 1 5 578
10 14 1 10 72
10 14 2 0 52
10 14 2 6 84
10 14 2 9 304
10 14 3 1 70
10 14 3 7 110
10 14 3 8 404
10 14 4 0 66
10 14 4 6 316
10 14 4 15 40
10 14 5 1 150
10 14 5 7 44
10 14 5 14 452
10 14 6 2 468
10 14 6 4 482
10 14 6 13 174
10 14 7 3 590
10 14 7 5 4
10 14 7 12 176
10 14 8 3 186
10 14 8 10 152
10 14 8 12 712
10 14 9 2 104
10 14 9 11 276
10 14 9 13 206
10 14 10 1 264
10 14 10 8 88
10 14 10 14 1402
10 14 11 0 50
10 14 11 9 382
10 14 11 15 224
10 14 12 7 492
10 14 12 8 196
10 14 12 14 72
10 14 13 6 432
10 14 13 9 344
10 14 13 15 378
10 14 14 5 54
10 14 14 10 252
10 14 14 12 316
10 14 15 4 8
10 14 15 11 268
10 14 15 13 428
11 15 0 2 224
11 15 0 4 298
11 15 0 11 566
11 15 1 3 40
11 15 1 5 406
11 15 1 10 702
11 15 2 0 192
11 15 2 6 336
11 15 2 9 22
11 15 3 1 1126
11 15 3 7 304
11 15 3 8 294
11 15 4 0 70
11 15 4 6 500
11 15 4 15 188
11 15 5 1 500
11 15 5 7 66
11 15 5 14 246
11 15 6 2 44
11 15 6 4 94
11 15 6 13 742
11 15 7 3 132
11 15 7 5 24
11 15 7 12 52
11 15 8 3 826
11 15 8 10 786
11 15 8 12 74
11 15 9 2 724
11 15 9 11 152
11 15 9 13 282
11 15 10 1 248
11 15 10 8 80
11 15 10 14 66
11 15 11 0 198
11 15 11 9 72
11 15 11 15 12
11 15 12 7 306
11 15 12 8 620
11 15 12 14 306
11 15 13 6 234
11 15 13 9 116
11 15 13 15 198
11 15 14 5 340
11 15 14 10 528
11 15 14 12 66
11 15 15 4 40
11 15 15 11 262
11 15 15 13 534
12 14 0 2 418
12 14 0 4 440
12 14 0 11 454
12 14 1 3 414
12 14 1 5 226
12 14 1 10 228
12 14 2 0 54
12 14 2 6 384
12 14 2 9 332
12 14 3 1 102
12 14 3 7 232
12 14 3 8 208
12 14 4 0 2
12 14 4 6 18
12 14 4 15 408
12 14 5 1 778
12 14 5 7 230
12 14 5 14 440
12 14 6 2 258
12 14 6 4 330
12 14 6 13 228
12 14 7 3 200
12 14 7 5 244
12 14 7 12 114
12 14 8 3 8
12 14 8 10 588
12 14 8 12 252
12 14 9 2 606
12 14 9 11 174
12 14 9 13 620
12 14 10 1 36
12 14 10 8 282
12 14 10 14 150
12 14 11 0 658
12 14 11 9 374
12 14 11 15 162
12 14 12 7 376
12 14 12 8 742
12 14 12 14 218
12 14 13 6 480
12 14 13 9 338
12 14 13 15 196
12 14 14 5 120
12 14 14 10 114
12 14 14 12 66
12 14 15 4 308
12 14 15 11 712
12 14 15 13 68
13 15 0 2 806
13 15 0 4 338
13 15 0 11 362
13 15 1 3 432
13 15 1 5 218
13 15 1 10 256
13 15 2 0 274
13 15 2 6 94
13 15 2 9 88
13 15 3 1 138
13 15 3 7 224
13 15 3 8 20
13 15 4 0 178
13 15 4 6 24
13 15 4 15 24
13 15 5 1 64
13 15 5 7 270
13 15 5 14 562
13 15 6 2 298
13 15 6 4 654
13 15 6 13 192
13 15 7 3 788
13 15 7 5 574
13 15 7 12 348
13 15 8 3 194
13 15 8 10 166
13 15 8 12 6
13 15 9 2 292
13 15 9 11 198
13 15 9 13 180
13 15 10 1 268
13 15 10 8 498
13 15 10 14 378
13 15 11 0 466
13 15 11 9 492
13 15 11 15 2584
13 15 12 7 294
13 15 12 8 58
13 15 12 14 290
13 15 13 6 156
13 15 13 9 770
13 15 13 15 56
13 15 14 5 200
13 15 14 10 378
13 15 14 12 228
13 15 15 4 122
13 15 15 11 2380
13 15 15 13 492
