# KEY left=0xcf right=0x2a
# GOOD_PAIRS_BEGIN count=8
# GOOD_PAIR 0x1a 0xfe
# GOOD_PAIR 0x1e 0xfa
# GOOD_PAIR 0x6a 0x8e
# GOOD_PAIR 0x6e 0x8a
# GOOD_PAIR 0x16 0xfd
# GOOD_PAIR 0x1d 0xf6
# GOOD_PAIR 0x66 0x8d
# GOOD_PAIR 0x6d 0x86
# GOOD_PAIRS_END
0 2 0 2 130
0 2 0 4 54
0 2 0 11 338
0 4 0 2 328
0 4 0 4 26
0 4 0 11 76
0 8 0 2 272
0 8 0 4 82
0 8 0 11 470
0 11 0 2 346
0 11 0 4 122
0 11 0 11 638
0 13 0 2 278
0 13 0 4 206
0 13 0 11 12
0 14 0 2 236
0 14 0 4 122
0 14 0 11 526
0 2 1 3 760
0 2 1 5 364
0 2 1 10 124
0 4 1 3 82
0 4 1 5 388
0 4 1 10 142
0 8 1 3 398
0 8 1 5 308
0 8 1 10 96
0 11 1 3 216
0 11 1 5 12
0 11 1 10 340
0 13 1 3 552
0 13 1 5 176
0 13 1 10 706
0 14 1 3 88
0 14 1 5 264
0 14 1 10 132
0 2 2 0 156
0 2 2 6 70
0 2 2 9 88
0 4 2 0 212
0 4 2 6 102
0 4 2 9 422
0 8 2 0 42
0 8 2 6 350
0 8 2 9 464
0 11 2 0 302
0 11 2 6 332
0 11 2 9 652
0 13 2 0 632
0 13 2 6 554
0 13 2 9 126
0 14 2 0 132
0 14 2 6 582
0 14 2 9 158
0 2 3 1 146
0 2 3 7 612
0 2 3 8 150
0 4 3 1 412
0 4 3 7 170
0 4 3 8 382
0 8 3 1 12
0 8 3 7 368
0 8 3 8 48
0 11 3 1 12
0 11 3 7 124
0 11 3 8 102
0 13 3 1 456
0 13 3 7 386
0 13 3 8 76
0 14 3 1 304
0 14 3 7 174
0 14 3 8 108
0 2 4 0 366
0 2 4 6 460
0 2 4 15 312
0 4 4 0 448
0 4 4 6 672
0 4 4 15 12
0 8 4 0 522
0 8 4 6 482
0 8 4 15 778
0 11 4 0 94
0 11 4 6 538
0 11 4 15 342
0 13 4 0 362
0 13 4 6 510
0 13 4 15 148
0 14 4 0 204
0 14 4 6 88
0 14 4 15 396
0 2 5 1 176
0 2 5 7 206
0 2 5 14 192
0 4 5 1 496
0 4 5 7 164
0 4 5 14 58
0 8 5 1 20
0 8 5 7 578
0 8 5 14 468
0 11 5 1 6
0 11 5 7 472
0 11 5 14 126
0 13 5 1 240
0 13 5 7 394
0 13 5 14 762
0 14 5 1 410
0 14 5 7 518
0 14 5 14 182
0 2 6 2 276
0 2 6 4 530
0 2 6 13 474
0 4 6 2 616
0 4 6 4 30
0 4 6 13 100
0 8 6 2 184
0 8 6 4 126
0 8 6 13 566
0 11 6 2 178
0 11 6 4 76
0 11 6 13 254
0 13 6 2 114
0 13 6 4 186
0 13 6 13 96
0 14 6 2 500
0 14 6 4 636
0 14 6 13 306
0 2 7 3 264
0 2 7 5 336
0 2 7 12 352
0 4 7 3 450
0 4 7 5 134
0 4 7 12 462
0 8 7 3 264
0 8 7 5 558
0 8 7 12 142
0 11 7 3 582
0 11 7 5 588
0 11 7 12 892
0 13 7 3 624
0 13 7 5 394
0 13 7 12 194
0 14 7 3 492
0 14 7 5 446
0 14 7 12 472
0 2 8 3 4
0 2 8 10 610
0 2 8 12 30
0 4 8 3 620
0 4 8 10 230
0 4 8 12 58
0 8 8 3 978
0 8 8 10 818
0 8 8 12 56
0 11 8 3 174
0 11 8 10 246
0 11 8 12 246
0 13 8 3 94
0 13 8 10 22
0 13 8 12 12
0 14 8 3 70
0 14 8 10 486
0 14 8 12 42
0 2 9 2 104
0 2 9 11 138
0 2 9 13 408
0 4 9 2 204
0 4 9 11 272
0 4 9 13 274
0 8 9 2 114
0 8 9 11 262
0 8 9 13 166
0 11 9 2 532
0 11 9 11 536
0 11 9 13 302
0 13 9 2 536
0 13 9 11 196
0 13 9 13 38
0 14 9 2 306
0 14 9 11 528
0 14 9 13 386
0 2 10 1 344
0 2 10 8 302
0 2 10 14 98
0 4 10 1 642
0 4 10 8 348
0 4 10 14 368
0 8 10 1 384
0 8 10 8 156
0 8 10 14 0
0 11 10 1 404
0 11 10 8 398
0 11 10 14 106
0 13 10 1 436
0 13 10 8 46
0 13 10 14 226
0 14 10 1 316
0 14 10 8 96
0 14 10 14 46
0 2 11 0 422
0 2 11 9 610
0 2 11 15 382
0 4 11 0 146
0 4 11 9 214
0 4 11 15 370
0 8 11 0 258
0 8 11 9 296
0 8 11 15 224
0 11 11 0 164
0 11 11 9 30
0 11 11 15 38
0 13 11 0 586
0 13 11 9 126
0 13 11 15 896
0 14 11 0 400
0 14 11 9 248
0 14 11 15 726
0 2 12 7 320
0 2 12 8 512
0 2 12 14 312
0 4 12 7 570
0 4 12 8 256
0 4 12 14 114
0 8 12 7 4
0 8 12 8 84
0 8 12 14 136
0 11 12 7 12
0 11 12 8 216
0 11 12 14 496
0 13 12 7 44
0 13 12 8 408
0 13 12 14 88
0 14 12 7 78
0 14 12 8 196
0 14 12 14 268
0 2 13 6 124
0 2 13 9 506
0 2 13 15 146
0 4 13 6 258
0 4 13 9 158
0 4 13 15 296
0 8 13 6 576
0 8 13 9 744
0 8 13 15 108
0 11 13 6 374
0 11 13 9 522
0 11 13 15 484
0 13 13 6 406
0 13 13 9 348
0 13 13 15 288
0 14 13 6 558
0 14 13 9 230
0 14 13 15 304
0 2 14 5 324
0 2 14 10 48
0 2 14 12 308
0 4 14 5 30
0 4 14 10 284
0 4 14 12 112
0 8 14 5 184
0 8 14 10 630
0 8 14 12 206
0 11 14 5 134
0 11 14 10 500
0 11 14 12 132
0 13 14 5 164
0 13 14 10 422
0 13 14 12 36
0 14 14 5 164
0 14 14 10 258
0 14 14 12 54
0 2 15 4 192
0 2 15 11 54
0 2 15 13 192
0 4 15 4 206
0 4 15 11 80
0 4 15 13 36
0 8 15 4 270
0 8 15 11 4
0 8 15 13 190
0 11 15 4 580
0 11 15 11 918
0 11 15 13 200
0 13 15 4 418
0 13 15 11 676
0 13 15 13 242
0 14 15 4 506
0 14 15 11 362
0 14 15 13 162
1 3 0 2 144
1 3 0 4 46
1 3 0 11 524
1 5 0 2 196
1 5 0 4 450
1 5 0 11 456
1 9 0 2 360
1 9 0 4 264
1 9 0 11 422
1 10 0 2 156
1 10 0 4 590
1 10 0 11 222
1 12 0 2 264
1 12 0 4 554
1 12 0 11 108
1 15 0 2 122
1 15 0 4 42
1 15 0 11 638
1 3 1 3 492
1 3 1 5 286
1 3 1 10 312
1 5 1 3 576
1 5 1 5 6
1 5 1 10 30
1 9 1 3 1002
1 9 1 5 88
1 9 1 10 252
1 10 1 3 102
1 10 1 5 374
1 10 1 10 124
1 12 1 3 56
1 12 1 5 272
1 12 1 10 56
1 15 1 3 320
1 15 1 5 110
1 15 1 10 476
1 3 2 0 300
1 3 2 6 248
1 3 2 9 20
1 5 2 0 6
1 5 2 6 372
1 5 2 9 90
1 9 2 0 186
1 9 2 6 232
1 9 2 9 86
1 10 2 0 208
1 10 2 6 126
1 10 2 9 24
1 12 2 0 282
1 12 2 6 34
1 12 2 9 184
1 15 2 0 388
1 15 2 6 380
1 15 2 9 166
1 3 3 1 486
1 3 3 7 38
1 3 3 8 318
1 5 3 1 824
1 5 3 7 82
1 5 3 8 196
1 9 3 1 222
1 9 3 7 138
1 9 3 8 16
1 10 3 1 64
1 10 3 7 422
1 10 3 8 98
1 12 3 1 96
1 12 3 7 212
1 12 3 8 160
1 15 3 1 138
1 15 3 7 406
1 15 3 8 28
1 3 4 0 332
1 3 4 6 838
1 3 4 15 206
1 5 4 0 402
1 5 4 6 446
1 5 4 15 384
1 9 4 0 432
1 9 4 6 538
1 9 4 15 114
1 10 4 0 376
1 10 4 6 418
1 10 4 15 410
1 12 4 0 434
1 12 4 6 84
1 12 4 15 522
1 15 4 0 246
1 15 4 6 522
1 15 4 15 100
1 3 5 1 212
1 3 5 7 10
1 3 5 14 402
1 5 5 1 440
1 5 5 7 486
1 5 5 14 108
1 9 5 1 66
1 9 5 7 382
1 9 5 14 166
1 10 5 1 408
1 10 5 7 504
1 10 5 14 176
1 12 5 1 100
1 12 5 7 262
1 12 5 14 190
1 15 5 1 612
1 15 5 7 72
1 15 5 14 152
1 3 6 2 542
1 3 6 4 148
1 3 6 13 408
1 5 6 2 436
1 5 6 4 248
1 5 6 13 40
1 9 6 2 106
1 9 6 4 254
1 9 6 13 568
1 10 6 2 340
1 10 6 4 354
1 10 6 13 396
1 12 6 2 158
1 12 6 4 160
1 12 6 13 182
1 15 6 2 200
1 15 6 4 104
1 15 6 13 2986
1 3 7 3 658
1 3 7 5 348
1 3 7 12 366
1 5 7 3 272
1 5 7 5 6
1 5 7 12 306
1 9 7 3 100
1 9 7 5 678
1 9 7 12 106
1 10 7 3 758
1 10 7 5 98
1 10 7 12 168
1 12 7 3 40
1 12 7 5 148
1 12 7 12 78
1 15 7 3 86
1 15 7 5 744
1 15 7 12 316
1 3 8 3 76
1 3 8 10 48
1 3 8 12 866
1 5 8 3 132
1 5 8 10 300
1 5 8 12 146
1 9 8 3 608
1 9 8 10 322
1 9 8 12 428
1 10 8 3 494
1 10 8 10 638
1 10 8 12 102
1 12 8 3 56
1 12 8 10 46
1 12 8 12 480
1 15 8 3 506
1 15 8 10 564
1 15 8 12 886
1 3 9 2 346
1 3 9 11 20
1 3 9 13 210
1 5 9 2 154
1 5 9 11 490
1 5 9 13 12
1 9 9 2 52
1 9 9 11 110
1 9 9 13 548
1 10 9 2 398
1 10 9 11 188
1 10 9 13 632
1 12 9 2 556
1 12 9 11 306
1 12 9 13 100
1 15 9 2 246
1 15 9 11 654
1 15 9 13 384
1 3 10 1 1178
1 3 10 8 150
1 3 10 14 118
1 5 10 1 848
1 5 10 8 400
1 5 10 14 608
1 9 10 1 160
1 9 10 8 404
1 9 10 14 850
1 10 10 1 214
1 10 10 8 298
1 10 10 14 272
1 12 10 1 438
1 12 10 8 136
1 12 10 14 50
1 15 10 1 76
1 15 10 8 94
1 15 10 14 2222
1 3 11 0 140
1 3 11 9 360
1 3 11 15 94
1 5 11 0 548
1 5 11 9 626
1 5 11 15 526
1 9 11 0 52
1 9 11 9 282
1 9 11 15 288
1 10 11 0 144
1 10 11 9 242
1 10 11 15 500
1 12 11 0 110
1 12 11 9 260
1 12 11 15 280
1 15 11 0 646
1 15 11 9 38
1 15 11 15 6
1 3 12 7 122
1 3 12 8 116
1 3 12 14 76
1 5 12 7 272
1 5 12 8 158
1 5 12 14 108
1 9 12 7 200
1 9 12 8 144
1 9 12 14 116
1 10 12 7 352
1 10 12 8 896
1 10 12 14 124
1 12 12 7 242
1 12 12 8 120
1 12 12 14 540
1 15 12 7 326
1 15 12 8 338
1 15 12 14 300
1 3 13 6 128
1 3 13 9 380
1 3 13 15 616
1 5 13 6 86
1 5 13 9 312
1 5 13 15 562
1 9 13 6 226
1 9 13 9 530
1 9 13 15 132
1 10 13 6 150
1 10 13 9 126
1 10 13 15 230
1 12 13 6 568
1 12 13 9 18
1 12 13 15 90
1 15 13 6 2158
1 15 13 9 486
1 15 13 15 142
1 3 14 5 536
1 3 14 10 10
1 3 14 12 144
1 5 14 5 494
1 5 14 10 556
1 5 14 12 386
1 9 14 5 280
1 9 14 10 524
1 9 14 12 430
1 10 14 5 820
1 10 14 10 40
1 10 14 12 450
1 12 14 5 352
1 12 14 10 252
1 12 14 12 60
1 15 14 5 48
1 15 14 10 1964
1 15 14 12 60
1 3 15 4 510
1 3 15 11 266
1 3 15 13 322
1 5 15 4 194
1 5 15 11 776
1 5 15 13 492
1 9 15 4 414
1 9 15 11 340
1 9 15 13 222
1 10 15 4 448
1 10 15 11 560
1 10 15 13 248
1 12 15 4 208
1 12 15 11 22
1 12 15 13 204
1 15 15 4 938
1 15 15 11 564
1 15 15 13 208
2 6 0 2 614
2 6 0 4 452
2 6 0 11 640
2 9 0 2 222
2 9 0 4 200
2 9 0 11 264
2 10 0 2 32
2 10 0 4 554
2 10 0 11 442
2 12 0 2 446
2 12 0 4 536
2 12 0 11 414
2 15 0 2 28
2 15 0 4 66
2 15 0 11 118
2 6 1 3 82
2 6 1 5 154
2 6 1 10 42
2 9 1 3 74
2 9 1 5 976
2 9 1 10 794
2 10 1 3 350
2 10 1 5 8
2 10 1 10 468
2 12 1 3 320
2 12 1 5 12
2 12 1 10 402
2 15 1 3 364
2 15 1 5 40
2 15 1 10 90
2 6 2 0 426
2 6 2 6 62
2 6 2 9 408
2 9 2 0 540
2 9 2 6 270
2 9 2 9 112
2 10 2 0 280
2 10 2 6 508
2 10 2 9 298
2 12 2 0 70
2 12 2 6 34
2 12 2 9 180
2 15 2 0 356
2 15 2 6 16
2 15 2 9 220
2 6 3 1 686
2 6 3 7 94
2 6 3 8 902
2 9 3 1 336
2 9 3 7 202
2 9 3 8 82
2 10 3 1 732
2 10 3 7 134
2 10 3 8 170
2 12 3 1 162
2 12 3 7 492
2 12 3 8 198
2 15 3 1 300
2 15 3 7 850
2 15 3 8 126
2 6 4 0 466
2 6 4 6 368
2 6 4 15 444
2 9 4 0 206
2 9 4 6 400
2 9 4 15 38
2 10 4 0 262
2 10 4 6 490
2 10 4 15 172
2 12 4 0 206
2 12 4 6 918
2 12 4 15 284
2 15 4 0 100
2 15 4 6 232
2 15 4 15 382
2 6 5 1 230
2 6 5 7 354
2 6 5 14 402
2 9 5 1 190
2 9 5 7 6
2 9 5 14 134
2 10 5 1 524
2 10 5 7 74
2 10 5 14 40
2 12 5 1 288
2 12 5 7 206
2 12 5 14 292
2 15 5 1 296
2 15 5 7 32
2 15 5 14 560
2 6 6 2 488
2 6 6 4 18
2 6 6 13 56
2 9 6 2 176
2 9 6 4 130
2 9 6 13 42
2 10 6 2 176
2 10 6 4 242
2 10 6 13 586
2 12 6 2 226
2 12 6 4 46
2 12 6 13 462
2 15 6 2 66
2 15 6 4 488
2 15 6 13 86
2 6 7 3 432
2 6 7 5 312
2 6 7 12 268
2 9 7 3 412
2 9 7 5 300
2 9 7 12 118
2 10 7 3 296
2 10 7 5 142
2 10 7 12 618
2 12 7 3 240
2 12 7 5 28
2 12 7 12 106
2 15 7 3 780
2 15 7 5 268
2 15 7 12 216
2 6 8 3 94
2 6 8 10 80
2 6 8 12 356
2 9 8 3 478
2 9 8 10 318
2 9 8 12 214
2 10 8 3 430
2 10 8 10 400
2 10 8 12 642
2 12 8 3 54
2 12 8 10 130
2 12 8 12 782
2 15 8 3 394
2 15 8 10 858
2 15 8 12 60
2 6 9 2 10
2 6 9 11 430
2 6 9 13 494
2 9 9 2 186
2 9 9 11 216
2 9 9 13 576
2 10 9 2 760
2 10 9 11 134
2 10 9 13 130
2 12 9 2 232
2 12 9 11 52
2 12 9 13 126
2 15 9 2 24
2 15 9 11 160
2 15 9 13 482
2 6 10 1 338
2 6 10 8 2
2 6 10 14 162
2 9 10 1 14
2 9 10 8 44
2 9 10 14 332
2 10 10 1 354
2 10 10 8 636
2 10 10 14 234
2 12 10 1 406
2 12 10 8 376
2 12 10 14 396
2 15 10 1 678
2 15 10 8 202
2 15 10 14 48
2 6 11 0 118
2 6 11 9 420
2 6 11 15 242
2 9 11 0 24
2 9 11 9 72
2 9 11 15 160
2 10 11 0 218
2 10 11 9 176
2 10 11 15 316
2 12 11 0 526
2 12 11 9 446
2 12 11 15 264
2 15 11 0 70
2 15 11 9 18
2 15 11 15 12
2 6 12 7 512
2 6 12 8 266
2 6 12 14 268
2 9 12 7 590
2 9 12 8 374
2 9 12 14 184
2 10 12 7 652
2 10 12 8 168
2 10 12 14 486
2 12 12 7 290
2 12 12 8 628
2 12 12 14 600
2 15 12 7 108
2 15 12 8 372
2 15 12 14 92
2 6 13 6 244
2 6 13 9 12
2 6 13 15 386
2 9 13 6 366
2 9 13 9 22
2 9 13 15 24
2 10 13 6 138
2 10 13 9 130
2 10 13 15 6
2 12 13 6 324
2 12 13 9 8
2 12 13 15 366
2 15 13 6 198
2 15 13 9 70
2 15 13 15 110
2 6 14 5 696
2 6 14 10 352
2 6 14 12 152
2 9 14 5 562
2 9 14 10 302
2 9 14 12 172
2 10 14 5 296
2 10 14 10 326
2 10 14 12 550
2 12 14 5 520
2 12 14 10 450
2 12 14 12 314
2 15 14 5 94
2 15 14 10 64
2 15 14 12 26
2 6 15 4 64
2 6 15 11 206
2 6 15 13 202
2 9 15 4 264
2 9 15 11 884
2 9 15 13 24
2 10 15 4 360
2 10 15 11 476
2 10 15 13 174
2 12 15 4 108
2 12 15 11 188
2 12 15 13 10
2 15 15 4 606
2 15 15 11 66
2 15 15 13 18
3 7 0 2 138
3 7 0 4 266
3 7 0 11 382
3 8 0 2 370
3 8 0 4 400
3 8 0 11 124
3 11 0 2 796
3 11 0 4 158
3 11 0 11 80
3 13 0 2 34
3 13 0 4 430
3 13 0 11 246
3 14 0 2 348
3 14 0 4 104
3 14 0 11 82
3 7 1 3 114
3 7 1 5 432
3 7 1 10 378
3 8 1 3 342
3 8 1 5 182
3 8 1 10 514
3 11 1 3 98
3 11 1 5 780
3 11 1 10 430
3 13 1 3 184
3 13 1 5 182
3 13 1 10 184
3 14 1 3 488
3 14 1 5 258
3 14 1 10 2
3 7 2 0 268
3 7 2 6 70
3 7 2 9 84
3 8 2 0 358
3 8 2 6 166
3 8 2 9 444
3 11 2 0 28
3 11 2 6 534
3 11 2 9 780
3 13 2 0 190
3 13 2 6 366
3 13 2 9 318
3 14 2 0 486
3 14 2 6 206
3 14 2 9 40
3 7 3 1 268
3 7 3 7 454
3 7 3 8 10
3 8 3 1 166
3 8 3 7 550
3 8 3 8 274
3 11 3 1 34
3 11 3 7 50
3 11 3 8 44
3 13 3 1 18
3 13 3 7 398
3 13 3 8 730
3 14 3 1 162
3 14 3 7 230
3 14 3 8 516
3 7 4 0 454
3 7 4 6 324
3 7 4 15 498
3 8 4 0 252
3 8 4 6 340
3 8 4 15 170
3 11 4 0 484
3 11 4 6 334
3 11 4 15 154
3 13 4 0 200
3 13 4 6 234
3 13 4 15 48
3 14 4 0 100
3 14 4 6 102
3 14 4 15 620
3 7 5 1 682
3 7 5 7 324
3 7 5 14 8
3 8 5 1 152
3 8 5 7 6
3 8 5 14 310
3 11 5 1 514
3 11 5 7 124
3 11 5 14 452
3 13 5 1 418
3 13 5 7 4
3 13 5 14 188
3 14 5 1 186
3 14 5 7 416
3 14 5 14 650
3 7 6 2 180
3 7 6 4 292
3 7 6 13 204
3 8 6 2 348
3 8 6 4 546
3 8 6 13 442
3 11 6 2 392
3 11 6 4 280
3 11 6 13 446
3 13 6 2 22
3 13 6 4 70
3 13 6 13 8
3 14 6 2 548
3 14 6 4 576
3 14 6 13 618
3 7 7 3 132
3 7 7 5 98
3 7 7 12 504
3 8 7 3 422
3 8 7 5 178
3 8 7 12 240
3 11 7 3 306
3 11 7 5 230
3 11 7 12 54
3 13 7 3 400
3 13 7 5 62
3 13 7 12 10
3 14 7 3 170
3 14 7 5 398
3 14 7 12 260
3 7 8 3 30
3 7 8 10 266
3 7 8 12 26
3 8 8 3 226
3 8 8 10 430
3 8 8 12 312
3 11 8 3 486
3 11 8 10 304
3 11 8 12 228
3 13 8 3 146
3 13 8 10 188
3 13 8 12 204
3 14 8 3 72
3 14 8 10 422
3 14 8 12 166
3 7 9 2 228
3 7 9 11 34
3 7 9 13 498
3 8 9 2 562
3 8 9 11 62
3 8 9 13 54
3 11 9 2 356
3 11 9 11 14
3 11 9 13 538
3 13 9 2 622
3 13 9 11 4
3 13 9 13 64
3 14 9 2 110
3 14 9 11 280
3 14 9 13 362
3 7 10 1 4
3 7 10 8 524
3 7 10 14 268
3 8 10 1 22
3 8 10 8 224
3 8 10 14 492
3 11 10 1 134
3 11 10 8 486
3 11 10 14 226
3 13 10 1 28
3 13 10 8 80
3 13 10 14 536
3 14 10 1 94
3 14 10 8 190
3 14 10 14 350
3 7 11 0 46
3 7 11 9 244
3 7 11 15 116
3 8 11 0 492
3 8 11 9 128
3 8 11 15 72
3 11 11 0 450
3 11 11 9 26
3 11 11 15 584
3 13 11 0 162
3 13 11 9 340
3 13 11 15 662
3 14 11 0 742
3 14 11 9 628
3 14 11 15 456
3 7 12 7 412
3 7 12 8 162
3 7 12 14 432
3 8 12 7 158
3 8 12 8 210
3 8 12 14 60
3 11 12 7 656
3 11 12 8 818
3 11 12 14 128
3 13 12 7 20
3 13 12 8 452
3 13 12 14 290
3 14 12 7 150
3 14 12 8 44
3 14 12 14 218
3 7 13 6 668
3 7 13 9 306
3 7 13 15 234
3 8 13 6 400
3 8 13 9 584
3 8 13 15 106
3 11 13 6 146
3 11 13 9 194
3 11 13 15 396
3 13 13 6 116
3 13 13 9 102
3 13 13 15 432
3 14 13 6 86
3 14 13 9 100
3 14 13 15 254
3 7 14 5 470
3 7 14 10 666
3 7 14 12 36
3 8 14 5 306
3 8 14 10 138
3 8 14 12 150
3 11 14 5 234
3 11 14 10 110
3 11 14 12 550
3 13 14 5 258
3 13 14 10 122
3 13 14 12 510
3 14 14 5 260
3 14 14 10 270
3 14 14 12 524
3 7 15 4 170
3 7 15 11 44
3 7 15 13 624
3 8 15 4 246
3 8 15 11 42
3 8 15 13 4
3 11 15 4 138
3 11 15 11 426
3 11 15 13 570
3 13 15 4 374
3 13 15 11 90
3 13 15 13 694
3 14 15 4 64
3 14 15 11 420
3 14 15 13 218
4 6 0 2 206
4 6 0 4 20
4 6 0 11 330
4 9 0 2 12
4 9 0 4 2
4 9 0 11 6
4 10 0 2 6
4 10 0 4 244
4 10 0 11 464
4 12 0 2 254
4 12 0 4 508
4 12 0 11 180
4 15 0 2 608
4 15 0 4 380
4 15 0 11 84
4 6 1 3 44
4 6 1 5 288
4 6 1 10 454
4 9 1 3 104
4 9 1 5 374
4 9 1 10 268
4 10 1 3 18
4 10 1 5 92
4 10 1 10 214
4 12 1 3 66
4 12 1 5 62
4 12 1 10 16
4 15 1 3 504
4 15 1 5 184
4 15 1 10 44
4 6 2 0 186
4 6 2 6 90
4 6 2 9 76
4 9 2 0 270
4 9 2 6 52
4 9 2 9 50
4 10 2 0 584
4 10 2 6 110
4 10 2 9 450
4 12 2 0 340
4 12 2 6 158
4 12 2 9 98
4 15 2 0 66
4 15 2 6 200
4 15 2 9 468
4 6 3 1 106
4 6 3 7 36
4 6 3 8 118
4 9 3 1 382
4 9 3 7 288
4 9 3 8 524
4 10 3 1 146
4 10 3 7 150
4 10 3 8 436
4 12 3 1 446
4 12 3 7 32
4 12 3 8 512
4 15 3 1 318
4 15 3 7 488
4 15 3 8 38
4 6 4 0 222
4 6 4 6 654
4 6 4 15 402
4 9 4 0 308
4 9 4 6 340
4 9 4 15 72
4 10 4 0 332
4 10 4 6 182
4 10 4 15 792
4 12 4 0 44
4 12 4 6 186
4 12 4 15 136
4 15 4 0 178
4 15 4 6 400
4 15 4 15 14
4 6 5 1 294
4 6 5 7 198
4 6 5 14 184
4 9 5 1 12
4 9 5 7 604
4 9 5 14 170
4 10 5 1 220
4 10 5 7 378
4 10 5 14 112
4 12 5 1 112
4 12 5 7 724
4 12 5 14 140
4 15 5 1 120
4 15 5 7 88
4 15 5 14 636
4 6 6 2 214
4 6 6 4 196
4 6 6 13 484
4 9 6 2 2
4 9 6 4 174
4 9 6 13 302
4 10 6 2 188
4 10 6 4 20
4 10 6 13 600
4 12 6 2 692
4 12 6 4 58
4 12 6 13 764
4 15 6 2 608
4 15 6 4 376
4 15 6 13 176
4 6 7 3 290
4 6 7 5 100
4 6 7 12 466
4 9 7 3 292
4 9 7 5 648
4 9 7 12 196
4 10 7 3 284
4 10 7 5 116
4 10 7 12 28
4 12 7 3 448
4 12 7 5 488
4 12 7 12 200
4 15 7 3 250
4 15 7 5 174
4 15 7 12 798
4 6 8 3 12
4 6 8 10 152
4 6 8 12 164
4 9 8 3 256
4 9 8 10 388
4 9 8 12 250
4 10 8 3 58
4 10 8 10 428
4 10 8 12 594
4 12 8 3 162
4 12 8 10 182
4 12 8 12 266
4 15 8 3 174
4 15 8 10 610
4 15 8 12 232
4 6 9 2 292
4 6 9 11 88
4 6 9 13 138
4 9 9 2 228
4 9 9 11 478
4 9 9 13 776
4 10 9 2 362
4 10 9 11 156
4 10 9 13 416
4 12 9 2 578
4 12 9 11 186
4 12 9 13 870
4 15 9 2 20
4 15 9 11 188
4 15 9 13 220
4 6 10 1 264
4 6 10 8 912
4 6 10 14 306
4 9 10 1 380
4 9 10 8 154
4 9 10 14 184
4 10 10 1 192
4 10 10 8 712
4 10 10 14 150
4 12 10 1 60
4 12 10 8 286
4 12 10 14 110
4 15 10 1 206
4 15 10 8 26
4 15 10 14 536
4 6 11 0 536
4 6 11 9 118
4 6 11 15 84
4 9 11 0 320
4 9 11 9 296
4 9 11 15 514
4 10 11 0 332
4 10 11 9 752
4 10 11 15 204
4 12 11 0 424
4 12 11 9 68
4 12 11 15 158
4 15 11 0 220
4 15 11 9 340
4 15 11 15 440
4 6 12 7 166
4 6 12 8 78
4 6 12 14 310
4 9 12 7 312
4 9 12 8 434
4 9 12 14 164
4 10 12 7 50
4 10 12 8 268
4 10 12 14 252
4 12 12 7 442
4 12 12 8 570
4 12 12 14 732
4 15 12 7 200
4 15 12 8 772
4 15 12 14 422
4 6 13 6 48
4 6 13 9 170
4 6 13 15 702
4 9 13 6 14
4 9 13 9 664
4 9 13 15 198
4 10 13 6 22
4 10 13 9 190
4 10 13 15 766
4 12 13 6 256
4 12 13 9 470
4 12 13 15 280
4 15 13 6 218
4 15 13 9 162
4 15 13 15 858
4 6 14 5 288
4 6 14 10 68
4 6 14 12 294
4 9 14 5 104
4 9 14 10 368
4 9 14 12 224
4 10 14 5 302
4 10 14 10 300
4 10 14 12 246
4 12 14 5 54
4 12 14 10 242
4 12 14 12 60
4 15 14 5 12
4 15 14 10 90
4 15 14 12 76
4 6 15 4 266
4 6 15 11 676
4 6 15 13 522
4 9 15 4 312
4 9 15 11 86
4 9 15 13 146
4 10 15 4 62
4 10 15 11 122
4 10 15 13 590
4 12 15 4 498
4 12 15 11 202
4 12 15 13 80
4 15 15 4 328
4 15 15 11 406
4 15 15 13 530
5 7 0 2 646
5 7 0 4 914
5 7 0 11 58
5 8 0 2 152
5 8 0 4 190
5 8 0 11 258
5 11 0 2 650
5 11 0 4 298
5 11 0 11 42
5 13 0 2 494
5 13 0 4 622
5 13 0 11 166
5 14 0 2 64
5 14 0 4 300
5 14 0 11 54
5 7 1 3 592
5 7 1 5 92
5 7 1 10 28
5 8 1 3 630
5 8 1 5 258
5 8 1 10 12
5 11 1 3 132
5 11 1 5 20
5 11 1 10 312
5 13 1 3 68
5 13 1 5 578
5 13 1 10 20
5 14 1 3 588
5 14 1 5 374
5 14 1 10 50
5 7 2 0 546
5 7 2 6 104
5 7 2 9 420
5 8 2 0 32
5 8 2 6 232
5 8 2 9 412
5 11 2 0 336
5 11 2 6 518
5 11 2 9 598
5 13 2 0 102
5 13 2 6 0
5 13 2 9 486
5 14 2 0 150
5 14 2 6 394
5 14 2 9 36
5 7 3 1 30
5 7 3 7 258
5 7 3 8 124
5 8 3 1 320
5 8 3 7 74
5 8 3 8 48
5 11 3 1 376
5 11 3 7 172
5 11 3 8 94
5 13 3 1 30
5 13 3 7 330
5 13 3 8 80
5 14 3 1 18
5 14 3 7 20
5 14 3 8 36
5 7 4 0 72
5 7 4 6 76
5 7 4 15 284
5 8 4 0 180
5 8 4 6 348
5 8 4 15 202
5 11 4 0 418
5 11 4 6 232
5 11 4 15 528
5 13 4 0 204
5 13 4 6 8
5 13 4 15 14
5 14 4 0 30
5 14 4 6 598
5 14 4 15 296
5 7 5 1 830
5 7 5 7 192
5 7 5 14 470
5 8 5 1 552
5 8 5 7 28
5 8 5 14 436
5 11 5 1 478
5 11 5 7 266
5 11 5 14 558
5 13 5 1 192
5 13 5 7 26
5 13 5 14 146
5 14 5 1 344
5 14 5 7 132
5 14 5 14 132
5 7 6 2 364
5 7 6 4 656
5 7 6 13 182
5 8 6 2 126
5 8 6 4 166
5 8 6 13 582
5 11 6 2 34
5 11 6 4 362
5 11 6 13 138
5 13 6 2 34
5 13 6 4 536
5 13 6 13 258
5 14 6 2 368
5 14 6 4 672
5 14 6 13 360
5 7 7 3 194
5 7 7 5 144
5 7 7 12 594
5 8 7 3 248
5 8 7 5 598
5 8 7 12 172
5 11 7 3 150
5 11 7 5 388
5 11 7 12 314
5 13 7 3 1160
5 13 7 5 348
5 13 7 12 472
5 14 7 3 424
5 14 7 5 202
5 14 7 12 462
5 7 8 3 648
5 7 8 10 984
5 7 8 12 140
5 8 8 3 64
5 8 8 10 28
5 8 8 12 66
5 11 8 3 272
5 11 8 10 98
5 11 8 12 0
5 13 8 3 148
5 13 8 10 454
5 13 8 12 44
5 14 8 3 928
5 14 8 10 318
5 14 8 12 426
5 7 9 2 576
5 7 9 11 192
5 7 9 13 212
5 8 9 2 446
5 8 9 11 924
5 8 9 13 88
5 11 9 2 40
5 11 9 11 210
5 11 9 13 142
5 13 9 2 220
5 13 9 11 160
5 13 9 13 290
5 14 9 2 466
5 14 9 11 84
5 14 9 13 504
5 7 10 1 172
5 7 10 8 36
5 7 10 14 212
5 8 10 1 218
5 8 10 8 14
5 8 10 14 546
5 11 10 1 116
5 11 10 8 136
5 11 10 14 8
5 13 10 1 162
5 13 10 8 274
5 13 10 14 74
5 14 10 1 366
5 14 10 8 176
5 14 10 14 378
5 7 11 0 56
5 7 11 9 192
5 7 11 15 440
5 8 11 0 488
5 8 11 9 796
5 8 11 15 14
5 11 11 0 84
5 11 11 9 424
5 11 11 15 874
5 13 11 0 188
5 13 11 9 144
5 13 11 15 256
5 14 11 0 260
5 14 11 9 2
5 14 11 15 632
5 7 12 7 16
5 7 12 8 1016
5 7 12 14 6
5 8 12 7 204
5 8 12 8 142
5 8 12 14 374
5 11 12 7 26
5 11 12 8 128
5 11 12 14 8
5 13 12 7 322
5 13 12 8 326
5 13 12 14 148
5 14 12 7 434
5 14 12 8 706
5 14 12 14 82
5 7 13 6 200
5 7 13 9 688
5 7 13 15 694
5 8 13 6 222
5 8 13 9 60
5 8 13 15 48
5 11 13 6 28
5 11 13 9 210
5 11 13 15 102
5 13 13 6 208
5 13 13 9 22
5 13 13 15 224
5 14 13 6 90
5 14 13 9 484
5 14 13 15 378
5 7 14 5 254
5 7 14 10 166
5 7 14 12 238
5 8 14 5 196
5 8 14 10 50
5 8 14 12 328
5 11 14 5 174
5 11 14 10 944
5 11 14 12 100
5 13 14 5 52
5 13 14 10 318
5 13 14 12 22
5 14 14 5 296
5 14 14 10 50
5 14 14 12 492
5 7 15 4 558
5 7 15 11 98
5 7 15 13 46
5 8 15 4 20
5 8 15 11 142
5 8 15 13 230
5 11 15 4 640
5 11 15 11 404
5 11 15 13 458
5 13 15 4 470
5 13 15 11 358
5 13 15 13 416
5 14 15 4 472
5 14 15 11 36
5 14 15 13 424
6 8 0 2 594
6 8 0 4 672
6 8 0 11 292
6 11 0 2 188
6 11 0 4 148
6 11 0 11 200
6 13 0 2 96
6 13 0 4 166
6 13 0 11 508
6 14 0 2 6
6 14 0 4 16
6 14 0 11 92
6 8 1 3 252
6 8 1 5 218
6 8 1 10 680
6 11 1 3 238
6 11 1 5 8
6 11 1 10 112
6 13 1 3 652
6 13 1 5 376
6 13 1 10 376
6 14 1 3 200
6 14 1 5 170
6 14 1 10 500
6 8 2 0 344
6 8 2 6 570
6 8 2 9 200
6 11 2 0 218
6 11 2 6 124
6 11 2 9 892
6 13 2 0 348
6 13 2 6 40
6 13 2 9 538
6 14 2 0 42
6 14 2 6 242
6 14 2 9 268
6 8 3 1 340
6 8 3 7 136
6 8 3 8 92
6 11 3 1 30
6 11 3 7 378
6 11 3 8 290
6 13 3 1 198
6 13 3 7 134
6 13 3 8 564
6 14 3 1 398
6 14 3 7 316
6 14 3 8 92
6 8 4 0 40
6 8 4 6 88
6 8 4 15 394
6 11 4 0 510
6 11 4 6 250
6 11 4 15 354
6 13 4 0 274
6 13 4 6 220
6 13 4 15 148
6 14 4 0 40
6 14 4 6 156
6 14 4 15 62
6 8 5 1 74
6 8 5 7 468
6 8 5 14 798
6 11 5 1 734
6 11 5 7 290
6 11 5 14 262
6 13 5 1 592
6 13 5 7 682
6 13 5 14 256
6 14 5 1 12
6 14 5 7 604
6 14 5 14 26
6 8 6 2 44
6 8 6 4 76
6 8 6 13 2594
6 11 6 2 504
6 11 6 4 230
6 11 6 13 36
6 13 6 2 176
6 13 6 4 542
6 13 6 13 38
6 14 6 2 512
6 14 6 4 714
6 14 6 13 132
6 8 7 3 128
6 8 7 5 136
6 8 7 12 560
6 11 7 3 558
6 11 7 5 140
6 11 7 12 96
6 13 7 3 766
6 13 7 5 88
6 13 7 12 430
6 14 7 3 32
6 14 7 5 528
6 14 7 12 28
6 8 8 3 124
6 8 8 10 222
6 8 8 12 228
6 11 8 3 724
6 11 8 10 448
6 11 8 12 182
6 13 8 3 116
6 13 8 10 514
6 13 8 12 374
6 14 8 3 222
6 14 8 10 218
6 14 8 12 462
6 8 9 2 28
6 8 9 11 554
6 8 9 13 480
6 11 9 2 74
6 11 9 11 844
6 11 9 13 44
6 13 9 2 462
6 13 9 11 506
6 13 9 13 180
6 14 9 2 226
6 14 9 11 330
6 14 9 13 438
6 8 10 1 266
6 8 10 8 282
6 8 10 14 2414
6 11 10 1 212
6 11 10 8 150
6 11 10 14 270
6 13 10 1 146
6 13 10 8 440
6 13 10 14 242
6 14 10 1 312
6 14 10 8 522
6 14 10 14 186
6 8 11 0 534
6 8 11 9 20
6 8 11 15 546
6 11 11 0 428
6 11 11 9 232
6 11 11 15 158
6 13 11 0 334
6 13 11 9 104
6 13 11 15 14
6 14 11 0 420
6 14 11 9 228
6 14 11 15 582
6 8 12 7 116
6 8 12 8 538
6 8 12 14 132
6 11 12 7 54
6 11 12 8 514
6 11 12 14 170
6 13 12 7 586
6 13 12 8 318
6 13 12 14 230
6 14 12 7 14
6 14 12 8 300
6 14 12 14 298
6 8 13 6 2466
6 8 13 9 138
6 8 13 15 356
6 11 13 6 654
6 11 13 9 54
6 11 13 15 170
6 13 13 6 98
6 13 13 9 118
6 13 13 15 98
6 14 13 6 274
6 14 13 9 334
6 14 13 15 310
6 8 14 5 560
6 8 14 10 2206
6 8 14 12 168
6 11 14 5 238
6 11 14 10 382
6 11 14 12 362
6 13 14 5 424
6 13 14 10 536
6 13 14 12 284
6 14 14 5 786
6 14 14 10 38
6 14 14 12 104
6 8 15 4 38
6 8 15 11 222
6 8 15 13 184
6 11 15 4 106
6 11 15 11 262
6 11 15 13 136
6 13 15 4 462
6 13 15 11 722
6 13 15 13 480
6 14 15 4 432
6 14 15 11 124
6 14 15 13 104
7 9 0 2 342
7 9 0 4 124
7 9 0 11 276
7 10 0 2 42
7 10 0 4 262
7 10 0 11 344
7 12 0 2 346
7 12 0 4 348
7 12 0 11 292
7 15 0 2 126
7 15 0 4 328
7 15 0 11 752
7 9 1 3 458
7 9 1 5 482
7 9 1 10 194
7 10 1 3 328
7 10 1 5 12
7 10 1 10 308
7 12 1 3 212
7 12 1 5 166
7 12 1 10 262
7 15 1 3 12
7 15 1 5 426
7 15 1 10 154
7 9 2 0 264
7 9 2 6 254
7 9 2 9 76
7 10 2 0 154
7 10 2 6 346
7 10 2 9 486
7 12 2 0 194
7 12 2 6 350
7 12 2 9 444
7 15 2 0 96
7 15 2 6 420
7 15 2 9 320
7 9 3 1 228
7 9 3 7 470
7 9 3 8 358
7 10 3 1 742
7 10 3 7 214
7 10 3 8 274
7 12 3 1 156
7 12 3 7 14
7 12 3 8 90
7 15 3 1 434
7 15 3 7 88
7 15 3 8 392
7 9 4 0 184
7 9 4 6 446
7 9 4 15 538
7 10 4 0 338
7 10 4 6 322
7 10 4 15 330
7 12 4 0 164
7 12 4 6 186
7 12 4 15 402
7 15 4 0 360
7 15 4 6 196
7 15 4 15 666
7 9 5 1 190
7 9 5 7 432
7 9 5 14 482
7 10 5 1 454
7 10 5 7 424
7 10 5 14 74
7 12 5 1 450
7 12 5 7 796
7 12 5 14 264
7 15 5 1 484
7 15 5 7 368
7 15 5 14 770
7 9 6 2 466
7 9 6 4 2
7 9 6 13 282
7 10 6 2 910
7 10 6 4 650
7 10 6 13 24
7 12 6 2 22
7 12 6 4 68
7 12 6 13 134
7 15 6 2 72
7 15 6 4 202
7 15 6 13 432
7 9 7 3 190
7 9 7 5 652
7 9 7 12 340
7 10 7 3 790
7 10 7 5 210
7 10 7 12 356
7 12 7 3 220
7 12 7 5 236
7 12 7 12 78
7 15 7 3 344
7 15 7 5 604
7 15 7 12 390
7 9 8 3 212
7 9 8 10 62
7 9 8 12 358
7 10 8 3 30
7 10 8 10 94
7 10 8 12 2
7 12 8 3 368
7 12 8 10 176
7 12 8 12 108
7 15 8 3 562
7 15 8 10 178
7 15 8 12 390
7 9 9 2 650
7 9 9 11 442
7 9 9 13 152
7 10 9 2 12
7 10 9 11 142
7 10 9 13 52
7 12 9 2 616
7 12 9 11 186
7 12 9 13 32
7 15 9 2 40
7 15 9 11 494
7 15 9 13 76
7 9 10 1 478
7 9 10 8 16
7 9 10 14 580
7 10 10 1 290
7 10 10 8 328
7 10 10 14 32
7 12 10 1 356
7 12 10 8 24
7 12 10 14 810
7 15 10 1 6
7 15 10 8 638
7 15 10 14 108
7 9 11 0 382
7 9 11 9 584
7 9 11 15 126
7 10 11 0 466
7 10 11 9 138
7 10 11 15 122
7 12 11 0 262
7 12 11 9 490
7 12 11 15 0
7 15 11 0 118
7 15 11 9 46
7 15 11 15 68
7 9 12 7 42
7 9 12 8 260
7 9 12 14 290
7 10 12 7 18
7 10 12 8 88
7 10 12 14 142
7 12 12 7 268
7 12 12 8 206
7 12 12 14 398
7 15 12 7 32
7 15 12 8 244
7 15 12 14 620
7 9 13 6 364
7 9 13 9 284
7 9 13 15 40
7 10 13 6 312
7 10 13 9 268
7 10 13 15 552
7 12 13 6 376
7 12 13 9 6
7 12 13 15 112
7 15 13 6 418
7 15 13 9 336
7 15 13 15 32
7 9 14 5 530
7 9 14 10 196
7 9 14 12 754
7 10 14 5 896
7 10 14 10 16
7 10 14 12 168
7 12 14 5 162
7 12 14 10 412
7 12 14 12 78
7 15 14 5 760
7 15 14 10 428
7 15 14 12 132
7 9 15 4 38
7 9 15 11 126
7 9 15 13 174
7 10 15 4 192
7 10 15 11 54
7 10 15 13 230
7 12 15 4 270
7 12 15 11 372
7 12 15 13 232
7 15 15 4 140
7 15 15 11 154
7 15 15 13 158
8 10 0 2 216
8 10 0 4 122
8 10 0 11 326
8 12 0 2 4
8 12 0 4 60
8 12 0 11 424
8 10 1 3 104
8 10 1 5 834
8 10 1 10 708
8 12 1 3 62
8 12 1 5 116
8 12 1 10 220
8 10 2 0 432
8 10 2 6 340
8 10 2 9 14
8 12 2 0 112
8 12 2 6 312
8 12 2 9 272
8 10 3 1 340
8 10 3 7 174
8 10 3 8 104
8 12 3 1 30
8 12 3 7 2
8 12 3 8 20
8 10 4 0 384
8 10 4 6 128
8 10 4 15 130
8 12 4 0 8
8 12 4 6 444
8 12 4 15 608
8 10 5 1 128
8 10 5 7 26
8 10 5 14 202
8 12 5 1 310
8 12 5 7 22
8 12 5 14 86
8 10 6 2 452
8 10 6 4 400
8 10 6 13 184
8 12 6 2 462
8 12 6 4 114
8 12 6 13 388
8 10 7 3 2
8 10 7 5 94
8 10 7 12 218
8 12 7 3 334
8 12 7 5 488
8 12 7 12 66
8 10 8 3 298
8 10 8 10 292
8 10 8 12 736
8 12 8 3 542
8 12 8 10 96
8 12 8 12 338
8 10 9 2 270
8 10 9 11 392
8 10 9 13 392
8 12 9 2 42
8 12 9 11 384
8 12 9 13 716
8 10 10 1 300
8 10 10 8 374
8 10 10 14 396
8 12 10 1 116
8 12 10 8 6
8 12 10 14 602
8 10 11 0 2
8 10 11 9 158
8 10 11 15 486
8 12 11 0 276
8 12 11 9 930
8 12 11 15 230
8 10 12 7 44
8 10 12 8 242
8 10 12 14 62
8 12 12 7 722
8 12 12 8 102
8 12 12 14 82
8 10 13 6 552
8 10 13 9 748
8 10 13 15 442
8 12 13 6 320
8 12 13 9 536
8 12 13 15 596
8 10 14 5 244
8 10 14 10 176
8 10 14 12 136
8 12 14 5 266
8 12 14 10 118
8 12 14 12 764
8 10 15 4 242
8 10 15 11 212
8 10 15 13 110
8 12 15 4 470
8 12 15 11 276
8 12 15 13 236
9 11 0 2 180
9 11 0 4 206
9 11 0 11 528
9 13 0 2 616
9 13 0 4 30
9 13 0 11 412
9 11 1 3 596
9 11 1 5 280
9 11 1 10 578
9 13 1 3 128
9 13 1 5 304
9 13 1 10 554
9 11 2 0 164
9 11 2 6 506
9 11 2 9 564
9 13 2 0 292
9 13 2 6 144
9 13 2 9 140
9 11 3 1 8
9 11 3 7 132
9 11 3 8 24
9 13 3 1 646
9 13 3 7 194
9 13 3 8 670
9 11 4 0 204
9 11 4 6 208
9 11 4 15 144
9 13 4 0 218
9 13 4 6 70
9 13 4 15 72
9 11 5 1 322
9 11 5 7 142
9 11 5 14 804
9 13 5 1 436
9 13 5 7 272
9 13 5 14 238
9 11 6 2 236
9 11 6 4 142
9 11 6 13 684
9 13 6 2 98
9 13 6 4 2
9 13 6 13 122
9 11 7 3 40
9 11 7 5 280
9 11 7 12 438
9 13 7 3 88
9 13 7 5 80
9 13 7 12 226
9 11 8 3 288
9 11 8 10 286
9 11 8 12 92
9 13 8 3 626
9 13 8 10 220
9 13 8 12 932
9 11 9 2 108
9 11 9 11 240
9 11 9 13 206
9 13 9 2 88
9 13 9 11 298
9 13 9 13 296
9 11 10 1 122
9 11 10 8 56
9 11 10 14 1006
9 13 10 1 392
9 13 10 8 632
9 13 10 14 596
9 11 11 0 232
9 11 11 9 74
9 11 11 15 220
9 13 11 0 142
9 13 11 9 80
9 13 11 15 86
9 11 12 7 560
9 11 12 8 526
9 11 12 14 894
9 13 12 7 392
9 13 12 8 106
9 13 12 14 442
9 11 13 6 398
9 11 13 9 834
9 11 13 15 90
9 13 13 6 460
9 13 13 9 672
9 13 13 15 18
9 11 14 5 228
9 11 14 10 92
9 11 14 12 76
9 13 14 5 278
9 13 14 10 734
9 13 14 12 114
9 11 15 4 166
9 11 15 11 502
9 11 15 13 8
9 13 15 4 48
9 13 15 11 230
9 13 15 13 260
10 14 0 2 12
10 14 0 4 308
10 14 0 11 74
10 14 1 3 330
10 14 1 5 124
10 14 1 10 174
10 14 2 0 74
10 14 2 6 590
10 14 2 9 180
10 14 3 1 102
10 14 3 7 108
10 14 3 8 218
10 14 4 0 482
10 14 4 6 178
10 14 4 15 288
10 14 5 1 122
10 14 5 7 236
10 14 5 14 274
10 14 6 2 110
10 14 6 4 484
10 14 6 13 266
10 14 7 3 4
10 14 7 5 412
10 14 7 12 72
10 14 8 3 124
10 14 8 10 408
10 14 8 12 366
10 14 9 2 362
10 14 9 11 240
10 14 9 13 50
10 14 10 1 530
10 14 10 8 18
10 14 10 14 218
10 14 11 0 142
10 14 11 9 106
10 14 11 15 114
10 14 12 7 172
10 14 12 8 254
10 14 12 14 480
10 14 13 6 372
10 14 13 9 224
10 14 13 15 276
10 14 14 5 204
10 14 14 10 312
10 14 14 12 774
10 14 15 4 28
10 14 15 11 330
10 14 15 13 12
11 15 0 2 144
11 15 0 4 484
11 15 0 11 574
11 15 1 3 104
11 15 1 5 466
11 15 1 10 852
11 15 2 0 290
11 15 2 6 64
11 15 2 9 502
11 15 3 1 110
11 15 3 7 246
11 15 3 8 108
11 15 4 0 242
11 15 4 6 538
11 15 4 15 388
11 15 5 1 32
11 15 5 7 136
11 15 5 14 238
11 15 6 2 146
11 15 6 4 134
11 15 6 13 340
11 15 7 3 382
11 15 7 5 370
11 15 7 12 508
11 15 8 3 152
11 15 8 10 140
11 15 8 12 218
11 15 9 2 66
11 15 9 11 174
11 15 9 13 134
11 15 10 1 16
11 15 10 8 696
11 15 10 14 526
11 15 11 0 200
11 15 11 9 34
11 15 11 15 214
11 15 12 7 42
11 15 12 8 212
11 15 12 14 34
11 15 13 6 844
11 15 13 9 40
11 15 13 15 52
11 15 14 5 94
11 15 14 10 202
11 15 14 12 788
11 15 15 4 146
11 15 15 11 612
11 15 15 13 408
12 14 0 2 270
12 14 0 4 430
12 14 0 11 1016
12 14 1 3 252
12 14 1 5 946
12 14 1 10 298
12 14 2 0 14
12 14 2 6 418
12 14 2 9 22
12 14 3 1 518
12 14 3 7 330
12 14 3 8 166
12 14 4 0 558
12 14 4 6 374
12 14 4 15 88
12 14 5 1 54
12 14 5 7 370
12 14 5 14 152
12 14 6 2 96
12 14 6 4 432
12 14 6 13 68
12 14 7 3 48
12 14 7 5 164
12 14 7 12 306
12 14 8 3 146
12 14 8 10 88
12 14 8 12 152
12 14 9 2 28
12 14 9 11 166
12 14 9 13 22
12 14 10 1 176
12 14 10 8 734
12 14 10 14 124
12 14 11 0 92
12 14 11 9 144
12 14 11 15 470
12 14 12 7 26
12 14 12 8 276
12 14 12 14 514
12 14 13 6 338
12 14 13 9 250
12 14 13 15 216
12 14 14 5 168
12 14 14 10 372
12 14 14 12 788
12 14 15 4 186
12 14 15 11 158
12 14 15 13 110
13 15 0 2 258
13 15 0 4 606
13 15 0 11 472
13 15 1 3 470
13 15 1 5 290
13 15 1 10 114
13 15 2 0 58
13 15 2 6 32
13 15 2 9 80
13 15 3 1 544
13 15 3 7 256
13 15 3 8 236
13 15 4 0 134
13 15 4 6 132
13 15 4 15 58
13 15 5 1 252
13 15 5 7 520
13 15 5 14 104
13 15 6 2 90
13 15 6 4 108
13 15 6 13 258
13 15 7 3 28
13 15 7 5 12
13 15 7 12 612
13 15 8 3 726
13 15 8 10 172
13 15 8 12 104
13 15 9 2 454
13 15 9 11 286
13 15 9 13 256
13 15 10 1 78
13 15 10 8 76
13 15 10 14 410
13 15 11 0 590
13 15 11 9 606
13 15 11 15 386
13 15 12 7 144
13 15 12 8 102
13 15 12 14 52
13 15 13 6 138
13 15 13 9 134
13 15 13 15 450
13 15 14 5 1004
13 15 14 10 20
13 15 14 12 222
13 15 15 4 156
13 15 15 11 210
13 15 15 13 20
