0 2 0 2 2576
0 2 0 4 1696
0 2 0 6 1124
0 4 0 2 4588
0 4 0 4 1858
0 4 0 6 3142
0 8 0 2 5846
0 8 0 4 2464
0 8 0 6 164
0 2 1 3 1184
0 2 1 5 3058
0 2 1 7 1248
0 4 1 3 4156
0 4 1 5 4038
0 4 1 7 3022
0 8 1 3 2058
0 8 1 5 634
0 8 1 7 3612
0 2 2 0 876
0 2 2 4 1316
0 2 2 6 3150
0 4 2 0 3060
0 4 2 4 1482
0 4 2 6 1406
0 8 2 0 1724
0 8 2 4 186
0 8 2 6 1176
0 2 3 1 610
0 2 3 5 4220
0 2 3 7 1068
0 4 3 1 1782
0 4 3 5 1564
0 4 3 7 700
0 8 3 1 878
0 8 3 5 1304
0 8 3 7 610
0 2 4 0 150
0 2 4 2 1424
0 2 4 6 1698
0 4 4 0 3936
0 4 4 2 1138
0 4 4 6 2860
0 8 4 0 628
0 8 4 2 1932
0 8 4 6 3354
0 2 5 1 944
0 2 5 3 688
0 2 5 7 1192
0 4 5 1 798
0 4 5 3 2588
0 4 5 7 1148
0 8 5 1 3370
0 8 5 3 2554
0 8 5 7 3684
0 2 6 0 602
0 2 6 2 844
0 2 6 4 1098
0 4 6 0 98
0 4 6 2 3578
0 4 6 4 3850
0 8 6 0 788
0 8 6 2 4618
0 8 6 4 1226
0 2 7 1 930
0 2 7 3 1096
0 2 7 5 1556
0 4 7 1 614
0 4 7 3 2804
0 4 7 5 512
0 8 7 1 1968
0 8 7 3 1366
0 8 7 5 328
0 2 8 10 3930
0 2 8 12 2326
0 2 8 14 2576
0 4 8 10 1312
0 4 8 12 2692
0 4 8 14 4084
0 8 8 10 1412
0 8 8 12 3196
0 8 8 14 1310
0 2 9 11 946
0 2 9 13 2046
0 2 9 15 702
0 4 9 11 3794
0 4 9 13 334
0 4 9 15 546
0 8 9 11 3568
0 8 9 13 3698
0 8 9 15 920
0 2 10 8 1638
0 2 10 12 3398
0 2 10 14 1538
0 4 10 8 568
0 4 10 12 1514
0 4 10 14 82
0 8 10 8 7086
0 8 10 12 2782
0 8 10 14 790
0 2 11 9 2688
0 2 11 13 3238
0 2 11 15 268
0 4 11 9 1462
0 4 11 13 348
0 4 11 15 3772
0 8 11 9 8844
0 8 11 13 5326
0 8 11 15 1140
0 2 12 8 4354
0 2 12 10 1568
0 2 12 14 3284
0 4 12 8 1526
0 4 12 10 2536
0 4 12 14 1110
0 8 12 8 9002
0 8 12 10 696
0 8 12 14 3650
0 2 13 9 5162
0 2 13 11 2652
0 2 13 15 4302
0 4 13 9 160
0 4 13 11 244
0 4 13 15 230
0 8 13 9 2980
0 8 13 11 4098
0 8 13 15 1776
0 2 14 8 1070
0 2 14 10 3456
0 2 14 12 3836
0 4 14 8 192
0 4 14 10 1174
0 4 14 12 236
0 8 14 8 1922
0 8 14 10 1782
0 8 14 12 2088
0 2 15 9 4022
0 2 15 11 950
0 2 15 13 3788
0 4 15 9 1354
0 4 15 11 4798
0 4 15 13 3164
0 8 15 9 3386
0 8 15 11 434
0 8 15 13 3216
1 3 0 2 58
1 3 0 4 3486
1 3 0 6 1168
1 5 0 2 3936
1 5 0 4 4370
1 5 0 6 308
1 9 0 2 1730
1 9 0 4 1960
1 9 0 6 1518
1 3 1 3 1342
1 3 1 5 176
1 3 1 7 1018
1 5 1 3 2706
1 5 1 5 942
1 5 1 7 276
1 9 1 3 3896
1 9 1 5 70
1 9 1 7 88
1 3 2 0 3402
1 3 2 4 958
1 3 2 6 288
1 5 2 0 9588
1 5 2 4 5388
1 5 2 6 452
1 9 2 0 2620
1 9 2 4 650
1 9 2 6 6276
1 3 3 1 1440
1 3 3 5 582
1 3 3 7 4954
1 5 3 1 3184
1 5 3 5 3140
1 5 3 7 1132
1 9 3 1 880
1 9 3 5 2570
1 9 3 7 3138
1 3 4 0 358
1 3 4 2 2554
1 3 4 6 4792
1 5 4 0 4356
1 5 4 2 3798
1 5 4 6 7088
1 9 4 0 4130
1 9 4 2 3954
1 9 4 6 692
1 3 5 1 426
1 3 5 3 546
1 3 5 7 4004
1 5 5 1 1152
1 5 5 3 1724
1 5 5 7 6372
1 9 5 1 1486
1 9 5 3 446
1 9 5 7 7500
1 3 6 0 1310
1 3 6 2 984
1 3 6 4 3964
1 5 6 0 246
1 5 6 2 1220
1 5 6 4 2608
1 9 6 0 5190
1 9 6 2 1554
1 9 6 4 3668
1 3 7 1 1158
1 3 7 3 6084
1 3 7 5 1590
1 5 7 1 220
1 5 7 3 1708
1 5 7 5 1596
1 9 7 1 518
1 9 7 3 2506
1 9 7 5 528
1 3 8 10 714
1 3 8 12 1422
1 3 8 14 838
1 5 8 10 560
1 5 8 12 2490
1 5 8 14 2412
1 9 8 10 1952
1 9 8 12 904
1 9 8 14 2724
1 3 9 11 30
1 3 9 13 2976
1 3 9 15 110
1 5 9 11 6184
1 5 9 13 914
1 5 9 15 1072
1 9 9 11 2264
1 9 9 13 2252
1 9 9 15 1260
1 3 10 8 494
1 3 10 12 1054
1 3 10 14 3050
1 5 10 8 3136
1 5 10 12 1884
1 5 10 14 3890
1 9 10 8 684
1 9 10 12 2574
1 9 10 14 256
1 3 11 9 4182
1 3 11 13 400
1 3 11 15 226
1 5 11 9 176
1 5 11 13 2112
1 5 11 15 1402
1 9 11 9 2614
1 9 11 13 516
1 9 11 15 328
1 3 12 8 5540
1 3 12 10 2546
1 3 12 14 406
1 5 12 8 2662
1 5 12 10 2870
1 5 12 14 364
1 9 12 8 636
1 9 12 10 9524
1 9 12 14 1018
1 3 13 9 2500
1 3 13 11 1958
1 3 13 15 1976
1 5 13 9 936
1 5 13 11 2668
1 5 13 15 6788
1 9 13 9 3622
1 9 13 11 4066
1 9 13 15 5072
1 3 14 8 3376
1 3 14 10 2534
1 3 14 12 1006
1 5 14 8 2204
1 5 14 10 992
1 5 14 12 3058
1 9 14 8 3290
1 9 14 10 5032
1 9 14 12 608
1 3 15 9 3852
1 3 15 11 2028
1 3 15 13 4248
1 5 15 9 2350
1 5 15 11 402
1 5 15 13 2454
1 9 15 9 1414
1 9 15 11 1800
1 9 15 13 772
2 6 0 2 1774
2 6 0 4 6480
2 6 0 6 1210
2 10 0 2 3754
2 10 0 4 1692
2 10 0 6 2616
2 6 1 3 4254
2 6 1 5 446
2 6 1 7 1750
2 10 1 3 3208
2 10 1 5 520
2 10 1 7 2814
2 6 2 0 268
2 6 2 4 1146
2 6 2 6 262
2 10 2 0 2342
2 10 2 4 1586
2 10 2 6 2356
2 6 3 1 1130
2 6 3 5 1398
2 6 3 7 2698
2 10 3 1 670
2 10 3 5 2472
2 10 3 7 192
2 6 4 0 2798
2 6 4 2 7110
2 6 4 6 5298
2 10 4 0 1296
2 10 4 2 4694
2 10 4 6 308
2 6 5 1 1932
2 6 5 3 4882
2 6 5 7 1390
2 10 5 1 4660
2 10 5 3 756
2 10 5 7 1336
2 6 6 0 4122
2 6 6 2 880
2 6 6 4 1358
2 10 6 0 1736
2 10 6 2 1416
2 10 6 4 4144
2 6 7 1 3038
2 6 7 3 1842
2 6 7 5 1374
2 10 7 1 5934
2 10 7 3 202
2 10 7 5 2104
2 6 8 10 2486
2 6 8 12 1574
2 6 8 14 2768
2 10 8 10 764
2 10 8 12 1294
2 10 8 14 980
2 6 9 11 642
2 6 9 13 394
2 6 9 15 130
2 10 9 11 5228
2 10 9 13 1470
2 10 9 15 9426
2 6 10 8 1758
2 6 10 12 1434
2 6 10 14 3232
2 10 10 8 750
2 10 10 12 1006
2 10 10 14 744
2 6 11 9 1976
2 6 11 13 2886
2 6 11 15 5302
2 10 11 9 772
2 10 11 13 5270
2 10 11 15 1504
2 6 12 8 906
2 6 12 10 1498
2 6 12 14 56
2 10 12 8 548
2 10 12 10 966
2 10 12 14 390
2 6 13 9 750
2 6 13 11 3224
2 6 13 15 322
2 10 13 9 800
2 10 13 11 1234
2 10 13 15 7226
2 6 14 8 1058
2 6 14 10 3934
2 6 14 12 2926
2 10 14 8 1554
2 10 14 10 348
2 10 14 12 5504
2 6 15 9 1574
2 6 15 11 1678
2 6 15 13 1212
2 10 15 9 3556
2 10 15 11 1160
2 10 15 13 1174
3 7 0 2 2984
3 7 0 4 1432
3 7 0 6 2032
3 11 0 2 1780
3 11 0 4 170
3 11 0 6 2262
3 7 1 3 3626
3 7 1 5 3374
3 7 1 7 154
3 11 1 3 3822
3 11 1 5 172
3 11 1 7 2088
3 7 2 0 574
3 7 2 4 1502
3 7 2 6 76
3 11 2 0 2252
3 11 2 4 2852
3 11 2 6 2530
3 7 3 1 2092
3 7 3 5 1262
3 7 3 7 1680
3 11 3 1 1482
3 11 3 5 4688
3 11 3 7 6112
3 7 4 0 2746
3 7 4 2 650
3 7 4 6 6264
3 11 4 0 1400
3 11 4 2 492
3 11 4 6 4620
3 7 5 1 1552
3 7 5 3 718
3 7 5 7 836
3 11 5 1 2936
3 11 5 3 1580
3 11 5 7 1742
3 7 6 0 3776
3 7 6 2 2918
3 7 6 4 974
3 11 6 0 2954
3 11 6 2 1686
3 11 6 4 2282
3 7 7 1 2680
3 7 7 3 1198
3 7 7 5 38
3 11 7 1 2870
3 11 7 3 1618
3 11 7 5 1476
3 7 8 10 508
3 7 8 12 982
3 7 8 14 3710
3 11 8 10 958
3 11 8 12 4180
3 11 8 14 2284
3 7 9 11 1534
3 7 9 13 3202
3 7 9 15 444
3 11 9 11 254
3 11 9 13 508
3 11 9 15 1820
3 7 10 8 5586
3 7 10 12 744
3 7 10 14 3612
3 11 10 8 1266
3 11 10 12 1716
3 11 10 14 6094
3 7 11 9 788
3 7 11 13 2552
3 7 11 15 1930
3 11 11 9 1926
3 11 11 13 1184
3 11 11 15 674
3 7 12 8 3300
3 7 12 10 1850
3 7 12 14 4938
3 11 12 8 1244
3 11 12 10 4146
3 11 12 14 2140
3 7 13 9 4706
3 7 13 11 1870
3 7 13 15 1270
3 11 13 9 4422
3 11 13 11 1662
3 11 13 15 2986
3 7 14 8 18
3 7 14 10 2246
3 7 14 12 2346
3 11 14 8 5276
3 11 14 10 2498
3 11 14 12 1444
3 7 15 9 3236
3 7 15 11 6674
3 7 15 13 294
3 11 15 9 1634
3 11 15 11 1662
3 11 15 13 4494
4 6 0 2 3140
4 6 0 4 3116
4 6 0 6 3960
4 12 0 2 2388
4 12 0 4 2762
4 12 0 6 2150
4 6 1 3 400
4 6 1 5 5044
4 6 1 7 464
4 12 1 3 1234
4 12 1 5 4454
4 12 1 7 3130
4 6 2 0 3444
4 6 2 4 206
4 6 2 6 2292
4 12 2 0 1226
4 12 2 4 3804
4 12 2 6 4684
4 6 3 1 2462
4 6 3 5 6156
4 6 3 7 4852
4 12 3 1 2494
4 12 3 5 2382
4 12 3 7 1088
4 6 4 0 3416
4 6 4 2 2304
4 6 4 6 1958
4 12 4 0 1894
4 12 4 2 2552
4 12 4 6 876
4 6 5 1 4684
4 6 5 3 1582
4 6 5 7 3780
4 12 5 1 1494
4 12 5 3 1968
4 12 5 7 1216
4 6 6 0 1826
4 6 6 2 1696
4 6 6 4 4184
4 12 6 0 2924
4 12 6 2 4026
4 12 6 4 2072
4 6 7 1 1818
4 6 7 3 652
4 6 7 5 128
4 12 7 1 2116
4 12 7 3 2590
4 12 7 5 3068
4 6 8 10 3972
4 6 8 12 2638
4 6 8 14 3094
4 12 8 10 2546
4 12 8 12 3784
4 12 8 14 2782
4 6 9 11 5070
4 6 9 13 424
4 6 9 15 24
4 12 9 11 2436
4 12 9 13 2086
4 12 9 15 3752
4 6 10 8 964
4 6 10 12 3458
4 6 10 14 2152
4 12 10 8 5334
4 12 10 12 892
4 12 10 14 228
4 6 11 9 2332
4 6 11 13 80
4 6 11 15 1842
4 12 11 9 5200
4 12 11 13 1234
4 12 11 15 3558
4 6 12 8 894
4 6 12 10 2946
4 6 12 14 466
4 12 12 8 894
4 12 12 10 3592
4 12 12 14 1556
4 6 13 9 800
4 6 13 11 5776
4 6 13 15 3414
4 12 13 9 1514
4 12 13 11 2812
4 12 13 15 1724
4 6 14 8 5994
4 6 14 10 592
4 6 14 12 3854
4 12 14 8 2936
4 12 14 10 420
4 12 14 12 3396
4 6 15 9 10442
4 6 15 11 2608
4 6 15 13 728
4 12 15 9 2134
4 12 15 11 1762
4 12 15 13 4526
5 7 0 2 2798
5 7 0 4 1696
5 7 0 6 2388
5 13 0 2 1720
5 13 0 4 676
5 13 0 6 5264
5 7 1 3 4546
5 7 1 5 7536
5 7 1 7 3776
5 13 1 3 604
5 13 1 5 1860
5 13 1 7 2766
5 7 2 0 3282
5 7 2 4 7522
5 7 2 6 5240
5 13 2 0 578
5 13 2 4 774
5 13 2 6 2320
5 7 3 1 4024
5 7 3 5 2862
5 7 3 7 1870
5 13 3 1 2146
5 13 3 5 2728
5 13 3 7 1212
5 7 4 0 2092
5 7 4 2 430
5 7 4 6 3880
5 13 4 0 4072
5 13 4 2 4474
5 13 4 6 4144
5 7 5 1 1098
5 7 5 3 262
5 7 5 7 1190
5 13 5 1 2936
5 13 5 3 2152
5 13 5 7 742
5 7 6 0 1748
5 7 6 2 302
5 7 6 4 4320
5 13 6 0 3400
5 13 6 2 244
5 13 6 4 1014
5 7 7 1 3508
5 7 7 3 1112
5 7 7 5 7928
5 13 7 1 1630
5 13 7 3 1506
5 13 7 5 1774
5 7 8 10 2090
5 7 8 12 1314
5 7 8 14 1660
5 13 8 10 3016
5 13 8 12 1740
5 13 8 14 3292
5 7 9 11 884
5 7 9 13 1862
5 7 9 15 4448
5 13 9 11 2058
5 13 9 13 4538
5 13 9 15 3082
5 7 10 8 1482
5 7 10 12 2274
5 7 10 14 472
5 13 10 8 4654
5 13 10 12 3754
5 13 10 14 3688
5 7 11 9 484
5 7 11 13 4828
5 7 11 15 3168
5 13 11 9 1198
5 13 11 13 4528
5 13 11 15 940
5 7 12 8 1196
5 7 12 10 308
5 7 12 14 1278
5 13 12 8 266
5 13 12 10 2476
5 13 12 14 3516
5 7 13 9 1548
5 7 13 11 3072
5 7 13 15 1996
5 13 13 9 1652
5 13 13 11 522
5 13 13 15 6282
5 7 14 8 2966
5 7 14 10 514
5 7 14 12 2748
5 13 14 8 3260
5 13 14 10 2552
5 13 14 12 556
5 7 15 9 4920
5 7 15 11 2894
5 7 15 13 4418
5 13 15 9 1710
5 13 15 11 882
5 13 15 13 830
6 14 0 2 4202
6 14 0 4 2354
6 14 0 6 1458
6 14 1 3 2758
6 14 1 5 1176
6 14 1 7 3556
6 14 2 0 5738
6 14 2 4 2340
6 14 2 6 2708
6 14 3 1 2764
6 14 3 5 530
6 14 3 7 1242
6 14 4 0 3250
6 14 4 2 578
6 14 4 6 758
6 14 5 1 1332
6 14 5 3 986
6 14 5 7 144
6 14 6 0 1116
6 14 6 2 100
6 14 6 4 408
6 14 7 1 2616
6 14 7 3 952
6 14 7 5 786
6 14 8 10 2802
6 14 8 12 1574
6 14 8 14 6408
6 14 9 11 2114
6 14 9 13 348
6 14 9 15 4256
6 14 10 8 4272
6 14 10 12 1440
6 14 10 14 3206
6 14 11 9 4150
6 14 11 13 2088
6 14 11 15 3340
6 14 12 8 2482
6 14 12 10 2014
6 14 12 14 1826
6 14 13 9 794
6 14 13 11 3444
6 14 13 15 904
6 14 14 8 1810
6 14 14 10 1206
6 14 14 12 1054
6 14 15 9 2196
6 14 15 11 5452
6 14 15 13 4160
7 15 0 2 1374
7 15 0 4 4894
7 15 0 6 4380
7 15 1 3 1340
7 15 1 5 2180
7 15 1 7 1758
7 15 2 0 1604
7 15 2 4 1568
7 15 2 6 876
7 15 3 1 1522
7 15 3 5 910
7 15 3 7 3104
7 15 4 0 2070
7 15 4 2 394
7 15 4 6 2092
7 15 5 1 164
7 15 5 3 770
7 15 5 7 3204
7 15 6 0 1232
7 15 6 2 82
7 15 6 4 1046
7 15 7 1 1164
7 15 7 3 332
7 15 7 5 232
7 15 8 10 2984
7 15 8 12 4326
7 15 8 14 200
7 15 9 11 208
7 15 9 13 2884
7 15 9 15 3504
7 15 10 8 1070
7 15 10 12 100
7 15 10 14 2744
7 15 11 9 2446
7 15 11 13 2618
7 15 11 15 2502
7 15 12 8 1368
7 15 12 10 1294
7 15 12 14 3108
7 15 13 9 3014
7 15 13 11 1806
7 15 13 15 5434
7 15 14 8 1748
7 15 14 10 764
7 15 14 12 520
7 15 15 9 1332
7 15 15 11 3270
7 15 15 13 2094
8 10 0 2 4612
8 10 0 4 6194
8 10 0 6 148
8 12 0 2 1334
8 12 0 4 820
8 12 0 6 1512
8 10 1 3 3178
8 10 1 5 190
8 10 1 7 426
8 12 1 3 2626
8 12 1 5 1986
8 12 1 7 138
8 10 2 0 2348
8 10 2 4 3956
8 10 2 6 572
8 12 2 0 148
8 12 2 4 1828
8 12 2 6 3520
8 10 3 1 3844
8 10 3 5 2076
8 10 3 7 826
8 12 3 1 2156
8 12 3 5 4572
8 12 3 7 2856
8 10 4 0 1840
8 10 4 2 5142
8 10 4 6 1632
8 12 4 0 1588
8 12 4 2 4074
8 12 4 6 866
8 10 5 1 6490
8 10 5 3 1134
8 10 5 7 886
8 12 5 1 2922
8 12 5 3 3060
8 12 5 7 2132
8 10 6 0 6522
8 10 6 2 1296
8 10 6 4 4466
8 12 6 0 1250
8 12 6 2 1074
8 12 6 4 3264
8 10 7 1 838
8 10 7 3 440
8 10 7 5 746
8 12 7 1 2474
8 12 7 3 5444
8 12 7 5 20
8 10 8 10 510
8 10 8 12 516
8 10 8 14 1068
8 12 8 10 26
8 12 8 12 4642
8 12 8 14 3212
8 10 9 11 5384
8 10 9 13 7434
8 10 9 15 888
8 12 9 11 4572
8 12 9 13 5218
8 12 9 15 668
8 10 10 8 802
8 10 10 12 738
8 10 10 14 3920
8 12 10 8 416
8 12 10 12 4152
8 12 10 14 844
8 10 11 9 1734
8 10 11 13 2758
8 10 11 15 2436
8 12 11 9 2858
8 12 11 13 3020
8 12 11 15 4710
8 10 12 8 6512
8 10 12 10 3554
8 10 12 14 5430
8 12 12 8 3006
8 12 12 10 1730
8 12 12 14 6708
8 10 13 9 2018
8 10 13 11 3088
8 10 13 15 2806
8 12 13 9 1368
8 12 13 11 280
8 12 13 15 3876
8 10 14 8 1374
8 10 14 10 2010
8 10 14 12 2234
8 12 14 8 1518
8 12 14 10 112
8 12 14 12 3936
8 10 15 9 3214
8 10 15 11 3194
8 10 15 13 1050
8 12 15 9 3278
8 12 15 11 892
8 12 15 13 50
9 11 0 2 1354
9 11 0 4 2326
9 11 0 6 2852
9 13 0 2 1422
9 13 0 4 2316
9 13 0 6 2792
9 11 1 3 504
9 11 1 5 5422
9 11 1 7 3296
9 13 1 3 2914
9 13 1 5 2150
9 13 1 7 700
9 11 2 0 4938
9 11 2 4 2822
9 11 2 6 3874
9 13 2 0 8618
9 13 2 4 2012
9 13 2 6 1556
9 11 3 1 262
9 11 3 5 6574
9 11 3 7 2702
9 13 3 1 3174
9 13 3 5 5246
9 13 3 7 1302
9 11 4 0 1814
9 11 4 2 1860
9 11 4 6 1184
9 13 4 0 1138
9 13 4 2 3170
9 13 4 6 370
9 11 5 1 1686
9 11 5 3 1442
9 11 5 7 5064
9 13 5 1 442
9 13 5 3 448
9 13 5 7 1416
9 11 6 0 1168
9 11 6 2 468
9 11 6 4 3900
9 13 6 0 1816
9 13 6 2 3090
9 13 6 4 2158
9 11 7 1 148
9 11 7 3 1350
9 11 7 5 494
9 13 7 1 936
9 13 7 3 2742
9 13 7 5 2196
9 11 8 10 2902
9 11 8 12 764
9 11 8 14 1324
9 13 8 10 1800
9 13 8 12 2906
9 13 8 14 2918
9 11 9 11 3416
9 11 9 13 850
9 11 9 15 828
9 13 9 11 562
9 13 9 13 1730
9 13 9 15 2276
9 11 10 8 4454
9 11 10 12 5508
9 11 10 14 1206
9 13 10 8 1534
9 13 10 12 1764
9 13 10 14 4088
9 11 11 9 652
9 11 11 13 1834
9 11 11 15 4354
9 13 11 9 678
9 13 11 13 1474
9 13 11 15 3300
9 11 12 8 2556
9 11 12 10 1680
9 11 12 14 2186
9 13 12 8 4808
9 13 12 10 2022
9 13 12 14 2588
9 11 13 9 3554
9 11 13 11 4536
9 11 13 15 2372
9 13 13 9 3204
9 13 13 11 5218
9 13 13 15 1884
9 11 14 8 3142
9 11 14 10 2116
9 11 14 12 916
9 13 14 8 6160
9 13 14 10 4472
9 13 14 12 190
9 11 15 9 654
9 11 15 11 4888
9 11 15 13 718
9 13 15 9 6274
9 13 15 11 4376
9 13 15 13 3724
10 14 0 2 932
10 14 0 4 7216
10 14 0 6 1128
10 14 1 3 1170
10 14 1 5 6858
10 14 1 7 3320
10 14 2 0 2000
10 14 2 4 5716
10 14 2 6 2210
10 14 3 1 3688
10 14 3 5 406
10 14 3 7 214
10 14 4 0 4648
10 14 4 2 752
10 14 4 6 6760
10 14 5 1 2496
10 14 5 3 4512
10 14 5 7 1204
10 14 6 0 766
10 14 6 2 2154
10 14 6 4 1486
10 14 7 1 1622
10 14 7 3 1988
10 14 7 5 4016
10 14 8 10 516
10 14 8 12 98
10 14 8 14 232
10 14 9 11 442
10 14 9 13 480
10 14 9 15 2472
10 14 10 8 1058
10 14 10 12 80
10 14 10 14 124
10 14 11 9 110
10 14 11 13 636
10 14 11 15 1470
10 14 12 8 2084
10 14 12 10 1210
10 14 12 14 1564
10 14 13 9 3920
10 14 13 11 2324
10 14 13 15 3594
10 14 14 8 2886
10 14 14 10 892
10 14 14 12 2732
10 14 15 9 658
10 14 15 11 3238
10 14 15 13 660
11 15 0 2 1058
11 15 0 4 5386
11 15 0 6 20
11 15 1 3 1576
11 15 1 5 342
11 15 1 7 4436
11 15 2 0 5662
11 15 2 4 3244
11 15 2 6 224
11 15 3 1 2778
11 15 3 5 4364
11 15 3 7 5538
11 15 4 0 792
11 15 4 2 4556
11 15 4 6 3228
11 15 5 1 938
11 15 5 3 5522
11 15 5 7 484
11 15 6 0 1274
11 15 6 2 136
11 15 6 4 444
11 15 7 1 2050
11 15 7 3 2640
11 15 7 5 2054
11 15 8 10 354
11 15 8 12 1592
11 15 8 14 928
11 15 9 11 3398
11 15 9 13 1312
11 15 9 15 2138
11 15 10 8 954
11 15 10 12 1026
11 15 10 14 2116
11 15 11 9 4384
11 15 11 13 1010
11 15 11 15 2842
11 15 12 8 2938
11 15 12 10 1420
11 15 12 14 4892
11 15 13 9 2144
11 15 13 11 5858
11 15 13 15 3866
11 15 14 8 2338
11 15 14 10 4614
11 15 14 12 920
11 15 15 9 742
11 15 15 11 604
11 15 15 13 6148
12 14 0 2 4074
12 14 0 4 1818
12 14 0 6 2896
12 14 1 3 64
12 14 1 5 5394
12 14 1 7 2190
12 14 2 0 4184
12 14 2 4 994
12 14 2 6 3232
12 14 3 1 4986
12 14 3 5 2972
12 14 3 7 546
12 14 4 0 1090
12 14 4 2 3966
12 14 4 6 6140
12 14 5 1 984
12 14 5 3 1818
12 14 5 7 2982
12 14 6 0 6288
12 14 6 2 1080
12 14 6 4 322
12 14 7 1 2034
12 14 7 3 4546
12 14 7 5 2806
12 14 8 10 892
12 14 8 12 1552
12 14 8 14 1248
12 14 9 11 2784
12 14 9 13 422
12 14 9 15 1522
12 14 10 8 6068
12 14 10 12 4288
12 14 10 14 4732
12 14 11 9 2246
12 14 11 13 1682
12 14 11 15 712
12 14 12 8 718
12 14 12 10 496
12 14 12 14 1170
12 14 13 9 2958
12 14 13 11 178
12 14 13 15 3036
12 14 14 8 3538
12 14 14 10 3848
12 14 14 12 5386
12 14 15 9 3026
12 14 15 11 156
12 14 15 13 4114
13 15 0 2 2600
13 15 0 4 464
13 15 0 6 1524
13 15 1 3 1242
13 15 1 5 1474
13 15 1 7 6558
13 15 2 0 488
13 15 2 4 952
13 15 2 6 2998
13 15 3 1 2608
13 15 3 5 358
13 15 3 7 1566
13 15 4 0 344
13 15 4 2 972
13 15 4 6 3952
13 15 5 1 44
13 15 5 3 3440
13 15 5 7 814
13 15 6 0 2030
13 15 6 2 1786
13 15 6 4 3342
13 15 7 1 2006
13 15 7 3 1118
13 15 7 5 556
13 15 8 10 3572
13 15 8 12 4200
13 15 8 14 4374
13 15 9 11 3338
13 15 9 13 2406
13 15 9 15 5802
13 15 10 8 3984
13 15 10 12 1260
13 15 10 14 2088
13 15 11 9 2316
13 15 11 13 3194
13 15 11 15 3008
13 15 12 8 4406
13 15 12 10 1550
13 15 12 14 1924
13 15 13 9 7182
13 15 13 11 612
13 15 13 15 38
13 15 14 8 1836
13 15 14 10 7130
13 15 14 12 3590
13 15 15 9 4452
13 15 15 11 1136
13 15 15 13 2698
