0 2 0 2 440
0 2 0 4 68
0 2 0 6 648
0 4 0 2 2142
0 4 0 4 502
0 4 0 6 3940
0 8 0 2 3908
0 8 0 4 5026
0 8 0 6 2988
0 2 1 3 1500
0 2 1 5 1742
0 2 1 7 64
0 4 1 3 2730
0 4 1 5 3780
0 4 1 7 526
0 8 1 3 514
0 8 1 5 1430
0 8 1 7 2462
0 2 2 0 1678
0 2 2 4 302
0 2 2 6 2434
0 4 2 0 392
0 4 2 4 6096
0 4 2 6 3638
0 8 2 0 1696
0 8 2 4 760
0 8 2 6 312
0 2 3 1 814
0 2 3 5 2720
0 2 3 7 1084
0 4 3 1 842
0 4 3 5 2646
0 4 3 7 998
0 8 3 1 932
0 8 3 5 3838
0 8 3 7 2938
0 2 4 0 588
0 2 4 2 534
0 2 4 6 440
0 4 4 0 2440
0 4 4 2 1384
0 4 4 6 1174
0 8 4 0 1856
0 8 4 2 3380
0 8 4 6 3786
0 2 5 1 1910
0 2 5 3 410
0 2 5 7 1150
0 4 5 1 2010
0 4 5 3 1064
0 4 5 7 4710
0 8 5 1 564
0 8 5 3 18
0 8 5 7 860
0 2 6 0 2344
0 2 6 2 3400
0 2 6 4 1488
0 4 6 0 1564
0 4 6 2 612
0 4 6 4 1674
0 8 6 0 156
0 8 6 2 2250
0 8 6 4 1240
0 2 7 1 2122
0 2 7 3 4480
0 2 7 5 2030
0 4 7 1 784
0 4 7 3 3282
0 4 7 5 1034
0 8 7 1 790
0 8 7 3 4028
0 8 7 5 3084
0 2 8 10 624
0 2 8 12 2316
0 2 8 14 234
0 4 8 10 3178
0 4 8 12 2322
0 4 8 14 2156
0 8 8 10 688
0 8 8 12 3134
0 8 8 14 1442
0 2 9 11 330
0 2 9 13 90
0 2 9 15 7076
0 4 9 11 1072
0 4 9 13 2126
0 4 9 15 994
0 8 9 11 700
0 8 9 13 1394
0 8 9 15 2132
0 2 10 8 1724
0 2 10 12 2024
0 2 10 14 3746
0 4 10 8 962
0 4 10 12 582
0 4 10 14 3658
0 8 10 8 5314
0 8 10 12 3784
0 8 10 14 1928
0 2 11 9 520
0 2 11 13 3502
0 2 11 15 1542
0 4 11 9 3642
0 4 11 13 1758
0 4 11 15 2930
0 8 11 9 2478
0 8 11 13 3946
0 8 11 15 1192
0 2 12 8 226
0 2 12 10 1770
0 2 12 14 828
0 4 12 8 4196
0 4 12 10 2548
0 4 12 14 1858
0 8 12 8 3432
0 8 12 10 2078
0 8 12 14 3218
0 2 13 9 2684
0 2 13 11 4772
0 2 13 15 1168
0 4 13 9 1338
0 4 13 11 1958
0 4 13 15 1964
0 8 13 9 5144
0 8 13 11 4264
0 8 13 15 3112
0 2 14 8 40
0 2 14 10 106
0 2 14 12 2410
0 4 14 8 338
0 4 14 10 1448
0 4 14 12 9644
0 8 14 8 3446
0 8 14 10 1082
0 8 14 12 2532
0 2 15 9 2318
0 2 15 11 726
0 2 15 13 332
0 4 15 9 1630
0 4 15 11 1166
0 4 15 13 2790
0 8 15 9 3910
0 8 15 11 234
0 8 15 13 1868
1 3 0 2 2020
1 3 0 4 5352
1 3 0 6 3876
1 5 0 2 7102
1 5 0 4 6554
1 5 0 6 6158
1 9 0 2 1984
1 9 0 4 4522
1 9 0 6 6974
1 3 1 3 562
1 3 1 5 878
1 3 1 7 2526
1 5 1 3 216
1 5 1 5 4718
1 5 1 7 4794
1 9 1 3 1236
1 9 1 5 1210
1 9 1 7 4536
1 3 2 0 1242
1 3 2 4 3118
1 3 2 6 1034
1 5 2 0 686
1 5 2 4 2072
1 5 2 6 3356
1 9 2 0 7428
1 9 2 4 1964
1 9 2 6 1440
1 3 3 1 978
1 3 3 5 806
1 3 3 7 3860
1 5 3 1 4634
1 5 3 5 108
1 5 3 7 64
1 9 3 1 4238
1 9 3 5 5346
1 9 3 7 6092
1 3 4 0 2062
1 3 4 2 3232
1 3 4 6 2932
1 5 4 0 1948
1 5 4 2 3020
1 5 4 6 2594
1 9 4 0 6640
1 9 4 2 2532
1 9 4 6 592
1 3 5 1 6198
1 3 5 3 486
1 3 5 7 1252
1 5 5 1 1370
1 5 5 3 912
1 5 5 7 70
1 9 5 1 1776
1 9 5 3 1768
1 9 5 7 458
1 3 6 0 5588
1 3 6 2 1154
1 3 6 4 3180
1 5 6 0 2064
1 5 6 2 3490
1 5 6 4 1454
1 9 6 0 5532
1 9 6 2 4028
1 9 6 4 3110
1 3 7 1 2010
1 3 7 3 2846
1 3 7 5 1252
1 5 7 1 2268
1 5 7 3 2404
1 5 7 5 1530
1 9 7 1 2734
1 9 7 3 1154
1 9 7 5 284
1 3 8 10 1942
1 3 8 12 1484
1 3 8 14 228
1 5 8 10 26
1 5 8 12 2486
1 5 8 14 1470
1 9 8 10 1844
1 9 8 12 3658
1 9 8 14 596
1 3 9 11 3180
1 3 9 13 842
1 3 9 15 2436
1 5 9 11 1780
1 5 9 13 3924
1 5 9 15 1028
1 9 9 11 922
1 9 9 13 3418
1 9 9 15 436
1 3 10 8 3252
1 3 10 12 2172
1 3 10 14 640
1 5 10 8 5870
1 5 10 12 24
1 5 10 14 3462
1 9 10 8 5174
1 9 10 12 2896
1 9 10 14 3920
1 3 11 9 2100
1 3 11 13 3992
1 3 11 15 144
1 5 11 9 450
1 5 11 13 2908
1 5 11 15 5432
1 9 11 9 244
1 9 11 13 3942
1 9 11 15 644
1 3 12 8 1316
1 3 12 10 1922
1 3 12 14 2002
1 5 12 8 1332
1 5 12 10 2244
1 5 12 14 4572
1 9 12 8 1944
1 9 12 10 1512
1 9 12 14 2432
1 3 13 9 6592
1 3 13 11 7254
1 3 13 15 5046
1 5 13 9 1474
1 5 13 11 7354
1 5 13 15 948
1 9 13 9 3808
1 9 13 11 1480
1 9 13 15 2154
1 3 14 8 280
1 3 14 10 4776
1 3 14 12 472
1 5 14 8 2494
1 5 14 10 370
1 5 14 12 1686
1 9 14 8 1180
1 9 14 10 294
1 9 14 12 4964
1 3 15 9 3274
1 3 15 11 2632
1 3 15 13 772
1 5 15 9 348
1 5 15 11 2254
1 5 15 13 2944
1 9 15 9 2424
1 9 15 11 1942
1 9 15 13 2166
2 6 0 2 1748
2 6 0 4 3542
2 6 0 6 1024
2 10 0 2 7832
2 10 0 4 1622
2 10 0 6 2990
2 6 1 3 2460
2 6 1 5 556
2 6 1 7 52
2 10 1 3 2938
2 10 1 5 6
2 10 1 7 1974
2 6 2 0 3028
2 6 2 4 332
2 6 2 6 4992
2 10 2 0 110
2 10 2 4 4978
2 10 2 6 1378
2 6 3 1 940
2 6 3 5 1422
2 6 3 7 2886
2 10 3 1 1848
2 10 3 5 4796
2 10 3 7 2630
2 6 4 0 1162
2 6 4 2 8030
2 6 4 6 3590
2 10 4 0 1826
2 10 4 2 710
2 10 4 6 1734
2 6 5 1 3668
2 6 5 3 3460
2 6 5 7 722
2 10 5 1 2956
2 10 5 3 222
2 10 5 7 1796
2 6 6 0 2100
2 6 6 2 76
2 6 6 4 3942
2 10 6 0 1896
2 10 6 2 552
2 10 6 4 924
2 6 7 1 2092
2 6 7 3 4600
2 6 7 5 2190
2 10 7 1 2108
2 10 7 3 1768
2 10 7 5 1148
2 6 8 10 264
2 6 8 12 872
2 6 8 14 3900
2 10 8 10 3944
2 10 8 12 68
2 10 8 14 52
2 6 9 11 1108
2 6 9 13 5004
2 6 9 15 2198
2 10 9 11 10058
2 10 9 13 1416
2 10 9 15 3210
2 6 10 8 3380
2 6 10 12 5366
2 6 10 14 3538
2 10 10 8 3218
2 10 10 12 2870
2 10 10 14 74
2 6 11 9 1234
2 6 11 13 2116
2 6 11 15 1806
2 10 11 9 1586
2 10 11 13 652
2 10 11 15 1310
2 6 12 8 4126
2 6 12 10 5388
2 6 12 14 5828
2 10 12 8 444
2 10 12 10 182
2 10 12 14 2250
2 6 13 9 1068
2 6 13 11 1662
2 6 13 15 2756
2 10 13 9 310
2 10 13 11 2842
2 10 13 15 236
2 6 14 8 5018
2 6 14 10 2516
2 6 14 12 1678
2 10 14 8 1276
2 10 14 10 1902
2 10 14 12 326
2 6 15 9 126
2 6 15 11 2494
2 6 15 13 5820
2 10 15 9 3562
2 10 15 11 7004
2 10 15 13 5364
3 7 0 2 262
3 7 0 4 446
3 7 0 6 1140
3 11 0 2 1194
3 11 0 4 1036
3 11 0 6 536
3 7 1 3 3370
3 7 1 5 268
3 7 1 7 1328
3 11 1 3 2986
3 11 1 5 582
3 11 1 7 348
3 7 2 0 842
3 7 2 4 816
3 7 2 6 3844
3 11 2 0 730
3 11 2 4 3622
3 11 2 6 1032
3 7 3 1 2542
3 7 3 5 3712
3 7 3 7 3174
3 11 3 1 1078
3 11 3 5 1486
3 11 3 7 6264
3 7 4 0 546
3 7 4 2 78
3 7 4 6 282
3 11 4 0 5854
3 11 4 2 4144
3 11 4 6 5172
3 7 5 1 2800
3 7 5 3 9180
3 7 5 7 5820
3 11 5 1 552
3 11 5 3 3778
3 11 5 7 338
3 7 6 0 1062
3 7 6 2 4386
3 7 6 4 36
3 11 6 0 2704
3 11 6 2 3488
3 11 6 4 4356
3 7 7 1 3632
3 7 7 3 1142
3 7 7 5 3294
3 11 7 1 1350
3 11 7 3 3144
3 11 7 5 1012
3 7 8 10 1734
3 7 8 12 3394
3 7 8 14 1658
3 11 8 10 3644
3 11 8 12 1306
3 11 8 14 4200
3 7 9 11 154
3 7 9 13 384
3 7 9 15 1532
3 11 9 11 2216
3 11 9 13 562
3 11 9 15 5214
3 7 10 8 1976
3 7 10 12 686
3 7 10 14 396
3 11 10 8 1970
3 11 10 12 2332
3 11 10 14 5402
3 7 11 9 1708
3 7 11 13 3466
3 7 11 15 5544
3 11 11 9 428
3 11 11 13 150
3 11 11 15 80
3 7 12 8 3112
3 7 12 10 3728
3 7 12 14 3408
3 11 12 8 2752
3 11 12 10 1570
3 11 12 14 1060
3 7 13 9 616
3 7 13 11 3496
3 7 13 15 1038
3 11 13 9 6244
3 11 13 11 872
3 11 13 15 5114
3 7 14 8 10486
3 7 14 10 3764
3 7 14 12 2742
3 11 14 8 6114
3 11 14 10 1742
3 11 14 12 136
3 7 15 9 2236
3 7 15 11 4822
3 7 15 13 3360
3 11 15 9 3600
3 11 15 11 6046
3 11 15 13 1102
4 6 0 2 2216
4 6 0 4 1408
4 6 0 6 1584
4 12 0 2 308
4 12 0 4 558
4 12 0 6 918
4 6 1 3 2900
4 6 1 5 218
4 6 1 7 2580
4 12 1 3 1940
4 12 1 5 1938
4 12 1 7 2036
4 6 2 0 9684
4 6 2 4 822
4 6 2 6 170
4 12 2 0 3772
4 12 2 4 1738
4 12 2 6 2030
4 6 3 1 2564
4 6 3 5 1208
4 6 3 7 5408
4 12 3 1 3962
4 12 3 5 2098
4 12 3 7 5592
4 6 4 0 1222
4 6 4 2 1244
4 6 4 6 1600
4 12 4 0 5214
4 12 4 2 2586
4 12 4 6 2602
4 6 5 1 1700
4 6 5 3 2592
4 6 5 7 586
4 12 5 1 2752
4 12 5 3 3586
4 12 5 7 90
4 6 6 0 2146
4 6 6 2 676
4 6 6 4 1818
4 12 6 0 2288
4 12 6 2 2554
4 12 6 4 2566
4 6 7 1 2952
4 6 7 3 1498
4 6 7 5 3186
4 12 7 1 78
4 12 7 3 904
4 12 7 5 2136
4 6 8 10 908
4 6 8 12 2798
4 6 8 14 686
4 12 8 10 2434
4 12 8 12 6158
4 12 8 14 1396
4 6 9 11 712
4 6 9 13 608
4 6 9 15 2204
4 12 9 11 4244
4 12 9 13 6240
4 12 9 15 586
4 6 10 8 576
4 6 10 12 1740
4 6 10 14 2226
4 12 10 8 1000
4 12 10 12 5410
4 12 10 14 538
4 6 11 9 168
4 6 11 13 5664
4 6 11 15 1290
4 12 11 9 3656
4 12 11 13 3034
4 12 11 15 762
4 6 12 8 818
4 6 12 10 3782
4 6 12 14 5478
4 12 12 8 88
4 12 12 10 976
4 12 12 14 2716
4 6 13 9 2342
4 6 13 11 5348
4 6 13 15 4282
4 12 13 9 1408
4 12 13 11 416
4 12 13 15 6398
4 6 14 8 3086
4 6 14 10 1298
4 6 14 12 1376
4 12 14 8 3848
4 12 14 10 258
4 12 14 12 1024
4 6 15 9 3032
4 6 15 11 1430
4 6 15 13 1394
4 12 15 9 1388
4 12 15 11 3390
4 12 15 13 40
5 7 0 2 1494
5 7 0 4 22
5 7 0 6 328
5 13 0 2 322
5 13 0 4 554
5 13 0 6 2120
5 7 1 3 52
5 7 1 5 3488
5 7 1 7 860
5 13 1 3 1918
5 13 1 5 254
5 13 1 7 2160
5 7 2 0 502
5 7 2 4 1294
5 7 2 6 168
5 13 2 0 1774
5 13 2 4 174
5 13 2 6 1430
5 7 3 1 2460
5 7 3 5 1562
5 7 3 7 1114
5 13 3 1 1756
5 13 3 5 4090
5 13 3 7 766
5 7 4 0 5692
5 7 4 2 2464
5 7 4 6 1760
5 13 4 0 2186
5 13 4 2 338
5 13 4 6 1438
5 7 5 1 2586
5 7 5 3 2784
5 7 5 7 626
5 13 5 1 2738
5 13 5 3 1136
5 13 5 7 3812
5 7 6 0 2514
5 7 6 2 2246
5 7 6 4 766
5 13 6 0 3344
5 13 6 2 3314
5 13 6 4 186
5 7 7 1 1086
5 7 7 3 790
5 7 7 5 650
5 13 7 1 4008
5 13 7 3 916
5 13 7 5 1802
5 7 8 10 698
5 7 8 12 1322
5 7 8 14 1944
5 13 8 10 2816
5 13 8 12 274
5 13 8 14 6924
5 7 9 11 768
5 7 9 13 2738
5 7 9 15 2914
5 13 9 11 1728
5 13 9 13 512
5 13 9 15 2826
5 7 10 8 3994
5 7 10 12 834
5 7 10 14 1918
5 13 10 8 3802
5 13 10 12 636
5 13 10 14 2124
5 7 11 9 786
5 7 11 13 1696
5 7 11 15 844
5 13 11 9 1690
5 13 11 13 3004
5 13 11 15 3324
5 7 12 8 32
5 7 12 10 3824
5 7 12 14 1596
5 13 12 8 2096
5 13 12 10 1572
5 13 12 14 2528
5 7 13 9 818
5 7 13 11 3862
5 7 13 15 2996
5 13 13 9 5806
5 13 13 11 46
5 13 13 15 3474
5 7 14 8 2058
5 7 14 10 820
5 7 14 12 6
5 13 14 8 1318
5 13 14 10 496
5 13 14 12 3812
5 7 15 9 1956
5 7 15 11 1752
5 7 15 13 4548
5 13 15 9 1162
5 13 15 11 3806
5 13 15 13 354
6 14 0 2 940
6 14 0 4 2902
6 14 0 6 2362
6 14 1 3 1010
6 14 1 5 4198
6 14 1 7 654
6 14 2 0 6664
6 14 2 4 3434
6 14 2 6 258
6 14 3 1 2298
6 14 3 5 366
6 14 3 7 1596
6 14 4 0 1214
6 14 4 2 4162
6 14 4 6 1758
6 14 5 1 3000
6 14 5 3 740
6 14 5 7 50
6 14 6 0 1934
6 14 6 2 102
6 14 6 4 7576
6 14 7 1 3092
6 14 7 3 7736
6 14 7 5 412
6 14 8 10 5582
6 14 8 12 886
6 14 8 14 3344
6 14 9 11 2882
6 14 9 13 2552
6 14 9 15 3526
6 14 10 8 2130
6 14 10 12 1470
6 14 10 14 932
6 14 11 9 1806
6 14 11 13 596
6 14 11 15 5104
6 14 12 8 4768
6 14 12 10 2972
6 14 12 14 6858
6 14 13 9 548
6 14 13 11 2022
6 14 13 15 2288
6 14 14 8 1476
6 14 14 10 5684
6 14 14 12 1062
6 14 15 9 946
6 14 15 11 836
6 14 15 13 3540
7 15 0 2 442
7 15 0 4 944
7 15 0 6 2518
7 15 1 3 1198
7 15 1 5 2192
7 15 1 7 356
7 15 2 0 1642
7 15 2 4 790
7 15 2 6 5774
7 15 3 1 1436
7 15 3 5 2104
7 15 3 7 1850
7 15 4 0 1282
7 15 4 2 3002
7 15 4 6 572
7 15 5 1 2200
7 15 5 3 586
7 15 5 7 2012
7 15 6 0 4496
7 15 6 2 102
7 15 6 4 5694
7 15 7 1 992
7 15 7 3 146
7 15 7 5 84
7 15 8 10 1140
7 15 8 12 1618
7 15 8 14 4210
7 15 9 11 4278
7 15 9 13 1908
7 15 9 15 1380
7 15 10 8 170
7 15 10 12 562
7 15 10 14 738
7 15 11 9 2116
7 15 11 13 3796
7 15 11 15 1350
7 15 12 8 996
7 15 12 10 4678
7 15 12 14 650
7 15 13 9 5292
7 15 13 11 6770
7 15 13 15 1848
7 15 14 8 2110
7 15 14 10 4624
7 15 14 12 2504
7 15 15 9 4464
7 15 15 11 964
7 15 15 13 1942
8 10 0 2 436
8 10 0 4 1598
8 10 0 6 922
8 12 0 2 1972
8 12 0 4 200
8 12 0 6 2958
8 10 1 3 3966
8 10 1 5 2612
8 10 1 7 1038
8 12 1 3 190
8 12 1 5 1796
8 12 1 7 398
8 10 2 0 3708
8 10 2 4 120
8 10 2 6 2580
8 12 2 0 466
8 12 2 4 3690
8 12 2 6 278
8 10 3 1 4040
8 10 3 5 632
8 10 3 7 166
8 12 3 1 7420
8 12 3 5 4270
8 12 3 7 1186
8 10 4 0 552
8 10 4 2 3320
8 10 4 6 3576
8 12 4 0 1902
8 12 4 2 3108
8 12 4 6 3062
8 10 5 1 900
8 10 5 3 6832
8 10 5 7 5268
8 12 5 1 2002
8 12 5 3 694
8 12 5 7 1092
8 10 6 0 1178
8 10 6 2 4122
8 10 6 4 1492
8 12 6 0 3872
8 12 6 2 3066
8 12 6 4 236
8 10 7 1 3446
8 10 7 3 902
8 10 7 5 1610
8 12 7 1 1416
8 12 7 3 2804
8 12 7 5 5538
8 10 8 10 3190
8 10 8 12 1452
8 10 8 14 580
8 12 8 10 422
8 12 8 12 872
8 12 8 14 1026
8 10 9 11 2388
8 10 9 13 2446
8 10 9 15 1974
8 12 9 11 2700
8 12 9 13 1448
8 12 9 15 2090
8 10 10 8 4044
8 10 10 12 348
8 10 10 14 3682
8 12 10 8 836
8 12 10 12 2194
8 12 10 14 3092
8 10 11 9 3306
8 10 11 13 2752
8 10 11 15 3184
8 12 11 9 66
8 12 11 13 2618
8 12 11 15 926
8 10 12 8 4814
8 10 12 10 1128
8 10 12 14 3636
8 12 12 8 1644
8 12 12 10 632
8 12 12 14 2734
8 10 13 9 956
8 10 13 11 1070
8 10 13 15 3732
8 12 13 9 4048
8 12 13 11 960
8 12 13 15 3232
8 10 14 8 280
8 10 14 10 2572
8 10 14 12 772
8 12 14 8 540
8 12 14 10 2708
8 12 14 12 2322
8 10 15 9 3042
8 10 15 11 5146
8 10 15 13 3610
8 12 15 9 672
8 12 15 11 2038
8 12 15 13 6014
9 11 0 2 2712
9 11 0 4 1424
9 11 0 6 766
9 13 0 2 5708
9 13 0 4 2640
9 13 0 6 6260
9 11 1 3 644
9 11 1 5 1428
9 11 1 7 2568
9 13 1 3 434
9 13 1 5 6722
9 13 1 7 2570
9 11 2 0 2742
9 11 2 4 316
9 11 2 6 3008
9 13 2 0 230
9 13 2 4 58
9 13 2 6 2226
9 11 3 1 274
9 11 3 5 2084
9 11 3 7 1324
9 13 3 1 1372
9 13 3 5 1378
9 13 3 7 568
9 11 4 0 230
9 11 4 2 486
9 11 4 6 1706
9 13 4 0 1858
9 13 4 2 2586
9 13 4 6 1262
9 11 5 1 130
9 11 5 3 1252
9 11 5 7 976
9 13 5 1 1108
9 13 5 3 1448
9 13 5 7 6496
9 11 6 0 2304
9 11 6 2 2496
9 11 6 4 42
9 13 6 0 4126
9 13 6 2 362
9 13 6 4 1780
9 11 7 1 1720
9 11 7 3 5714
9 11 7 5 1474
9 13 7 1 5882
9 13 7 3 1122
9 13 7 5 2470
9 11 8 10 2386
9 11 8 12 2244
9 11 8 14 3388
9 13 8 10 564
9 13 8 12 3398
9 13 8 14 3298
9 11 9 11 6106
9 11 9 13 770
9 11 9 15 7832
9 13 9 11 2562
9 13 9 13 1048
9 13 9 15 3162
9 11 10 8 1418
9 11 10 12 5190
9 11 10 14 298
9 13 10 8 3362
9 13 10 12 572
9 13 10 14 1284
9 11 11 9 1886
9 11 11 13 582
9 11 11 15 908
9 13 11 9 3628
9 13 11 13 5254
9 13 11 15 1840
9 11 12 8 5924
9 11 12 10 4772
9 11 12 14 610
9 13 12 8 360
9 13 12 10 1506
9 13 12 14 98
9 11 13 9 2882
9 11 13 11 4636
9 11 13 15 520
9 13 13 9 7166
9 13 13 11 50
9 13 13 15 2904
9 11 14 8 2568
9 11 14 10 4204
9 11 14 12 4112
9 13 14 8 4018
9 13 14 10 1746
9 13 14 12 690
9 11 15 9 2226
9 11 15 11 3080
9 11 15 13 3602
9 13 15 9 7304
9 13 15 11 1366
9 13 15 13 1032
10 14 0 2 5290
10 14 0 4 2688
10 14 0 6 4
10 14 1 3 5920
10 14 1 5 1650
10 14 1 7 368
10 14 2 0 1444
10 14 2 4 2088
10 14 2 6 3702
10 14 3 1 2028
10 14 3 5 104
10 14 3 7 2222
10 14 4 0 116
10 14 4 2 1568
10 14 4 6 2622
10 14 5 1 4676
10 14 5 3 2634
10 14 5 7 796
10 14 6 0 2176
10 14 6 2 5160
10 14 6 4 1650
10 14 7 1 2296
10 14 7 3 3638
10 14 7 5 218
10 14 8 10 2916
10 14 8 12 1608
10 14 8 14 1414
10 14 9 11 3128
10 14 9 13 5758
10 14 9 15 3640
10 14 10 8 1888
10 14 10 12 5122
10 14 10 14 3104
10 14 11 9 1652
10 14 11 13 1000
10 14 11 15 3506
10 14 12 8 2664
10 14 12 10 572
10 14 12 14 3486
10 14 13 9 3618
10 14 13 11 2652
10 14 13 15 432
10 14 14 8 2162
10 14 14 10 1750
10 14 14 12 2998
10 14 15 9 1138
10 14 15 11 2076
10 14 15 13 4772
11 15 0 2 80
11 15 0 4 20
11 15 0 6 452
11 15 1 3 296
11 15 1 5 612
11 15 1 7 952
11 15 2 0 3576
11 15 2 4 1090
11 15 2 6 9210
11 15 3 1 524
11 15 3 5 2878
11 15 3 7 3492
11 15 4 0 1818
11 15 4 2 46
11 15 4 6 1972
11 15 5 1 2498
11 15 5 3 3436
11 15 5 7 5372
11 15 6 0 718
11 15 6 2 212
11 15 6 4 1156
11 15 7 1 3556
11 15 7 3 3420
11 15 7 5 2250
11 15 8 10 1906
11 15 8 12 2118
11 15 8 14 1298
11 15 9 11 82
11 15 9 13 5122
11 15 9 15 2480
11 15 10 8 642
11 15 10 12 3298
11 15 10 14 1352
11 15 11 9 5874
11 15 11 13 910
11 15 11 15 4078
11 15 12 8 272
11 15 12 10 4260
11 15 12 14 3164
11 15 13 9 3130
11 15 13 11 526
11 15 13 15 494
11 15 14 8 506
11 15 14 10 2196
11 15 14 12 3968
11 15 15 9 844
11 15 15 11 1044
11 15 15 13 1886
12 14 0 2 2622
12 14 0 4 3356
12 14 0 6 1304
12 14 1 3 4858
12 14 1 5 636
12 14 1 7 1030
12 14 2 0 1286
12 14 2 4 746
12 14 2 6 734
12 14 3 1 2308
12 14 3 5 4412
12 14 3 7 346
12 14 4 0 872
12 14 4 2 3646
12 14 4 6 1496
12 14 5 1 1328
12 14 5 3 2448
12 14 5 7 1576
12 14 6 0 236
12 14 6 2 1200
12 14 6 4 504
12 14 7 1 3924
12 14 7 3 1954
12 14 7 5 5294
12 14 8 10 1190
12 14 8 12 524
12 14 8 14 4698
12 14 9 11 1050
12 14 9 13 2270
12 14 9 15 3558
12 14 10 8 3646
12 14 10 12 4220
12 14 10 14 506
12 14 11 9 242
12 14 11 13 1270
12 14 11 15 3866
12 14 12 8 994
12 14 12 10 654
12 14 12 14 5930
12 14 13 9 2894
12 14 13 11 3960
12 14 13 15 3886
12 14 14 8 276
12 14 14 10 1278
12 14 14 12 5968
12 14 15 9 16
12 14 15 11 1550
12 14 15 13 432
13 15 0 2 22
13 15 0 4 2220
13 15 0 6 778
13 15 1 3 1326
13 15 1 5 124
13 15 1 7 3376
13 15 2 0 166
13 15 2 4 3858
13 15 2 6 2260
13 15 3 1 3680
13 15 3 5 6482
13 15 3 7 1026
13 15 4 0 2032
13 15 4 2 512
13 15 4 6 436
13 15 5 1 2536
13 15 5 3 1190
13 15 5 7 62
13 15 6 0 3014
13 15 6 2 1052
13 15 6 4 126
13 15 7 1 2334
13 15 7 3 168
13 15 7 5 4594
13 15 8 10 478
13 15 8 12 1832
13 15 8 14 754
13 15 9 11 8588
13 15 9 13 2594
13 15 9 15 818
13 15 10 8 732
13 15 10 12 2054
13 15 10 14 160
13 15 11 9 240
13 15 11 13 2888
13 15 11 15 1126
13 15 12 8 3174
13 15 12 10 146
13 15 12 14 1510
13 15 13 9 358
13 15 13 11 2660
13 15 13 15 2340
13 15 14 8 4806
13 15 14 10 2550
13 15 14 12 464
13 15 15 9 1648
13 15 15 11 958
13 15 15 13 2036
