0 2 0 2 344
0 2 0 4 1296
0 2 0 6 1518
0 4 0 2 166
0 4 0 4 2772
0 4 0 6 544
0 8 0 2 2114
0 8 0 4 3320
0 8 0 6 1438
0 2 1 3 2266
0 2 1 5 818
0 2 1 7 6198
0 4 1 3 5384
0 4 1 5 914
0 4 1 7 1030
0 8 1 3 2822
0 8 1 5 4920
0 8 1 7 4528
0 2 2 0 320
0 2 2 4 1556
0 2 2 6 2314
0 4 2 0 352
0 4 2 4 2364
0 4 2 6 2678
0 8 2 0 3356
0 8 2 4 814
0 8 2 6 2120
0 2 3 1 3548
0 2 3 5 1966
0 2 3 7 2084
0 4 3 1 930
0 4 3 5 3756
0 4 3 7 300
0 8 3 1 1444
0 8 3 5 6668
0 8 3 7 24
0 2 4 0 290
0 2 4 2 914
0 2 4 6 1488
0 4 4 0 774
0 4 4 2 4580
0 4 4 6 364
0 8 4 0 1088
0 8 4 2 1414
0 8 4 6 118
0 2 5 1 1426
0 2 5 3 664
0 2 5 7 1348
0 4 5 1 1558
0 4 5 3 496
0 4 5 7 1506
0 8 5 1 2472
0 8 5 3 1860
0 8 5 7 5830
0 2 6 0 488
0 2 6 2 3406
0 2 6 4 204
0 4 6 0 2150
0 4 6 2 874
0 4 6 4 1386
0 8 6 0 676
0 8 6 2 1550
0 8 6 4 4858
0 2 7 1 2050
0 2 7 3 772
0 2 7 5 184
0 4 7 1 2456
0 4 7 3 2714
0 4 7 5 2648
0 8 7 1 3646
0 8 7 3 2242
0 8 7 5 2908
0 2 8 10 892
0 2 8 12 16
0 2 8 14 4764
0 4 8 10 5804
0 4 8 12 800
0 4 8 14 840
0 8 8 10 3844
0 8 8 12 3012
0 8 8 14 3840
0 2 9 11 5210
0 2 9 13 3928
0 2 9 15 3508
0 4 9 11 1542
0 4 9 13 2118
0 4 9 15 2308
0 8 9 11 1732
0 8 9 13 636
0 8 9 15 4822
0 2 10 8 5480
0 2 10 12 256
0 2 10 14 596
0 4 10 8 5544
0 4 10 12 446
0 4 10 14 3104
0 8 10 8 968
0 8 10 12 1462
0 8 10 14 1954
0 2 11 9 4160
0 2 11 13 530
0 2 11 15 1756
0 4 11 9 3074
0 4 11 13 2058
0 4 11 15 2580
0 8 11 9 2046
0 8 11 13 676
0 8 11 15 3022
0 2 12 8 3820
0 2 12 10 3246
0 2 12 14 662
0 4 12 8 448
0 4 12 10 6742
0 4 12 14 5426
0 8 12 8 694
0 8 12 10 4552
0 8 12 14 3180
0 2 13 9 26
0 2 13 11 3726
0 2 13 15 230
0 4 13 9 824
0 4 13 11 126
0 4 13 15 1420
0 8 13 9 640
0 8 13 11 4522
0 8 13 15 2868
0 2 14 8 1742
0 2 14 10 2624
0 2 14 12 1182
0 4 14 8 1732
0 4 14 10 3224
0 4 14 12 3140
0 8 14 8 3054
0 8 14 10 2206
0 8 14 12 2596
0 2 15 9 936
0 2 15 11 2434
0 2 15 13 1096
0 4 15 9 2352
0 4 15 11 1554
0 4 15 13 3262
0 8 15 9 2904
0 8 15 11 2184
0 8 15 13 5628
1 3 0 2 842
1 3 0 4 1488
1 3 0 6 1768
1 5 0 2 1752
1 5 0 4 178
1 5 0 6 2040
1 9 0 2 2714
1 9 0 4 3652
1 9 0 6 4176
1 3 1 3 496
1 3 1 5 4096
1 3 1 7 828
1 5 1 3 996
1 5 1 5 444
1 5 1 7 1458
1 9 1 3 76
1 9 1 5 1754
1 9 1 7 574
1 3 2 0 2426
1 3 2 4 1676
1 3 2 6 2326
1 5 2 0 758
1 5 2 4 372
1 5 2 6 208
1 9 2 0 1764
1 9 2 4 5392
1 9 2 6 2498
1 3 3 1 1582
1 3 3 5 2678
1 3 3 7 2928
1 5 3 1 1946
1 5 3 5 190
1 5 3 7 5136
1 9 3 1 5056
1 9 3 5 1104
1 9 3 7 2510
1 3 4 0 994
1 3 4 2 802
1 3 4 6 4512
1 5 4 0 2814
1 5 4 2 136
1 5 4 6 1724
1 9 4 0 4890
1 9 4 2 4786
1 9 4 6 652
1 3 5 1 2630
1 3 5 3 906
1 3 5 7 574
1 5 5 1 3044
1 5 5 3 968
1 5 5 7 2388
1 9 5 1 2082
1 9 5 3 224
1 9 5 7 862
1 3 6 0 1182
1 3 6 2 410
1 3 6 4 2730
1 5 6 0 4364
1 5 6 2 1676
1 5 6 4 120
1 9 6 0 2956
1 9 6 2 3136
1 9 6 4 1852
1 3 7 1 2624
1 3 7 3 2848
1 3 7 5 3512
1 5 7 1 3002
1 5 7 3 2088
1 5 7 5 42
1 9 7 1 410
1 9 7 3 4446
1 9 7 5 1350
1 3 8 10 4142
1 3 8 12 682
1 3 8 14 1084
1 5 8 10 4288
1 5 8 12 1750
1 5 8 14 350
1 9 8 10 1214
1 9 8 12 3594
1 9 8 14 1880
1 3 9 11 1118
1 3 9 13 3478
1 3 9 15 1550
1 5 9 11 3120
1 5 9 13 1554
1 5 9 15 8048
1 9 9 11 1746
1 9 9 13 5656
1 9 9 15 2950
1 3 10 8 2336
1 3 10 12 1318
1 3 10 14 3856
1 5 10 8 3716
1 5 10 12 2324
1 5 10 14 3136
1 9 10 8 684
1 9 10 12 3224
1 9 10 14 2306
1 3 11 9 4872
1 3 11 13 1316
1 3 11 15 2686
1 5 11 9 2788
1 5 11 13 2670
1 5 11 15 3486
1 9 11 9 2456
1 9 11 13 3992
1 9 11 15 1984
1 3 12 8 9062
1 3 12 10 870
1 3 12 14 6670
1 5 12 8 1780
1 5 12 10 1740
1 5 12 14 4700
1 9 12 8 2552
1 9 12 10 1050
1 9 12 14 3232
1 3 13 9 5828
1 3 13 11 426
1 3 13 15 240
1 5 13 9 2264
1 5 13 11 358
1 5 13 15 4186
1 9 13 9 896
1 9 13 11 1480
1 9 13 15 2366
1 3 14 8 3994
1 3 14 10 4322
1 3 14 12 4630
1 5 14 8 1910
1 5 14 10 2830
1 5 14 12 794
1 9 14 8 690
1 9 14 10 5078
1 9 14 12 2302
1 3 15 9 1080
1 3 15 11 1634
1 3 15 13 4306
1 5 15 9 2116
1 5 15 11 780
1 5 15 13 3088
1 9 15 9 1790
1 9 15 11 4562
1 9 15 13 5426
2 6 0 2 366
2 6 0 4 2398
2 6 0 6 902
2 10 0 2 2954
2 10 0 4 1236
2 10 0 6 1870
2 6 1 3 9168
2 6 1 5 996
2 6 1 7 4278
2 10 1 3 6034
2 10 1 5 1442
2 10 1 7 3576
2 6 2 0 2788
2 6 2 4 1158
2 6 2 6 172
2 10 2 0 2446
2 10 2 4 2888
2 10 2 6 1962
2 6 3 1 516
2 6 3 5 3188
2 6 3 7 2436
2 10 3 1 4382
2 10 3 5 608
2 10 3 7 452
2 6 4 0 3080
2 6 4 2 192
2 6 4 6 4182
2 10 4 0 428
2 10 4 2 468
2 10 4 6 960
2 6 5 1 4170
2 6 5 3 2652
2 6 5 7 596
2 10 5 1 2856
2 10 5 3 3372
2 10 5 7 684
2 6 6 0 1896
2 6 6 2 1664
2 6 6 4 60
2 10 6 0 118
2 10 6 2 2362
2 10 6 4 358
2 6 7 1 3598
2 6 7 3 5486
2 6 7 5 1544
2 10 7 1 5972
2 10 7 3 744
2 10 7 5 1874
2 6 8 10 3362
2 6 8 12 7640
2 6 8 14 910
2 10 8 10 1504
2 10 8 12 3896
2 10 8 14 694
2 6 9 11 4850
2 6 9 13 3480
2 6 9 15 530
2 10 9 11 2980
2 10 9 13 2382
2 10 9 15 4794
2 6 10 8 708
2 6 10 12 586
2 6 10 14 1594
2 10 10 8 2612
2 10 10 12 3610
2 10 10 14 3114
2 6 11 9 706
2 6 11 13 638
2 6 11 15 552
2 10 11 9 898
2 10 11 13 444
2 10 11 15 1226
2 6 12 8 994
2 6 12 10 1170
2 6 12 14 4064
2 10 12 8 898
2 10 12 10 1572
2 10 12 14 3704
2 6 13 9 1630
2 6 13 11 7096
2 6 13 15 132
2 10 13 9 4450
2 10 13 11 1162
2 10 13 15 1148
2 6 14 8 2142
2 6 14 10 864
2 6 14 12 6060
2 10 14 8 4014
2 10 14 10 1316
2 10 14 12 1980
2 6 15 9 144
2 6 15 11 2194
2 6 15 13 3092
2 10 15 9 100
2 10 15 11 338
2 10 15 13 3296
3 7 0 2 3864
3 7 0 4 2368
3 7 0 6 682
3 11 0 2 1826
3 11 0 4 1284
3 11 0 6 2092
3 7 1 3 632
3 7 1 5 1902
3 7 1 7 1628
3 11 1 3 1722
3 11 1 5 5250
3 11 1 7 466
3 7 2 0 1458
3 7 2 4 2192
3 7 2 6 1038
3 11 2 0 396
3 11 2 4 614
3 11 2 6 4010
3 7 3 1 1102
3 7 3 5 980
3 7 3 7 1236
3 11 3 1 5280
3 11 3 5 3620
3 11 3 7 3240
3 7 4 0 7472
3 7 4 2 4334
3 7 4 6 330
3 11 4 0 2244
3 11 4 2 3500
3 11 4 6 16
3 7 5 1 1768
3 7 5 3 5506
3 7 5 7 544
3 11 5 1 820
3 11 5 3 3012
3 11 5 7 4350
3 7 6 0 2566
3 7 6 2 2832
3 7 6 4 3010
3 11 6 0 6084
3 11 6 2 598
3 11 6 4 1230
3 7 7 1 1432
3 7 7 3 1840
3 7 7 5 2948
3 11 7 1 1726
3 11 7 3 2916
3 11 7 5 322
3 7 8 10 3284
3 7 8 12 2834
3 7 8 14 3984
3 11 8 10 1206
3 11 8 12 1514
3 11 8 14 2990
3 7 9 11 1178
3 7 9 13 5734
3 7 9 15 5402
3 11 9 11 2424
3 11 9 13 4356
3 11 9 15 1530
3 7 10 8 116
3 7 10 12 10
3 7 10 14 3550
3 11 10 8 9078
3 11 10 12 3290
3 11 10 14 904
3 7 11 9 4594
3 7 11 13 3990
3 7 11 15 5578
3 11 11 9 5480
3 11 11 13 5132
3 11 11 15 3370
3 7 12 8 4858
3 7 12 10 5820
3 7 12 14 242
3 11 12 8 842
3 11 12 10 1276
3 11 12 14 2430
3 7 13 9 42
3 7 13 11 4062
3 7 13 15 1996
3 11 13 9 5368
3 11 13 11 3572
3 11 13 15 3098
3 7 14 8 456
3 7 14 10 258
3 7 14 12 2610
3 11 14 8 2662
3 11 14 10 2384
3 11 14 12 2340
3 7 15 9 1852
3 7 15 11 3446
3 7 15 13 2602
3 11 15 9 3770
3 11 15 11 986
3 11 15 13 1532
4 6 0 2 1726
4 6 0 4 1842
4 6 0 6 3730
4 12 0 2 3638
4 12 0 4 1564
4 12 0 6 1722
4 6 1 3 3178
4 6 1 5 864
4 6 1 7 5212
4 12 1 3 3182
4 12 1 5 1282
4 12 1 7 638
4 6 2 0 4302
4 6 2 4 1840
4 6 2 6 1894
4 12 2 0 4242
4 12 2 4 1960
4 12 2 6 616
4 6 3 1 2942
4 6 3 5 942
4 6 3 7 364
4 12 3 1 3116
4 12 3 5 1758
4 12 3 7 844
4 6 4 0 2926
4 6 4 2 1968
4 6 4 6 4634
4 12 4 0 2436
4 12 4 2 4580
4 12 4 6 3988
4 6 5 1 888
4 6 5 3 2826
4 6 5 7 5202
4 12 5 1 1912
4 12 5 3 4430
4 12 5 7 3636
4 6 6 0 3378
4 6 6 2 2672
4 6 6 4 894
4 12 6 0 2326
4 12 6 2 2090
4 12 6 4 4786
4 6 7 1 140
4 6 7 3 4468
4 6 7 5 1458
4 12 7 1 654
4 12 7 3 5556
4 12 7 5 950
4 6 8 10 1978
4 6 8 12 3722
4 6 8 14 4572
4 12 8 10 334
4 12 8 12 2302
4 12 8 14 3766
4 6 9 11 694
4 6 9 13 3342
4 6 9 15 4350
4 12 9 11 3610
4 12 9 13 2738
4 12 9 15 1332
4 6 10 8 3652
4 6 10 12 1450
4 6 10 14 876
4 12 10 8 2850
4 12 10 12 4180
4 12 10 14 1048
4 6 11 9 2554
4 6 11 13 4348
4 6 11 15 854
4 12 11 9 3120
4 12 11 13 4968
4 12 11 15 684
4 6 12 8 5438
4 6 12 10 1192
4 6 12 14 1766
4 12 12 8 1812
4 12 12 10 5124
4 12 12 14 2658
4 6 13 9 1328
4 6 13 11 882
4 6 13 15 138
4 12 13 9 2170
4 12 13 11 3036
4 12 13 15 4716
4 6 14 8 1264
4 6 14 10 728
4 6 14 12 5786
4 12 14 8 1522
4 12 14 10 1860
4 12 14 12 1790
4 6 15 9 576
4 6 15 11 4810
4 6 15 13 5058
4 12 15 9 2298
4 12 15 11 1274
4 12 15 13 586
5 7 0 2 2430
5 7 0 4 1046
5 7 0 6 330
5 13 0 2 1170
5 13 0 4 1524
5 13 0 6 4908
5 7 1 3 4078
5 7 1 5 1800
5 7 1 7 3618
5 13 1 3 3948
5 13 1 5 864
5 13 1 7 2872
5 7 2 0 2022
5 7 2 4 2744
5 7 2 6 904
5 13 2 0 690
5 13 2 4 1380
5 13 2 6 1418
5 7 3 1 1856
5 7 3 5 836
5 7 3 7 106
5 13 3 1 302
5 13 3 5 1046
5 13 3 7 2674
5 7 4 0 4852
5 7 4 2 392
5 7 4 6 2356
5 13 4 0 662
5 13 4 2 10
5 13 4 6 2856
5 7 5 1 292
5 7 5 3 4582
5 7 5 7 7598
5 13 5 1 5280
5 13 5 3 5738
5 13 5 7 92
5 7 6 0 6454
5 7 6 2 1678
5 7 6 4 2254
5 13 6 0 5674
5 13 6 2 740
5 13 6 4 660
5 7 7 1 4294
5 7 7 3 350
5 7 7 5 532
5 13 7 1 416
5 13 7 3 4910
5 13 7 5 3874
5 7 8 10 1166
5 7 8 12 1268
5 7 8 14 2968
5 13 8 10 2178
5 13 8 12 406
5 13 8 14 3260
5 7 9 11 2412
5 7 9 13 6086
5 7 9 15 5208
5 13 9 11 964
5 13 9 13 3650
5 13 9 15 146
5 7 10 8 3330
5 7 10 12 5470
5 7 10 14 268
5 13 10 8 1438
5 13 10 12 3972
5 13 10 14 5612
5 7 11 9 3580
5 7 11 13 162
5 7 11 15 2258
5 13 11 9 3754
5 13 11 13 2698
5 13 11 15 1744
5 7 12 8 3752
5 7 12 10 492
5 7 12 14 2918
5 13 12 8 4214
5 13 12 10 1948
5 13 12 14 3626
5 7 13 9 1008
5 7 13 11 1762
5 7 13 15 2396
5 13 13 9 3424
5 13 13 11 1206
5 13 13 15 3582
5 7 14 8 1938
5 7 14 10 1706
5 7 14 12 4360
5 13 14 8 896
5 13 14 10 4942
5 13 14 12 1982
5 7 15 9 1302
5 7 15 11 1078
5 7 15 13 4518
5 13 15 9 1664
5 13 15 11 1930
5 13 15 13 3106
6 14 0 2 874
6 14 0 4 3532
6 14 0 6 1650
6 14 1 3 5372
6 14 1 5 468
6 14 1 7 3202
6 14 2 0 4558
6 14 2 4 1552
6 14 2 6 1018
6 14 3 1 1366
6 14 3 5 2696
6 14 3 7 5048
6 14 4 0 5746
6 14 4 2 3010
6 14 4 6 3102
6 14 5 1 492
6 14 5 3 3370
6 14 5 7 4578
6 14 6 0 4130
6 14 6 2 2854
6 14 6 4 6216
6 14 7 1 824
6 14 7 3 322
6 14 7 5 2728
6 14 8 10 1558
6 14 8 12 1106
6 14 8 14 5772
6 14 9 11 1716
6 14 9 13 3248
6 14 9 15 2560
6 14 10 8 1118
6 14 10 12 4296
6 14 10 14 3456
6 14 11 9 842
6 14 11 13 4702
6 14 11 15 2122
6 14 12 8 822
6 14 12 10 2196
6 14 12 14 706
6 14 13 9 3668
6 14 13 11 178
6 14 13 15 2100
6 14 14 8 4924
6 14 14 10 5062
6 14 14 12 2916
6 14 15 9 1486
6 14 15 11 4720
6 14 15 13 2382
7 15 0 2 1994
7 15 0 4 2194
7 15 0 6 1762
7 15 1 3 4970
7 15 1 5 2344
7 15 1 7 6210
7 15 2 0 3078
7 15 2 4 692
7 15 2 6 4804
7 15 3 1 5506
7 15 3 5 2860
7 15 3 7 3422
7 15 4 0 2018
7 15 4 2 290
7 15 4 6 3972
7 15 5 1 2416
7 15 5 3 2814
7 15 5 7 2566
7 15 6 0 4728
7 15 6 2 4810
7 15 6 4 1768
7 15 7 1 1844
7 15 7 3 1600
7 15 7 5 5658
7 15 8 10 2370
7 15 8 12 82
7 15 8 14 7018
7 15 9 11 3644
7 15 9 13 2830
7 15 9 15 1476
7 15 10 8 2782
7 15 10 12 1234
7 15 10 14 2404
7 15 11 9 3448
7 15 11 13 4258
7 15 11 15 2310
7 15 12 8 136
7 15 12 10 582
7 15 12 14 3244
7 15 13 9 1536
7 15 13 11 2298
7 15 13 15 1980
7 15 14 8 1804
7 15 14 10 1386
7 15 14 12 4368
7 15 15 9 2220
7 15 15 11 798
7 15 15 13 1596
8 10 0 2 26
8 10 0 4 3240
8 10 0 6 2216
8 12 0 2 1986
8 12 0 4 298
8 12 0 6 804
8 10 1 3 1570
8 10 1 5 5924
8 10 1 7 1976
8 12 1 3 224
8 12 1 5 1412
8 12 1 7 5308
8 10 2 0 1576
8 10 2 4 2076
8 10 2 6 284
8 12 2 0 3386
8 12 2 4 5576
8 12 2 6 4194
8 10 3 1 1014
8 10 3 5 334
8 10 3 7 1140
8 12 3 1 1188
8 12 3 5 1772
8 12 3 7 2510
8 10 4 0 224
8 10 4 2 826
8 10 4 6 1030
8 12 4 0 204
8 12 4 2 3280
8 12 4 6 1896
8 10 5 1 358
8 10 5 3 3510
8 10 5 7 7232
8 12 5 1 4106
8 12 5 3 344
8 12 5 7 316
8 10 6 0 3590
8 10 6 2 2480
8 10 6 4 262
8 12 6 0 2754
8 12 6 2 2084
8 12 6 4 192
8 10 7 1 234
8 10 7 3 5760
8 10 7 5 1526
8 12 7 1 972
8 12 7 3 68
8 12 7 5 2418
8 10 8 10 5574
8 10 8 12 580
8 10 8 14 1034
8 12 8 10 2478
8 12 8 12 12
8 12 8 14 2966
8 10 9 11 5548
8 10 9 13 972
8 10 9 15 2878
8 12 9 11 5644
8 12 9 13 1360
8 12 9 15 1302
8 10 10 8 1016
8 10 10 12 954
8 10 10 14 2990
8 12 10 8 1832
8 12 10 12 1562
8 12 10 14 544
8 10 11 9 666
8 10 11 13 560
8 10 11 15 1154
8 12 11 9 2462
8 12 11 13 6924
8 12 11 15 1616
8 10 12 8 308
8 10 12 10 2168
8 10 12 14 2804
8 12 12 8 2974
8 12 12 10 3426
8 12 12 14 2968
8 10 13 9 556
8 10 13 11 4638
8 10 13 15 4578
8 12 13 9 3004
8 12 13 11 7188
8 12 13 15 1096
8 10 14 8 588
8 10 14 10 4006
8 10 14 12 4252
8 12 14 8 36
8 12 14 10 2580
8 12 14 12 208
8 10 15 9 928
8 10 15 11 226
8 10 15 13 206
8 12 15 9 2332
8 12 15 11 3476
8 12 15 13 3416
9 11 0 2 3286
9 11 0 4 4586
9 11 0 6 3636
9 13 0 2 436
9 13 0 4 586
9 13 0 6 3712
9 11 1 3 100
9 11 1 5 1332
9 11 1 7 2874
9 13 1 3 1188
9 13 1 5 1152
9 13 1 7 3932
9 11 2 0 218
9 11 2 4 1310
9 11 2 6 4502
9 13 2 0 2652
9 13 2 4 2682
9 13 2 6 498
9 11 3 1 66
9 11 3 5 1972
9 11 3 7 1316
9 13 3 1 1258
9 13 3 5 5138
9 13 3 7 2740
9 11 4 0 1076
9 11 4 2 752
9 11 4 6 1252
9 13 4 0 2622
9 13 4 2 1842
9 13 4 6 800
9 11 5 1 5994
9 11 5 3 2252
9 11 5 7 4394
9 13 5 1 140
9 13 5 3 460
9 13 5 7 710
9 11 6 0 10160
9 11 6 2 4292
9 11 6 4 3028
9 13 6 0 984
9 13 6 2 552
9 13 6 4 918
9 11 7 1 1080
9 11 7 3 4950
9 11 7 5 352
9 13 7 1 1672
9 13 7 3 2534
9 13 7 5 2230
9 11 8 10 1460
9 11 8 12 2722
9 11 8 14 3304
9 13 8 10 210
9 13 8 12 2118
9 13 8 14 866
9 11 9 11 1294
9 11 9 13 1742
9 11 9 15 3870
9 13 9 11 420
9 13 9 13 2150
9 13 9 15 2730
9 11 10 8 3106
9 11 10 12 3020
9 11 10 14 2160
9 13 10 8 130
9 13 10 12 2290
9 13 10 14 1032
9 11 11 9 4942
9 11 11 13 156
9 11 11 15 5284
9 13 11 9 2112
9 13 11 13 600
9 13 11 15 2288
9 11 12 8 1308
9 11 12 10 1982
9 11 12 14 5122
9 13 12 8 5002
9 13 12 10 3462
9 13 12 14 4324
9 11 13 9 2094
9 11 13 11 3382
9 11 13 15 6282
9 13 13 9 706
9 13 13 11 4620
9 13 13 15 2130
9 11 14 8 1678
9 11 14 10 1136
9 11 14 12 2222
9 13 14 8 2528
9 13 14 10 2708
9 13 14 12 1528
9 11 15 9 124
9 11 15 11 170
9 11 15 13 4346
9 13 15 9 5178
9 13 15 11 6296
9 13 15 13 4552
10 14 0 2 3884
10 14 0 4 1798
10 14 0 6 1662
10 14 1 3 4422
10 14 1 5 1506
10 14 1 7 3974
10 14 2 0 2120
10 14 2 4 6058
10 14 2 6 1832
10 14 3 1 3408
10 14 3 5 2466
10 14 3 7 1594
10 14 4 0 2716
10 14 4 2 2972
10 14 4 6 1866
10 14 5 1 966
10 14 5 3 926
10 14 5 7 5496
10 14 6 0 4802
10 14 6 2 618
10 14 6 4 3258
10 14 7 1 1484
10 14 7 3 2878
10 14 7 5 372
10 14 8 10 512
10 14 8 12 2688
10 14 8 14 3398
10 14 9 11 4
10 14 9 13 5052
10 14 9 15 3054
10 14 10 8 2818
10 14 10 12 5226
10 14 10 14 232
10 14 11 9 3278
10 14 11 13 3114
10 14 11 15 1158
10 14 12 8 1480
10 14 12 10 188
10 14 12 14 1926
10 14 13 9 1892
10 14 13 11 4928
10 14 13 15 3168
10 14 14 8 634
10 14 14 10 196
10 14 14 12 4642
10 14 15 9 3468
10 14 15 11 1148
10 14 15 13 868
11 15 0 2 1280
11 15 0 4 4316
11 15 0 6 10080
11 15 1 3 20
11 15 1 5 1778
11 15 1 7 1712
11 15 2 0 2060
11 15 2 4 560
11 15 2 6 2468
11 15 3 1 2358
11 15 3 5 48
11 15 3 7 3030
11 15 4 0 748
11 15 4 2 3264
11 15 4 6 3658
11 15 5 1 86
11 15 5 3 1032
11 15 5 7 808
11 15 6 0 2834
11 15 6 2 3068
11 15 6 4 312
11 15 7 1 288
11 15 7 3 1194
11 15 7 5 676
11 15 8 10 2280
11 15 8 12 1038
11 15 8 14 5318
11 15 9 11 4856
11 15 9 13 4940
11 15 9 15 1964
11 15 10 8 2156
11 15 10 12 2470
11 15 10 14 3132
11 15 11 9 148
11 15 11 13 406
11 15 11 15 184
11 15 12 8 4160
11 15 12 10 200
11 15 12 14 2610
11 15 13 9 132
11 15 13 11 5082
11 15 13 15 1654
11 15 14 8 3054
11 15 14 10 686
11 15 14 12 290
11 15 15 9 2530
11 15 15 11 456
11 15 15 13 4786
12 14 0 2 1246
12 14 0 4 986
12 14 0 6 2396
12 14 1 3 1402
12 14 1 5 2862
12 14 1 7 2558
12 14 2 0 1112
12 14 2 4 1996
12 14 2 6 3756
12 14 3 1 34
12 14 3 5 2850
12 14 3 7 2502
12 14 4 0 780
12 14 4 2 1002
12 14 4 6 4098
12 14 5 1 120
12 14 5 3 0
12 14 5 7 1158
12 14 6 0 218
12 14 6 2 24
12 14 6 4 1376
12 14 7 1 1498
12 14 7 3 2936
12 14 7 5 418
12 14 8 10 836
12 14 8 12 1832
12 14 8 14 3476
12 14 9 11 832
12 14 9 13 306
12 14 9 15 3074
12 14 10 8 3156
12 14 10 12 260
12 14 10 14 3126
12 14 11 9 740
12 14 11 13 368
12 14 11 15 2304
12 14 12 8 6066
12 14 12 10 1496
12 14 12 14 4262
12 14 13 9 6036
12 14 13 11 1150
12 14 13 15 340
12 14 14 8 2290
12 14 14 10 4302
12 14 14 12 4904
12 14 15 9 3126
12 14 15 11 192
12 14 15 13 4508
13 15 0 2 1114
13 15 0 4 2078
13 15 0 6 818
13 15 1 3 4030
13 15 1 5 634
13 15 1 7 1430
13 15 2 0 1130
13 15 2 4 5470
13 15 2 6 40
13 15 3 1 1258
13 15 3 5 918
13 15 3 7 2012
13 15 4 0 1694
13 15 4 2 362
13 15 4 6 3362
13 15 5 1 3390
13 15 5 3 1296
13 15 5 7 2038
13 15 6 0 1388
13 15 6 2 1040
13 15 6 4 3886
13 15 7 1 3548
13 15 7 3 338
13 15 7 5 624
13 15 8 10 3022
13 15 8 12 3588
13 15 8 14 2480
13 15 9 11 308
13 15 9 13 560
13 15 9 15 2948
13 15 10 8 4036
13 15 10 12 5226
13 15 10 14 2988
13 15 11 9 3094
13 15 11 13 758
13 15 11 15 60
13 15 12 8 1856
13 15 12 10 2406
13 15 12 14 2636
13 15 13 9 952
13 15 13 11 3482
13 15 13 15 440
13 15 14 8 2280
13 15 14 10 116
13 15 14 12 630
13 15 15 9 926
13 15 15 11 3962
13 15 15 13 404
