0 2 0 2 2916
0 2 0 4 1890
0 2 0 6 4406
0 4 0 2 2888
0 4 0 4 22
0 4 0 6 2322
0 8 0 2 3106
0 8 0 4 3026
0 8 0 6 5826
0 2 1 3 4962
0 2 1 5 350
0 2 1 7 4694
0 4 1 3 1832
0 4 1 5 1390
0 4 1 7 780
0 8 1 3 2414
0 8 1 5 4362
0 8 1 7 1192
0 2 2 0 868
0 2 2 4 932
0 2 2 6 1740
0 4 2 0 4360
0 4 2 4 2940
0 4 2 6 46
0 8 2 0 3086
0 8 2 4 282
0 8 2 6 270
0 2 3 1 2716
0 2 3 5 1812
0 2 3 7 6198
0 4 3 1 2968
0 4 3 5 188
0 4 3 7 420
0 8 3 1 2272
0 8 3 5 532
0 8 3 7 302
0 2 4 0 628
0 2 4 2 5456
0 2 4 6 2636
0 4 4 0 394
0 4 4 2 974
0 4 4 6 458
0 8 4 0 3692
0 8 4 2 2126
0 8 4 6 4338
0 2 5 1 2940
0 2 5 3 4204
0 2 5 7 34
0 4 5 1 1868
0 4 5 3 686
0 4 5 7 686
0 8 5 1 4454
0 8 5 3 3138
0 8 5 7 3266
0 2 6 0 1960
0 2 6 2 2242
0 2 6 4 2462
0 4 6 0 6764
0 4 6 2 756
0 4 6 4 4078
0 8 6 0 3442
0 8 6 2 2892
0 8 6 4 3882
0 2 7 1 882
0 2 7 3 3988
0 2 7 5 2402
0 4 7 1 768
0 4 7 3 4438
0 4 7 5 4864
0 8 7 1 540
0 8 7 3 762
0 8 7 5 5614
0 2 8 10 624
0 2 8 12 124
0 2 8 14 4550
0 4 8 10 3716
0 4 8 12 6284
0 4 8 14 986
0 8 8 10 1072
0 8 8 12 1482
0 8 8 14 230
0 2 9 11 420
0 2 9 13 316
0 2 9 15 440
0 4 9 11 40
0 4 9 13 240
0 4 9 15 6766
0 8 9 11 1572
0 8 9 13 1828
0 8 9 15 4470
0 2 10 8 932
0 2 10 12 774
0 2 10 14 7440
0 4 10 8 2742
0 4 10 12 2778
0 4 10 14 2542
0 8 10 8 880
0 8 10 12 960
0 8 10 14 5408
0 2 11 9 3240
0 2 11 13 1992
0 2 11 15 2138
0 4 11 9 1636
0 4 11 13 1306
0 4 11 15 4722
0 8 11 9 1728
0 8 11 13 2202
0 8 11 15 1488
0 2 12 8 1298
0 2 12 10 2434
0 2 12 14 3054
0 4 12 8 1634
0 4 12 10 3948
0 4 12 14 1114
0 8 12 8 2076
0 8 12 10 318
0 8 12 14 3086
0 2 13 9 1032
0 2 13 11 6514
0 2 13 15 94
0 4 13 9 2268
0 4 13 11 5382
0 4 13 15 1344
0 8 13 9 564
0 8 13 11 878
0 8 13 15 2772
0 2 14 8 1634
0 2 14 10 3254
0 2 14 12 716
0 4 14 8 178
0 4 14 10 578
0 4 14 12 124
0 8 14 8 2814
0 8 14 10 4434
0 8 14 12 1434
0 2 15 9 3130
0 2 15 11 596
0 2 15 13 3084
0 4 15 9 3994
0 4 15 11 1700
0 4 15 13 2432
0 8 15 9 3944
0 8 15 11 94
0 8 15 13 3954
1 3 0 2 2216
1 3 0 4 2682
1 3 0 6 4724
1 5 0 2 2256
1 5 0 4 1498
1 5 0 6 3500
1 9 0 2 2516
1 9 0 4 1054
1 9 0 6 2388
1 3 1 3 1412
1 3 1 5 1250
1 3 1 7 424
1 5 1 3 2818
1 5 1 5 728
1 5 1 7 3600
1 9 1 3 4818
1 9 1 5 3928
1 9 1 7 1664
1 3 2 0 986
1 3 2 4 4022
1 3 2 6 2868
1 5 2 0 5542
1 5 2 4 3244
1 5 2 6 402
1 9 2 0 1052
1 9 2 4 1522
1 9 2 6 374
1 3 3 1 2444
1 3 3 5 3116
1 3 3 7 3762
1 5 3 1 4168
1 5 3 5 1486
1 5 3 7 2848
1 9 3 1 3162
1 9 3 5 1324
1 9 3 7 66
1 3 4 0 3402
1 3 4 2 5390
1 3 4 6 1680
1 5 4 0 162
1 5 4 2 1038
1 5 4 6 2040
1 9 4 0 4600
1 9 4 2 5354
1 9 4 6 3028
1 3 5 1 1186
1 3 5 3 3086
1 3 5 7 1154
1 5 5 1 1636
1 5 5 3 622
1 5 5 7 5068
1 9 5 1 5404
1 9 5 3 566
1 9 5 7 2386
1 3 6 0 3436
1 3 6 2 4070
1 3 6 4 1136
1 5 6 0 580
1 5 6 2 3080
1 5 6 4 2556
1 9 6 0 1684
1 9 6 2 328
1 9 6 4 3460
1 3 7 1 7374
1 3 7 3 2620
1 3 7 5 370
1 5 7 1 306
1 5 7 3 2534
1 5 7 5 1824
1 9 7 1 3072
1 9 7 3 1386
1 9 7 5 562
1 3 8 10 2190
1 3 8 12 2312
1 3 8 14 2346
1 5 8 10 2268
1 5 8 12 356
1 5 8 14 682
1 9 8 10 5638
1 9 8 12 3246
1 9 8 14 1448
1 3 9 11 1396
1 3 9 13 5192
1 3 9 15 1354
1 5 9 11 2180
1 5 9 13 2038
1 5 9 15 238
1 9 9 11 898
1 9 9 13 2598
1 9 9 15 2396
1 3 10 8 1628
1 3 10 12 1004
1 3 10 14 2074
1 5 10 8 450
1 5 10 12 2162
1 5 10 14 5040
1 9 10 8 2240
1 9 10 12 1894
1 9 10 14 348
1 3 11 9 1628
1 3 11 13 2544
1 3 11 15 5974
1 5 11 9 1840
1 5 11 13 8718
1 5 11 15 2150
1 9 11 9 4108
1 9 11 13 272
1 9 11 15 4934
1 3 12 8 1784
1 3 12 10 18
1 3 12 14 2158
1 5 12 8 4184
1 5 12 10 642
1 5 12 14 5172
1 9 12 8 1604
1 9 12 10 810
1 9 12 14 1900
1 3 13 9 3552
1 3 13 11 2416
1 3 13 15 2034
1 5 13 9 352
1 5 13 11 3782
1 5 13 15 6166
1 9 13 9 1316
1 9 13 11 678
1 9 13 15 1884
1 3 14 8 3296
1 3 14 10 684
1 3 14 12 806
1 5 14 8 3114
1 5 14 10 3976
1 5 14 12 1090
1 9 14 8 426
1 9 14 10 322
1 9 14 12 1976
1 3 15 9 814
1 3 15 11 5624
1 3 15 13 1686
1 5 15 9 2776
1 5 15 11 1282
1 5 15 13 2208
1 9 15 9 2670
1 9 15 11 3118
1 9 15 13 1558
2 6 0 2 3134
2 6 0 4 936
2 6 0 6 1334
2 10 0 2 2920
2 10 0 4 3670
2 10 0 6 6624
2 6 1 3 212
2 6 1 5 294
2 6 1 7 1994
2 10 1 3 4108
2 10 1 5 4524
2 10 1 7 5356
2 6 2 0 3904
2 6 2 4 2304
2 6 2 6 2106
2 10 2 0 5432
2 10 2 4 4054
2 10 2 6 2560
2 6 3 1 4512
2 6 3 5 1342
2 6 3 7 3186
2 10 3 1 1458
2 10 3 5 232
2 10 3 7 3036
2 6 4 0 3734
2 6 4 2 1498
2 6 4 6 3602
2 10 4 0 2330
2 10 4 2 6390
2 10 4 6 1052
2 6 5 1 586
2 6 5 3 1518
2 6 5 7 2918
2 10 5 1 4068
2 10 5 3 2140
2 10 5 7 1844
2 6 6 0 844
2 6 6 2 4090
2 6 6 4 2164
2 10 6 0 4702
2 10 6 2 1242
2 10 6 4 5276
2 6 7 1 954
2 6 7 3 3434
2 6 7 5 1006
2 10 7 1 690
2 10 7 3 70
2 10 7 5 2084
2 6 8 10 1774
2 6 8 12 6588
2 6 8 14 1630
2 10 8 10 4278
2 10 8 12 2272
2 10 8 14 3422
2 6 9 11 3908
2 6 9 13 2982
2 6 9 15 3260
2 10 9 11 304
2 10 9 13 3092
2 10 9 15 412
2 6 10 8 1700
2 6 10 12 4996
2 6 10 14 3492
2 10 10 8 1512
2 10 10 12 1558
2 10 10 14 1612
2 6 11 9 1702
2 6 11 13 3286
2 6 11 15 4808
2 10 11 9 5738
2 10 11 13 1526
2 10 11 15 9424
2 6 12 8 1598
2 6 12 10 3804
2 6 12 14 434
2 10 12 8 1842
2 10 12 10 516
2 10 12 14 3972
2 6 13 9 852
2 6 13 11 514
2 6 13 15 6956
2 10 13 9 1944
2 10 13 11 1202
2 10 13 15 2038
2 6 14 8 22
2 6 14 10 3404
2 6 14 12 4824
2 10 14 8 3890
2 10 14 10 594
2 10 14 12 1488
2 6 15 9 802
2 6 15 11 316
2 6 15 13 2556
2 10 15 9 3702
2 10 15 11 92
2 10 15 13 2638
3 7 0 2 2466
3 7 0 4 3026
3 7 0 6 5732
3 11 0 2 2112
3 11 0 4 1178
3 11 0 6 146
3 7 1 3 5026
3 7 1 5 1572
3 7 1 7 162
3 11 1 3 3928
3 11 1 5 220
3 11 1 7 2556
3 7 2 0 1818
3 7 2 4 10
3 7 2 6 4670
3 11 2 0 1770
3 11 2 4 52
3 11 2 6 2680
3 7 3 1 2838
3 7 3 5 404
3 7 3 7 828
3 11 3 1 44
3 11 3 5 1796
3 11 3 7 118
3 7 4 0 2430
3 7 4 2 826
3 7 4 6 1042
3 11 4 0 540
3 11 4 2 5522
3 11 4 6 2134
3 7 5 1 2230
3 7 5 3 1688
3 7 5 7 3900
3 11 5 1 1366
3 11 5 3 464
3 11 5 7 2370
3 7 6 0 3420
3 7 6 2 3100
3 7 6 4 4178
3 11 6 0 4186
3 11 6 2 1840
3 11 6 4 3646
3 7 7 1 224
3 7 7 3 1676
3 7 7 5 7080
3 11 7 1 5404
3 11 7 3 4690
3 11 7 5 338
3 7 8 10 4490
3 7 8 12 2278
3 7 8 14 3390
3 11 8 10 3452
3 11 8 12 1296
3 11 8 14 2782
3 7 9 11 1598
3 7 9 13 7110
3 7 9 15 1686
3 11 9 11 1240
3 11 9 13 2496
3 11 9 15 4340
3 7 10 8 362
3 7 10 12 2004
3 7 10 14 2302
3 11 10 8 7574
3 11 10 12 3242
3 11 10 14 2242
3 7 11 9 420
3 7 11 13 4060
3 7 11 15 1800
3 11 11 9 874
3 11 11 13 216
3 11 11 15 3764
3 7 12 8 3244
3 7 12 10 6474
3 7 12 14 374
3 11 12 8 2116
3 11 12 10 5392
3 11 12 14 904
3 7 13 9 958
3 7 13 11 2500
3 7 13 15 652
3 11 13 9 1114
3 11 13 11 5074
3 11 13 15 1752
3 7 14 8 5176
3 7 14 10 3938
3 7 14 12 5032
3 11 14 8 2636
3 11 14 10 1454
3 11 14 12 5278
3 7 15 9 4030
3 7 15 11 2018
3 7 15 13 1754
3 11 15 9 1388
3 11 15 11 1016
3 11 15 13 2150
4 6 0 2 2010
4 6 0 4 2398
4 6 0 6 300
4 12 0 2 2060
4 12 0 4 1500
4 12 0 6 3434
4 6 1 3 1828
4 6 1 5 3352
4 6 1 7 110
4 12 1 3 226
4 12 1 5 1158
4 12 1 7 206
4 6 2 0 3272
4 6 2 4 388
4 6 2 6 732
4 12 2 0 2950
4 12 2 4 4568
4 12 2 6 3280
4 6 3 1 398
4 6 3 5 864
4 6 3 7 2434
4 12 3 1 1530
4 12 3 5 712
4 12 3 7 844
4 6 4 0 1538
4 6 4 2 1950
4 6 4 6 86
4 12 4 0 2554
4 12 4 2 1766
4 12 4 6 3766
4 6 5 1 132
4 6 5 3 3180
4 6 5 7 580
4 12 5 1 2974
4 12 5 3 7872
4 12 5 7 2684
4 6 6 0 5010
4 6 6 2 3842
4 6 6 4 3456
4 12 6 0 1254
4 12 6 2 2170
4 12 6 4 896
4 6 7 1 34
4 6 7 3 1304
4 6 7 5 2494
4 12 7 1 2092
4 12 7 3 1572
4 12 7 5 2352
4 6 8 10 54
4 6 8 12 2604
4 6 8 14 730
4 12 8 10 2638
4 12 8 12 1886
4 12 8 14 1594
4 6 9 11 1852
4 6 9 13 936
4 6 9 15 56
4 12 9 11 1802
4 12 9 13 1890
4 12 9 15 2254
4 6 10 8 1744
4 6 10 12 556
4 6 10 14 6322
4 12 10 8 1068
4 12 10 12 1166
4 12 10 14 2358
4 6 11 9 5354
4 6 11 13 758
4 6 11 15 1962
4 12 11 9 3442
4 12 11 13 892
4 12 11 15 3322
4 6 12 8 2286
4 6 12 10 1602
4 6 12 14 2830
4 12 12 8 3196
4 12 12 10 2772
4 12 12 14 3128
4 6 13 9 1746
4 6 13 11 1280
4 6 13 15 5362
4 12 13 9 2856
4 12 13 11 2754
4 12 13 15 3820
4 6 14 8 1556
4 6 14 10 3940
4 6 14 12 678
4 12 14 8 5604
4 12 14 10 644
4 12 14 12 2418
4 6 15 9 1562
4 6 15 11 2556
4 6 15 13 3112
4 12 15 9 1676
4 12 15 11 2010
4 12 15 13 2550
5 7 0 2 1816
5 7 0 4 3554
5 7 0 6 2396
5 13 0 2 4954
5 13 0 4 1998
5 13 0 6 654
5 7 1 3 1292
5 7 1 5 2136
5 7 1 7 2246
5 13 1 3 2390
5 13 1 5 5032
5 13 1 7 946
5 7 2 0 5212
5 7 2 4 4354
5 7 2 6 2246
5 13 2 0 2268
5 13 2 4 870
5 13 2 6 2070
5 7 3 1 4322
5 7 3 5 930
5 7 3 7 6220
5 13 3 1 944
5 13 3 5 3792
5 13 3 7 2378
5 7 4 0 2726
5 7 4 2 2244
5 7 4 6 810
5 13 4 0 2782
5 13 4 2 3124
5 13 4 6 2374
5 7 5 1 2320
5 7 5 3 128
5 7 5 7 908
5 13 5 1 2862
5 13 5 3 84
5 13 5 7 136
5 7 6 0 4380
5 7 6 2 2606
5 7 6 4 2268
5 13 6 0 36
5 13 6 2 2362
5 13 6 4 2146
5 7 7 1 1636
5 7 7 3 5406
5 7 7 5 2058
5 13 7 1 3436
5 13 7 3 2112
5 13 7 5 6488
5 7 8 10 768
5 7 8 12 1756
5 7 8 14 3954
5 13 8 10 574
5 13 8 12 260
5 13 8 14 2720
5 7 9 11 7400
5 7 9 13 2038
5 7 9 15 2942
5 13 9 11 2884
5 13 9 13 4614
5 13 9 15 2036
5 7 10 8 416
5 7 10 12 4026
5 7 10 14 3256
5 13 10 8 6194
5 13 10 12 2448
5 13 10 14 1516
5 7 11 9 5586
5 7 11 13 2716
5 7 11 15 3052
5 13 11 9 340
5 13 11 13 1356
5 13 11 15 180
5 7 12 8 3722
5 7 12 10 1522
5 7 12 14 836
5 13 12 8 1878
5 13 12 10 4440
5 13 12 14 1722
5 7 13 9 1226
5 7 13 11 346
5 7 13 15 484
5 13 13 9 50
5 13 13 11 600
5 13 13 15 1470
5 7 14 8 648
5 7 14 10 512
5 7 14 12 530
5 13 14 8 3850
5 13 14 10 1044
5 13 14 12 962
5 7 15 9 2720
5 7 15 11 7390
5 7 15 13 558
5 13 15 9 976
5 13 15 11 806
5 13 15 13 2766
6 14 0 2 550
6 14 0 4 4848
6 14 0 6 86
6 14 1 3 2894
6 14 1 5 408
6 14 1 7 1712
6 14 2 0 1534
6 14 2 4 68
6 14 2 6 4980
6 14 3 1 3892
6 14 3 5 1122
6 14 3 7 668
6 14 4 0 2054
6 14 4 2 974
6 14 4 6 48
6 14 5 1 1386
6 14 5 3 2754
6 14 5 7 5536
6 14 6 0 8472
6 14 6 2 532
6 14 6 4 4934
6 14 7 1 2796
6 14 7 3 2596
6 14 7 5 2718
6 14 8 10 538
6 14 8 12 3022
6 14 8 14 2188
6 14 9 11 1550
6 14 9 13 3556
6 14 9 15 1664
6 14 10 8 508
6 14 10 12 362
6 14 10 14 2720
6 14 11 9 4228
6 14 11 13 616
6 14 11 15 324
6 14 12 8 5610
6 14 12 10 6184
6 14 12 14 2136
6 14 13 9 1052
6 14 13 11 3524
6 14 13 15 116
6 14 14 8 386
6 14 14 10 1038
6 14 14 12 2130
6 14 15 9 1246
6 14 15 11 1112
6 14 15 13 1372
7 15 0 2 208
7 15 0 4 462
7 15 0 6 2782
7 15 1 3 1722
7 15 1 5 5736
7 15 1 7 826
7 15 2 0 456
7 15 2 4 3958
7 15 2 6 6756
7 15 3 1 2026
7 15 3 5 1796
7 15 3 7 4522
7 15 4 0 2500
7 15 4 2 764
7 15 4 6 1056
7 15 5 1 4200
7 15 5 3 3286
7 15 5 7 3934
7 15 6 0 3292
7 15 6 2 502
7 15 6 4 5076
7 15 7 1 676
7 15 7 3 832
7 15 7 5 3828
7 15 8 10 976
7 15 8 12 416
7 15 8 14 3982
7 15 9 11 1168
7 15 9 13 820
7 15 9 15 4616
7 15 10 8 250
7 15 10 12 550
7 15 10 14 6770
7 15 11 9 1262
7 15 11 13 998
7 15 11 15 822
7 15 12 8 3260
7 15 12 10 5418
7 15 12 14 906
7 15 13 9 3498
7 15 13 11 3104
7 15 13 15 1988
7 15 14 8 234
7 15 14 10 2710
7 15 14 12 1558
7 15 15 9 2012
7 15 15 11 268
7 15 15 13 2676
8 10 0 2 2924
8 10 0 4 1146
8 10 0 6 1040
8 12 0 2 3742
8 12 0 4 594
8 12 0 6 556
8 10 1 3 2450
8 10 1 5 1932
8 10 1 7 1184
8 12 1 3 1508
8 12 1 5 4252
8 12 1 7 4048
8 10 2 0 4020
8 10 2 4 2384
8 10 2 6 4044
8 12 2 0 660
8 12 2 4 2658
8 12 2 6 744
8 10 3 1 1486
8 10 3 5 4092
8 10 3 7 6598
8 12 3 1 3056
8 12 3 5 532
8 12 3 7 2764
8 10 4 0 1510
8 10 4 2 2510
8 10 4 6 222
8 12 4 0 2480
8 12 4 2 1400
8 12 4 6 188
8 10 5 1 7868
8 10 5 3 4978
8 10 5 7 4538
8 12 5 1 3804
8 12 5 3 3582
8 12 5 7 3302
8 10 6 0 310
8 10 6 2 4010
8 10 6 4 1506
8 12 6 0 150
8 12 6 2 1990
8 12 6 4 2890
8 10 7 1 2248
8 10 7 3 1910
8 10 7 5 2626
8 12 7 1 1802
8 12 7 3 1382
8 12 7 5 810
8 10 8 10 6164
8 10 8 12 74
8 10 8 14 1434
8 12 8 10 154
8 12 8 12 1010
8 12 8 14 1854
8 10 9 11 126
8 10 9 13 3656
8 10 9 15 5038
8 12 9 11 1884
8 12 9 13 90
8 12 9 15 2352
8 10 10 8 750
8 10 10 12 2936
8 10 10 14 306
8 12 10 8 2568
8 12 10 12 1396
8 12 10 14 1096
8 10 11 9 2504
8 10 11 13 4086
8 10 11 15 736
8 12 11 9 2908
8 12 11 13 80
8 12 11 15 2234
8 10 12 8 2110
8 10 12 10 3634
8 10 12 14 1420
8 12 12 8 2504
8 12 12 10 534
8 12 12 14 930
8 10 13 9 582
8 10 13 11 3530
8 10 13 15 768
8 12 13 9 2106
8 12 13 11 5050
8 12 13 15 2146
8 10 14 8 2384
8 10 14 10 756
8 10 14 12 152
8 12 14 8 5874
8 12 14 10 1950
8 12 14 12 4240
8 10 15 9 3140
8 10 15 11 1210
8 10 15 13 554
8 12 15 9 6130
8 12 15 11 2542
8 12 15 13 1334
9 11 0 2 238
9 11 0 4 5152
9 11 0 6 5638
9 13 0 2 1454
9 13 0 4 210
9 13 0 6 976
9 11 1 3 630
9 11 1 5 2926
9 11 1 7 2810
9 13 1 3 3324
9 13 1 5 988
9 13 1 7 7764
9 11 2 0 1746
9 11 2 4 2264
9 11 2 6 3894
9 13 2 0 2276
9 13 2 4 2372
9 13 2 6 3060
9 11 3 1 216
9 11 3 5 568
9 11 3 7 3712
9 13 3 1 522
9 13 3 5 36
9 13 3 7 502
9 11 4 0 208
9 11 4 2 132
9 11 4 6 148
9 13 4 0 226
9 13 4 2 4728
9 13 4 6 4566
9 11 5 1 1772
9 11 5 3 2992
9 11 5 7 3056
9 13 5 1 100
9 13 5 3 4736
9 13 5 7 1092
9 11 6 0 2942
9 11 6 2 1694
9 11 6 4 3354
9 13 6 0 2070
9 13 6 2 3342
9 13 6 4 366
9 11 7 1 3272
9 11 7 3 200
9 11 7 5 1062
9 13 7 1 406
9 13 7 3 2212
9 13 7 5 818
9 11 8 10 16
9 11 8 12 282
9 11 8 14 840
9 13 8 10 3370
9 13 8 12 1912
9 13 8 14 4462
9 11 9 11 4970
9 11 9 13 3748
9 11 9 15 1290
9 13 9 11 2180
9 13 9 13 1830
9 13 9 15 1288
9 11 10 8 162
9 11 10 12 1312
9 11 10 14 1172
9 13 10 8 2406
9 13 10 12 3936
9 13 10 14 504
9 11 11 9 650
9 11 11 13 4044
9 11 11 15 1458
9 13 11 9 234
9 13 11 13 4120
9 13 11 15 1312
9 11 12 8 2250
9 11 12 10 6394
9 11 12 14 7204
9 13 12 8 3346
9 13 12 10 4522
9 13 12 14 2628
9 11 13 9 7372
9 11 13 11 2544
9 11 13 15 4470
9 13 13 9 554
9 13 13 11 584
9 13 13 15 1690
9 11 14 8 2210
9 11 14 10 3766
9 11 14 12 2824
9 13 14 8 1658
9 13 14 10 1298
9 13 14 12 4506
9 11 15 9 3980
9 11 15 11 2704
9 11 15 13 2350
9 13 15 9 722
9 13 15 11 3968
9 13 15 13 360
10 14 0 2 816
10 14 0 4 2236
10 14 0 6 0
10 14 1 3 2680
10 14 1 5 3030
10 14 1 7 1792
10 14 2 0 3700
10 14 2 4 900
10 14 2 6 3110
10 14 3 1 2982
10 14 3 5 3294
10 14 3 7 6470
10 14 4 0 1048
10 14 4 2 632
10 14 4 6 1912
10 14 5 1 3034
10 14 5 3 78
10 14 5 7 878
10 14 6 0 2888
10 14 6 2 2528
10 14 6 4 4904
10 14 7 1 3506
10 14 7 3 1358
10 14 7 5 3612
10 14 8 10 1698
10 14 8 12 1028
10 14 8 14 2710
10 14 9 11 6820
10 14 9 13 3430
10 14 9 15 528
10 14 10 8 464
10 14 10 12 3176
10 14 10 14 1212
10 14 11 9 2550
10 14 11 13 540
10 14 11 15 3568
10 14 12 8 0
10 14 12 10 716
10 14 12 14 2998
10 14 13 9 2526
10 14 13 11 2380
10 14 13 15 1302
10 14 14 8 962
10 14 14 10 1534
10 14 14 12 1646
10 14 15 9 1474
10 14 15 11 2668
10 14 15 13 82
11 15 0 2 136
11 15 0 4 602
11 15 0 6 2402
11 15 1 3 4652
11 15 1 5 3158
11 15 1 7 1788
11 15 2 0 396
11 15 2 4 3102
11 15 2 6 2440
11 15 3 1 44
11 15 3 5 2544
11 15 3 7 5686
11 15 4 0 1942
11 15 4 2 4256
11 15 4 6 3418
11 15 5 1 2878
11 15 5 3 3972
11 15 5 7 3558
11 15 6 0 2094
11 15 6 2 2634
11 15 6 4 262
11 15 7 1 1492
11 15 7 3 228
11 15 7 5 2236
11 15 8 10 434
11 15 8 12 1840
11 15 8 14 604
11 15 9 11 4096
11 15 9 13 3274
11 15 9 15 2116
11 15 10 8 610
11 15 10 12 3466
11 15 10 14 1002
11 15 11 9 194
11 15 11 13 4662
11 15 11 15 574
11 15 12 8 602
11 15 12 10 1312
11 15 12 14 3686
11 15 13 9 452
11 15 13 11 3342
11 15 13 15 6610
11 15 14 8 3984
11 15 14 10 1062
11 15 14 12 2298
11 15 15 9 774
11 15 15 11 1322
11 15 15 13 1040
12 14 0 2 3056
12 14 0 4 4388
12 14 0 6 314
12 14 1 3 580
12 14 1 5 3714
12 14 1 7 1518
12 14 2 0 2640
12 14 2 4 998
12 14 2 6 4966
12 14 3 1 2268
12 14 3 5 1116
12 14 3 7 2890
12 14 4 0 6000
12 14 4 2 2160
12 14 4 6 3842
12 14 5 1 2048
12 14 5 3 940
12 14 5 7 1208
12 14 6 0 1998
12 14 6 2 16
12 14 6 4 1736
12 14 7 1 3148
12 14 7 3 856
12 14 7 5 1882
12 14 8 10 3322
12 14 8 12 1284
12 14 8 14 1268
12 14 9 11 1734
12 14 9 13 16
12 14 9 15 778
12 14 10 8 924
12 14 10 12 1486
12 14 10 14 4118
12 14 11 9 1488
12 14 11 13 5266
12 14 11 15 2188
12 14 12 8 910
12 14 12 10 2700
12 14 12 14 400
12 14 13 9 1714
12 14 13 11 1766
12 14 13 15 2728
12 14 14 8 4336
12 14 14 10 1942
12 14 14 12 9272
12 14 15 9 3662
12 14 15 11 2554
12 14 15 13 4420
13 15 0 2 2346
13 15 0 4 3264
13 15 0 6 3268
13 15 1 3 1050
13 15 1 5 4242
13 15 1 7 2736
13 15 2 0 3180
13 15 2 4 960
13 15 2 6 3818
13 15 3 1 3210
13 15 3 5 1082
13 15 3 7 996
13 15 4 0 1134
13 15 4 2 1800
13 15 4 6 1198
13 15 5 1 4048
13 15 5 3 6866
13 15 5 7 520
13 15 6 0 402
13 15 6 2 4808
13 15 6 4 64
13 15 7 1 2654
13 15 7 3 378
13 15 7 5 3856
13 15 8 10 2580
13 15 8 12 3942
13 15 8 14 5036
13 15 9 11 4058
13 15 9 13 350
13 15 9 15 5104
13 15 10 8 2832
13 15 10 12 6704
13 15 10 14 1342
13 15 11 9 4678
13 15 11 13 3024
13 15 11 15 648
13 15 12 8 862
13 15 12 10 272
13 15 12 14 1436
13 15 13 9 1146
13 15 13 11 3086
13 15 13 15 1012
13 15 14 8 4996
13 15 14 10 2720
13 15 14 12 5486
13 15 15 9 5458
13 15 15 11 4136
13 15 15 13 5702
