0 2 0 2 2120
0 2 0 4 10860
0 2 0 6 5446
0 4 0 2 1200
0 4 0 4 5088
0 4 0 6 3788
0 8 0 2 4930
0 8 0 4 714
0 8 0 6 5054
0 2 1 3 9806
0 2 1 5 900
0 2 1 7 3952
0 4 1 3 3900
0 4 1 5 12508
0 4 1 7 7306
0 8 1 3 2036
0 8 1 5 362
0 8 1 7 3306
0 2 2 0 3974
0 2 2 4 644
0 2 2 6 2734
0 4 2 0 3926
0 4 2 4 12142
0 4 2 6 1328
0 8 2 0 576
0 8 2 4 5308
0 8 2 6 3942
0 2 3 1 424
0 2 3 5 3602
0 2 3 7 268
0 4 3 1 5792
0 4 3 5 1198
0 4 3 7 9022
0 8 3 1 1150
0 8 3 5 4204
0 8 3 7 12562
0 2 4 0 2058
0 2 4 2 2260
0 2 4 6 6732
0 4 4 0 6140
0 4 4 2 1888
0 4 4 6 3542
0 8 4 0 4238
0 8 4 2 2714
0 8 4 6 170
0 2 5 1 6812
0 2 5 3 5024
0 2 5 7 1294
0 4 5 1 1216
0 4 5 3 8914
0 4 5 7 754
0 8 5 1 6262
0 8 5 3 6514
0 8 5 7 12472
0 2 6 0 4450
0 2 6 2 4542
0 2 6 4 3800
0 4 6 0 3490
0 4 6 2 916
0 4 6 4 396
0 8 6 0 3732
0 8 6 2 3370
0 8 6 4 984
0 2 7 1 8952
0 2 7 3 4126
0 2 7 5 10
0 4 7 1 292
0 4 7 3 840
0 4 7 5 7050
0 8 7 1 3656
0 8 7 3 9432
0 8 7 5 1240
0 2 8 10 8436
0 2 8 12 6048
0 2 8 14 3540
0 4 8 10 5938
0 4 8 12 3376
0 4 8 14 5722
0 8 8 10 8878
0 8 8 12 5036
0 8 8 14 1116
0 2 9 11 8774
0 2 9 13 2156
0 2 9 15 5882
0 4 9 11 1752
0 4 9 13 4242
0 4 9 15 1702
0 8 9 11 5872
0 8 9 13 4012
0 8 9 15 8448
0 2 10 8 3128
0 2 10 12 1542
0 2 10 14 3506
0 4 10 8 6450
0 4 10 12 6150
0 4 10 14 7612
0 8 10 8 1412
0 8 10 12 566
0 8 10 14 9342
0 2 11 9 3756
0 2 11 13 7364
0 2 11 15 5614
0 4 11 9 7136
0 4 11 13 4208
0 4 11 15 776
0 8 11 9 3222
0 8 11 13 4688
0 8 11 15 6388
0 2 12 8 9818
0 2 12 10 818
0 2 12 14 1282
0 4 12 8 8996
0 4 12 10 6542
0 4 12 14 2682
0 8 12 8 3102
0 8 12 10 4778
0 8 12 14 3788
0 2 13 9 3078
0 2 13 11 4880
0 2 13 15 5322
0 4 13 9 2792
0 4 13 11 3604
0 4 13 15 5550
0 8 13 9 376
0 8 13 11 1578
0 8 13 15 7150
0 2 14 8 3718
0 2 14 10 3054
0 2 14 12 4882
0 4 14 8 6192
0 4 14 10 13908
0 4 14 12 1556
0 8 14 8 454
0 8 14 10 13130
0 8 14 12 184
0 2 15 9 422
0 2 15 11 672
0 2 15 13 4814
0 4 15 9 1224
0 4 15 11 5460
0 4 15 13 10460
0 8 15 9 10028
0 8 15 11 6276
0 8 15 13 6224
1 3 0 2 5448
1 3 0 4 2368
1 3 0 6 10400
1 5 0 2 5550
1 5 0 4 5306
1 5 0 6 10884
1 9 0 2 9894
1 9 0 4 472
1 9 0 6 3332
1 3 1 3 10346
1 3 1 5 7080
1 3 1 7 3564
1 5 1 3 6652
1 5 1 5 94
1 5 1 7 44
1 9 1 3 8380
1 9 1 5 2178
1 9 1 7 2948
1 3 2 0 2342
1 3 2 4 10258
1 3 2 6 6686
1 5 2 0 11340
1 5 2 4 668
1 5 2 6 5584
1 9 2 0 11766
1 9 2 4 2122
1 9 2 6 2390
1 3 3 1 9722
1 3 3 5 328
1 3 3 7 9112
1 5 3 1 4920
1 5 3 5 6968
1 5 3 7 2186
1 9 3 1 3640
1 9 3 5 2342
1 9 3 7 5692
1 3 4 0 1914
1 3 4 2 3274
1 3 4 6 3582
1 5 4 0 3640
1 5 4 2 3676
1 5 4 6 10794
1 9 4 0 4324
1 9 4 2 13890
1 9 4 6 7404
1 3 5 1 3562
1 3 5 3 2816
1 3 5 7 2410
1 5 5 1 7158
1 5 5 3 10676
1 5 5 7 4864
1 9 5 1 4410
1 9 5 3 28
1 9 5 7 5576
1 3 6 0 10128
1 3 6 2 7204
1 3 6 4 9640
1 5 6 0 4868
1 5 6 2 148
1 5 6 4 148
1 9 6 0 568
1 9 6 2 1012
1 9 6 4 1598
1 3 7 1 5248
1 3 7 3 2818
1 3 7 5 8000
1 5 7 1 6206
1 5 7 3 8566
1 5 7 5 8430
1 9 7 1 3104
1 9 7 3 6390
1 9 7 5 244
1 3 8 10 7832
1 3 8 12 4932
1 3 8 14 4066
1 5 8 10 5098
1 5 8 12 9068
1 5 8 14 6524
1 9 8 10 10438
1 9 8 12 314
1 9 8 14 3696
1 3 9 11 2380
1 3 9 13 2926
1 3 9 15 1128
1 5 9 11 4714
1 5 9 13 442
1 5 9 15 7968
1 9 9 11 4140
1 9 9 13 5816
1 9 9 15 5550
1 3 10 8 1800
1 3 10 12 11136
1 3 10 14 356
1 5 10 8 2306
1 5 10 12 8662
1 5 10 14 8814
1 9 10 8 18006
1 9 10 12 426
1 9 10 14 7790
1 3 11 9 5582
1 3 11 13 2396
1 3 11 15 1780
1 5 11 9 4164
1 5 11 13 1780
1 5 11 15 8074
1 9 11 9 658
1 9 11 13 5888
1 9 11 15 3328
1 3 12 8 1612
1 3 12 10 1068
1 3 12 14 7072
1 5 12 8 560
1 5 12 10 7968
1 5 12 14 562
1 9 12 8 2050
1 9 12 10 6844
1 9 12 14 8418
1 3 13 9 330
1 3 13 11 2066
1 3 13 15 1542
1 5 13 9 3848
1 5 13 11 8746
1 5 13 15 8504
1 9 13 9 1434
1 9 13 11 2258
1 9 13 15 1478
1 3 14 8 1204
1 3 14 10 672
1 3 14 12 5818
1 5 14 8 3386
1 5 14 10 2074
1 5 14 12 7332
1 9 14 8 2526
1 9 14 10 8380
1 9 14 12 2732
1 3 15 9 5104
1 3 15 11 10960
1 3 15 13 1186
1 5 15 9 4130
1 5 15 11 188
1 5 15 13 3474
1 9 15 9 1544
1 9 15 11 11554
1 9 15 13 2880
2 6 0 2 258
2 6 0 4 6508
2 6 0 6 6122
2 10 0 2 5458
2 10 0 4 3630
2 10 0 6 8386
2 6 1 3 5172
2 6 1 5 1644
2 6 1 7 5258
2 10 1 3 4252
2 10 1 5 2478
2 10 1 7 2966
2 6 2 0 9452
2 6 2 4 4598
2 6 2 6 3464
2 10 2 0 5620
2 10 2 4 2288
2 10 2 6 3918
2 6 3 1 12838
2 6 3 5 2684
2 6 3 7 2842
2 10 3 1 6512
2 10 3 5 2622
2 10 3 7 6876
2 6 4 0 8516
2 6 4 2 6642
2 6 4 6 2464
2 10 4 0 800
2 10 4 2 2284
2 10 4 6 3942
2 6 5 1 3610
2 6 5 3 4432
2 6 5 7 1368
2 10 5 1 3016
2 10 5 3 334
2 10 5 7 2216
2 6 6 0 1096
2 6 6 2 2990
2 6 6 4 4004
2 10 6 0 13108
2 10 6 2 2400
2 10 6 4 5070
2 6 7 1 7272
2 6 7 3 3292
2 6 7 5 1140
2 10 7 1 4172
2 10 7 3 6296
2 10 7 5 78
2 6 8 10 8204
2 6 8 12 11322
2 6 8 14 3830
2 10 8 10 9444
2 10 8 12 6172
2 10 8 14 2788
2 6 9 11 2130
2 6 9 13 1164
2 6 9 15 4546
2 10 9 11 714
2 10 9 13 7816
2 10 9 15 6776
2 6 10 8 1044
2 6 10 12 1644
2 6 10 14 1316
2 10 10 8 424
2 10 10 12 1728
2 10 10 14 2318
2 6 11 9 3552
2 6 11 13 8440
2 6 11 15 6112
2 10 11 9 3084
2 10 11 13 22
2 10 11 15 6640
2 6 12 8 1698
2 6 12 10 6730
2 6 12 14 3880
2 10 12 8 1800
2 10 12 10 2622
2 10 12 14 7804
2 6 13 9 1250
2 6 13 11 6170
2 6 13 15 1814
2 10 13 9 2424
2 10 13 11 2250
2 10 13 15 748
2 6 14 8 3282
2 6 14 10 772
2 6 14 12 9558
2 10 14 8 2708
2 10 14 10 9480
2 10 14 12 1106
2 6 15 9 5724
2 6 15 11 1726
2 6 15 13 1846
2 10 15 9 5598
2 10 15 11 5080
2 10 15 13 9162
3 7 0 2 1694
3 7 0 4 7378
3 7 0 6 772
3 11 0 2 3562
3 11 0 4 3060
3 11 0 6 11264
3 7 1 3 6166
3 7 1 5 2160
3 7 1 7 7882
3 11 1 3 2512
3 11 1 5 2160
3 11 1 7 7178
3 7 2 0 1890
3 7 2 4 5386
3 7 2 6 8096
3 11 2 0 1250
3 11 2 4 7646
3 11 2 6 11688
3 7 3 1 1768
3 7 3 5 3698
3 7 3 7 5872
3 11 3 1 794
3 11 3 5 2998
3 11 3 7 3844
3 7 4 0 7816
3 7 4 2 5636
3 7 4 6 1762
3 11 4 0 6174
3 11 4 2 8582
3 11 4 6 1330
3 7 5 1 2466
3 7 5 3 12406
3 7 5 7 802
3 11 5 1 11204
3 11 5 3 250
3 11 5 7 5598
3 7 6 0 5670
3 7 6 2 1922
3 7 6 4 6826
3 11 6 0 2794
3 11 6 2 3336
3 11 6 4 9182
3 7 7 1 2
3 7 7 3 970
3 7 7 5 6072
3 11 7 1 3104
3 11 7 3 1148
3 11 7 5 6628
3 7 8 10 644
3 7 8 12 12346
3 7 8 14 7318
3 11 8 10 3278
3 11 8 12 4530
3 11 8 14 4278
3 7 9 11 292
3 7 9 13 4576
3 7 9 15 1868
3 11 9 11 4742
3 11 9 13 7706
3 11 9 15 1608
3 7 10 8 3378
3 7 10 12 2698
3 7 10 14 3452
3 11 10 8 2030
3 11 10 12 1974
3 11 10 14 2288
3 7 11 9 4344
3 7 11 13 3014
3 7 11 15 3636
3 11 11 9 1024
3 11 11 13 7024
3 11 11 15 7146
3 7 12 8 1014
3 7 12 10 2732
3 7 12 14 24
3 11 12 8 3500
3 11 12 10 10562
3 11 12 14 1156
3 7 13 9 1668
3 7 13 11 3758
3 7 13 15 306
3 11 13 9 3026
3 11 13 11 2298
3 11 13 15 1026
3 7 14 8 1130
3 7 14 10 1972
3 7 14 12 284
3 11 14 8 11266
3 11 14 10 12204
3 11 14 12 8146
3 7 15 9 2844
3 7 15 11 3084
3 7 15 13 8400
3 11 15 9 9016
3 11 15 11 4542
3 11 15 13 4700
4 6 0 2 2916
4 6 0 4 4510
4 6 0 6 5494
4 12 0 2 4748
4 12 0 4 11300
4 12 0 6 1784
4 6 1 3 4534
4 6 1 5 4220
4 6 1 7 412
4 12 1 3 4710
4 12 1 5 132
4 12 1 7 6544
4 6 2 0 5030
4 6 2 4 1938
4 6 2 6 578
4 12 2 0 4620
4 12 2 4 4712
4 12 2 6 6562
4 6 3 1 2842
4 6 3 5 1390
4 6 3 7 9096
4 12 3 1 15960
4 12 3 5 1174
4 12 3 7 5606
4 6 4 0 6480
4 6 4 2 3618
4 6 4 6 5788
4 12 4 0 2514
4 12 4 2 4214
4 12 4 6 612
4 6 5 1 3844
4 6 5 3 728
4 6 5 7 3230
4 12 5 1 3202
4 12 5 3 6474
4 12 5 7 150
4 6 6 0 9712
4 6 6 2 3750
4 6 6 4 4332
4 12 6 0 3662
4 12 6 2 670
4 12 6 4 1292
4 6 7 1 3772
4 6 7 3 940
4 6 7 5 5902
4 12 7 1 5728
4 12 7 3 5436
4 12 7 5 2096
4 6 8 10 2780
4 6 8 12 8306
4 6 8 14 6508
4 12 8 10 6304
4 12 8 12 2428
4 12 8 14 5120
4 6 9 11 6528
4 6 9 13 2372
4 6 9 15 1074
4 12 9 11 13706
4 12 9 13 18470
4 12 9 15 9418
4 6 10 8 250
4 6 10 12 4992
4 6 10 14 6900
4 12 10 8 1312
4 12 10 12 16882
4 12 10 14 2104
4 6 11 9 1518
4 6 11 13 6112
4 6 11 15 4442
4 12 11 9 8616
4 12 11 13 5580
4 12 11 15 1404
4 6 12 8 3936
4 6 12 10 226
4 6 12 14 2060
4 12 12 8 1682
4 12 12 10 2230
4 12 12 14 8072
4 6 13 9 4592
4 6 13 11 8192
4 6 13 15 2636
4 12 13 9 1584
4 12 13 11 2496
4 12 13 15 8430
4 6 14 8 7742
4 6 14 10 2252
4 6 14 12 5868
4 12 14 8 1250
4 12 14 10 2360
4 12 14 12 6910
4 6 15 9 4152
4 6 15 11 8564
4 6 15 13 3058
4 12 15 9 1014
4 12 15 11 2580
4 12 15 13 3710
5 7 0 2 7616
5 7 0 4 3418
5 7 0 6 6086
5 13 0 2 4368
5 13 0 4 1630
5 13 0 6 1124
5 7 1 3 9582
5 7 1 5 8082
5 7 1 7 216
5 13 1 3 3774
5 13 1 5 2222
5 13 1 7 1410
5 7 2 0 7050
5 7 2 4 3978
5 7 2 6 5894
5 13 2 0 6068
5 13 2 4 7020
5 13 2 6 2254
5 7 3 1 5134
5 7 3 5 1286
5 7 3 7 3458
5 13 3 1 7092
5 13 3 5 4564
5 13 3 7 2224
5 7 4 0 704
5 7 4 2 3466
5 7 4 6 770
5 13 4 0 558
5 13 4 2 1182
5 13 4 6 342
5 7 5 1 1832
5 7 5 3 1800
5 7 5 7 2124
5 13 5 1 10516
5 13 5 3 3902
5 13 5 7 4080
5 7 6 0 330
5 7 6 2 9322
5 7 6 4 5838
5 13 6 0 4376
5 13 6 2 4586
5 13 6 4 1282
5 7 7 1 9394
5 7 7 3 3250
5 7 7 5 1114
5 13 7 1 4604
5 13 7 3 11480
5 13 7 5 5550
5 7 8 10 814
5 7 8 12 4148
5 7 8 14 932
5 13 8 10 2178
5 13 8 12 12102
5 13 8 14 5330
5 7 9 11 1950
5 7 9 13 1558
5 7 9 15 1852
5 13 9 11 6028
5 13 9 13 6014
5 13 9 15 1448
5 7 10 8 3864
5 7 10 12 596
5 7 10 14 942
5 13 10 8 3538
5 13 10 12 6866
5 13 10 14 10296
5 7 11 9 5106
5 7 11 13 2700
5 7 11 15 7628
5 13 11 9 6864
5 13 11 13 4718
5 13 11 15 4544
5 7 12 8 3406
5 7 12 10 10054
5 7 12 14 5074
5 13 12 8 9784
5 13 12 10 11890
5 13 12 14 11668
5 7 13 9 1930
5 7 13 11 3590
5 7 13 15 1734
5 13 13 9 1400
5 13 13 11 2346
5 13 13 15 1360
5 7 14 8 266
5 7 14 10 120
5 7 14 12 5938
5 13 14 8 3506
5 13 14 10 8000
5 13 14 12 3234
5 7 15 9 3520
5 7 15 11 2724
5 7 15 13 12034
5 13 15 9 2792
5 13 15 11 616
5 13 15 13 2974
6 14 0 2 9510
6 14 0 4 488
6 14 0 6 2490
6 14 1 3 9294
6 14 1 5 3056
6 14 1 7 7490
6 14 2 0 4036
6 14 2 4 8042
6 14 2 6 1542
6 14 3 1 5570
6 14 3 5 4358
6 14 3 7 8312
6 14 4 0 232
6 14 4 2 5160
6 14 4 6 1246
6 14 5 1 646
6 14 5 3 6144
6 14 5 7 366
6 14 6 0 3708
6 14 6 2 4620
6 14 6 4 4638
6 14 7 1 3808
6 14 7 3 6912
6 14 7 5 1178
6 14 8 10 11322
6 14 8 12 2486
6 14 8 14 2148
6 14 9 11 11704
6 14 9 13 5910
6 14 9 15 13312
6 14 10 8 706
6 14 10 12 1608
6 14 10 14 5580
6 14 11 9 8
6 14 11 13 9660
6 14 11 15 2272
6 14 12 8 1106
6 14 12 10 7900
6 14 12 14 2726
6 14 13 9 7678
6 14 13 11 642
6 14 13 15 2544
6 14 14 8 1090
6 14 14 10 4628
6 14 14 12 296
6 14 15 9 2964
6 14 15 11 5584
6 14 15 13 12792
7 15 0 2 3964
7 15 0 4 7416
7 15 0 6 1000
7 15 1 3 5606
7 15 1 5 7458
7 15 1 7 8766
7 15 2 0 1548
7 15 2 4 3928
7 15 2 6 2768
7 15 3 1 5966
7 15 3 5 2242
7 15 3 7 3488
7 15 4 0 1084
7 15 4 2 1378
7 15 4 6 5956
7 15 5 1 8662
7 15 5 3 3198
7 15 5 7 9900
7 15 6 0 12600
7 15 6 2 4020
7 15 6 4 5990
7 15 7 1 830
7 15 7 3 3436
7 15 7 5 6130
7 15 8 10 3984
7 15 8 12 344
7 15 8 14 7596
7 15 9 11 2528
7 15 9 13 3178
7 15 9 15 28
7 15 10 8 8098
7 15 10 12 6280
7 15 10 14 8660
7 15 11 9 7008
7 15 11 13 3308
7 15 11 15 8644
7 15 12 8 2482
7 15 12 10 3736
7 15 12 14 1388
7 15 13 9 1520
7 15 13 11 3990
7 15 13 15 3886
7 15 14 8 4962
7 15 14 10 10534
7 15 14 12 5634
7 15 15 9 3764
7 15 15 11 7862
7 15 15 13 2874
8 10 0 2 8834
8 10 0 4 7186
8 10 0 6 3750
8 12 0 2 4492
8 12 0 4 9720
8 12 0 6 1876
8 10 1 3 5000
8 10 1 5 2792
8 10 1 7 6140
8 12 1 3 2452
8 12 1 5 2288
8 12 1 7 268
8 10 2 0 370
8 10 2 4 15732
8 10 2 6 4074
8 12 2 0 2488
8 12 2 4 50
8 12 2 6 972
8 10 3 1 4560
8 10 3 5 14106
8 10 3 7 3658
8 12 3 1 4340
8 12 3 5 248
8 12 3 7 7012
8 10 4 0 9474
8 10 4 2 2184
8 10 4 6 3840
8 12 4 0 3802
8 12 4 2 9650
8 12 4 6 2596
8 10 5 1 4818
8 10 5 3 3318
8 10 5 7 4166
8 12 5 1 812
8 12 5 3 3242
8 12 5 7 316
8 10 6 0 2224
8 10 6 2 6128
8 10 6 4 4348
8 12 6 0 2784
8 12 6 2 10828
8 12 6 4 5040
8 10 7 1 5366
8 10 7 3 3484
8 10 7 5 5562
8 12 7 1 9080
8 12 7 3 2430
8 12 7 5 3978
8 10 8 10 5962
8 10 8 12 4822
8 10 8 14 256
8 12 8 10 6692
8 12 8 12 12632
8 12 8 14 3324
8 10 9 11 2452
8 10 9 13 13544
8 10 9 15 3114
8 12 9 11 10332
8 12 9 13 2172
8 12 9 15 208
8 10 10 8 2124
8 10 10 12 7524
8 10 10 14 6544
8 12 10 8 1212
8 12 10 12 4238
8 12 10 14 2932
8 10 11 9 8526
8 10 11 13 2396
8 10 11 15 3408
8 12 11 9 4336
8 12 11 13 12798
8 12 11 15 2120
8 10 12 8 726
8 10 12 10 42
8 10 12 14 6696
8 12 12 8 376
8 12 12 10 4538
8 12 12 14 510
8 10 13 9 1310
8 10 13 11 714
8 10 13 15 6198
8 12 13 9 4394
8 12 13 11 16964
8 12 13 15 3766
8 10 14 8 3082
8 10 14 10 2766
8 10 14 12 14596
8 12 14 8 1734
8 12 14 10 6378
8 12 14 12 1334
8 10 15 9 232
8 10 15 11 3286
8 10 15 13 4234
8 12 15 9 116
8 12 15 11 9846
8 12 15 13 3434
9 11 0 2 6426
9 11 0 4 6582
9 11 0 6 8662
9 13 0 2 1980
9 13 0 4 1098
9 13 0 6 1682
9 11 1 3 4788
9 11 1 5 1818
9 11 1 7 3166
9 13 1 3 9870
9 13 1 5 1190
9 13 1 7 12864
9 11 2 0 5092
9 11 2 4 11094
9 11 2 6 6138
9 13 2 0 5030
9 13 2 4 512
9 13 2 6 8872
9 11 3 1 4434
9 11 3 5 13730
9 11 3 7 3198
9 13 3 1 1502
9 13 3 5 6756
9 13 3 7 5286
9 11 4 0 4810
9 11 4 2 5548
9 11 4 6 1384
9 13 4 0 4640
9 13 4 2 7372
9 13 4 6 8208
9 11 5 1 3514
9 11 5 3 1878
9 11 5 7 1734
9 13 5 1 3434
9 13 5 3 3430
9 13 5 7 1724
9 11 6 0 5476
9 11 6 2 3632
9 11 6 4 9266
9 13 6 0 1960
9 13 6 2 12010
9 13 6 4 626
9 11 7 1 1378
9 11 7 3 2976
9 11 7 5 5008
9 13 7 1 1488
9 13 7 3 4026
9 13 7 5 926
9 11 8 10 6792
9 11 8 12 26
9 11 8 14 1970
9 13 8 10 1610
9 13 8 12 2470
9 13 8 14 790
9 11 9 11 7838
9 11 9 13 9240
9 11 9 15 582
9 13 9 11 4090
9 13 9 13 8652
9 13 9 15 2138
9 11 10 8 7928
9 11 10 12 22
9 11 10 14 8034
9 13 10 8 7992
9 13 10 12 300
9 13 10 14 8428
9 11 11 9 5216
9 11 11 13 4728
9 11 11 15 5300
9 13 11 9 7238
9 13 11 13 5284
9 13 11 15 224
9 11 12 8 5490
9 11 12 10 1740
9 11 12 14 5522
9 13 12 8 2406
9 13 12 10 2584
9 13 12 14 3190
9 11 13 9 2430
9 11 13 11 54
9 11 13 15 13718
9 13 13 9 2818
9 13 13 11 6182
9 13 13 15 7804
9 11 14 8 3036
9 11 14 10 6584
9 11 14 12 4188
9 13 14 8 618
9 13 14 10 11730
9 13 14 12 1184
9 11 15 9 20244
9 11 15 11 3304
9 11 15 13 1004
9 13 15 9 12150
9 13 15 11 8512
9 13 15 13 150
10 14 0 2 3536
10 14 0 4 11366
10 14 0 6 6496
10 14 1 3 5028
10 14 1 5 3196
10 14 1 7 5552
10 14 2 0 1114
10 14 2 4 950
10 14 2 6 5178
10 14 3 1 13420
10 14 3 5 7092
10 14 3 7 10252
10 14 4 0 5586
10 14 4 2 3194
10 14 4 6 5068
10 14 5 1 718
10 14 5 3 902
10 14 5 7 1164
10 14 6 0 1076
10 14 6 2 9066
10 14 6 4 2102
10 14 7 1 16572
10 14 7 3 6930
10 14 7 5 1420
10 14 8 10 7366
10 14 8 12 4294
10 14 8 14 11328
10 14 9 11 986
10 14 9 13 6650
10 14 9 15 5200
10 14 10 8 12024
10 14 10 12 7506
10 14 10 14 2236
10 14 11 9 5428
10 14 11 13 1584
10 14 11 15 12530
10 14 12 8 9258
10 14 12 10 13352
10 14 12 14 4334
10 14 13 9 24
10 14 13 11 6320
10 14 13 15 4720
10 14 14 8 2492
10 14 14 10 2112
10 14 14 12 5898
10 14 15 9 9776
10 14 15 11 1002
10 14 15 13 5898
11 15 0 2 7520
11 15 0 4 2984
11 15 0 6 3434
11 15 1 3 416
11 15 1 5 2324
11 15 1 7 5420
11 15 2 0 1194
11 15 2 4 228
11 15 2 6 2740
11 15 3 1 6238
11 15 3 5 3804
11 15 3 7 9740
11 15 4 0 4614
11 15 4 2 4780
11 15 4 6 208
11 15 5 1 11842
11 15 5 3 3810
11 15 5 7 878
11 15 6 0 3798
11 15 6 2 5328
11 15 6 4 734
11 15 7 1 7820
11 15 7 3 162
11 15 7 5 6494
11 15 8 10 1688
11 15 8 12 3348
11 15 8 14 11038
11 15 9 11 2282
11 15 9 13 1790
11 15 9 15 4022
11 15 10 8 1636
11 15 10 12 2832
11 15 10 14 7058
11 15 11 9 4026
11 15 11 13 7710
11 15 11 15 194
11 15 12 8 612
11 15 12 10 3698
11 15 12 14 7454
11 15 13 9 1900
11 15 13 11 2408
11 15 13 15 2500
11 15 14 8 6604
11 15 14 10 4242
11 15 14 12 3618
11 15 15 9 5128
11 15 15 11 2124
11 15 15 13 6566
12 14 0 2 2298
12 14 0 4 8322
12 14 0 6 11480
12 14 1 3 5826
12 14 1 5 4964
12 14 1 7 9806
12 14 2 0 5120
12 14 2 4 4332
12 14 2 6 10434
12 14 3 1 3644
12 14 3 5 2294
12 14 3 7 2630
12 14 4 0 5334
12 14 4 2 6976
12 14 4 6 14
12 14 5 1 154
12 14 5 3 15584
12 14 5 7 1568
12 14 6 0 6514
12 14 6 2 2594
12 14 6 4 4122
12 14 7 1 1062
12 14 7 3 2006
12 14 7 5 5702
12 14 8 10 5142
12 14 8 12 9424
12 14 8 14 4316
12 14 9 11 4484
12 14 9 13 1622
12 14 9 15 10270
12 14 10 8 4416
12 14 10 12 4442
12 14 10 14 8120
12 14 11 9 11920
12 14 11 13 3762
12 14 11 15 2072
12 14 12 8 6668
12 14 12 10 4498
12 14 12 14 816
12 14 13 9 7246
12 14 13 11 2276
12 14 13 15 4882
12 14 14 8 1872
12 14 14 10 1676
12 14 14 12 6254
12 14 15 9 2680
12 14 15 11 2114
12 14 15 13 122
13 15 0 2 4302
13 15 0 4 9150
13 15 0 6 6380
13 15 1 3 4322
13 15 1 5 3658
13 15 1 7 958
13 15 2 0 4588
13 15 2 4 7314
13 15 2 6 276
13 15 3 1 1272
13 15 3 5 56
13 15 3 7 4042
13 15 4 0 4782
13 15 4 2 3930
13 15 4 6 1696
13 15 5 1 1316
13 15 5 3 7686
13 15 5 7 3414
13 15 6 0 5176
13 15 6 2 96
13 15 6 4 802
13 15 7 1 2680
13 15 7 3 3334
13 15 7 5 5056
13 15 8 10 6516
13 15 8 12 5876
13 15 8 14 5164
13 15 9 11 6002
13 15 9 13 1492
13 15 9 15 2182
13 15 10 8 2316
13 15 10 12 1034
13 15 10 14 6060
13 15 11 9 2288
13 15 11 13 7938
13 15 11 15 4466
13 15 12 8 862
13 15 12 10 4392
13 15 12 14 998
13 15 13 9 5404
13 15 13 11 5432
13 15 13 15 5112
13 15 14 8 264
13 15 14 10 7688
13 15 14 12 11192
13 15 15 9 12430
13 15 15 11 1242
13 15 15 13 5382
