0 2 0 2 3914
0 2 0 4 396
0 2 0 6 284
0 4 0 2 1440
0 4 0 4 1100
0 4 0 6 2912
0 8 0 2 11266
0 8 0 4 252
0 8 0 6 1470
0 2 1 3 8494
0 2 1 5 3288
0 2 1 7 10470
0 4 1 3 3082
0 4 1 5 3112
0 4 1 7 1546
0 8 1 3 2652
0 8 1 5 6686
0 8 1 7 4588
0 2 2 0 7806
0 2 2 4 2286
0 2 2 6 7818
0 4 2 0 5418
0 4 2 4 16468
0 4 2 6 4618
0 8 2 0 1484
0 8 2 4 6462
0 8 2 6 1160
0 2 3 1 6550
0 2 3 5 842
0 2 3 7 600
0 4 3 1 868
0 4 3 5 1970
0 4 3 7 2148
0 8 3 1 4196
0 8 3 5 4670
0 8 3 7 808
0 2 4 0 788
0 2 4 2 5574
0 2 4 6 214
0 4 4 0 19246
0 4 4 2 5842
0 4 4 6 4494
0 8 4 0 228
0 8 4 2 5070
0 8 4 6 566
0 2 5 1 10720
0 2 5 3 9234
0 2 5 7 13178
0 4 5 1 6710
0 4 5 3 7162
0 4 5 7 15032
0 8 5 1 11856
0 8 5 3 2654
0 8 5 7 8860
0 2 6 0 5676
0 2 6 2 348
0 2 6 4 936
0 4 6 0 5188
0 4 6 2 3848
0 4 6 4 322
0 8 6 0 3238
0 8 6 2 5576
0 8 6 4 3208
0 2 7 1 528
0 2 7 3 9414
0 2 7 5 4154
0 4 7 1 1770
0 4 7 3 1526
0 4 7 5 4504
0 8 7 1 8308
0 8 7 3 1322
0 8 7 5 5566
0 2 8 10 3998
0 2 8 12 2104
0 2 8 14 7310
0 4 8 10 6434
0 4 8 12 312
0 4 8 14 16084
0 8 8 10 558
0 8 8 12 1348
0 8 8 14 7336
0 2 9 11 4738
0 2 9 13 9708
0 2 9 15 2022
0 4 9 11 2520
0 4 9 13 5516
0 4 9 15 4284
0 8 9 11 292
0 8 9 13 3250
0 8 9 15 12620
0 2 10 8 618
0 2 10 12 2798
0 2 10 14 3366
0 4 10 8 12058
0 4 10 12 2662
0 4 10 14 5778
0 8 10 8 2204
0 8 10 12 5666
0 8 10 14 5918
0 2 11 9 1352
0 2 11 13 2964
0 2 11 15 590
0 4 11 9 1216
0 4 11 13 1488
0 4 11 15 1258
0 8 11 9 5138
0 8 11 13 158
0 8 11 15 9292
0 2 12 8 6170
0 2 12 10 394
0 2 12 14 6872
0 4 12 8 3840
0 4 12 10 3652
0 4 12 14 4336
0 8 12 8 1574
0 8 12 10 188
0 8 12 14 3472
0 2 13 9 3532
0 2 13 11 1662
0 2 13 15 766
0 4 13 9 4226
0 4 13 11 3204
0 4 13 15 5976
0 8 13 9 3350
0 8 13 11 9348
0 8 13 15 2380
0 2 14 8 3272
0 2 14 10 666
0 2 14 12 1050
0 4 14 8 1586
0 4 14 10 7858
0 4 14 12 3412
0 8 14 8 1730
0 8 14 10 2526
0 8 14 12 12148
0 2 15 9 4994
0 2 15 11 700
0 2 15 13 2316
0 4 15 9 6094
0 4 15 11 2400
0 4 15 13 4290
0 8 15 9 6288
0 8 15 11 3458
0 8 15 13 248
1 3 0 2 6268
1 3 0 4 8028
1 3 0 6 2702
1 5 0 2 3302
1 5 0 4 11778
1 5 0 6 2840
1 9 0 2 3762
1 9 0 4 3502
1 9 0 6 3534
1 3 1 3 566
1 3 1 5 12844
1 3 1 7 3312
1 5 1 3 7892
1 5 1 5 300
1 5 1 7 672
1 9 1 3 3122
1 9 1 5 3426
1 9 1 7 5562
1 3 2 0 1186
1 3 2 4 3862
1 3 2 6 6188
1 5 2 0 11122
1 5 2 4 5086
1 5 2 6 5280
1 9 2 0 684
1 9 2 4 10906
1 9 2 6 13538
1 3 3 1 2792
1 3 3 5 5736
1 3 3 7 352
1 5 3 1 4770
1 5 3 5 674
1 5 3 7 6250
1 9 3 1 8522
1 9 3 5 1034
1 9 3 7 1552
1 3 4 0 264
1 3 4 2 7124
1 3 4 6 3584
1 5 4 0 8102
1 5 4 2 5986
1 5 4 6 1010
1 9 4 0 766
1 9 4 2 2032
1 9 4 6 8338
1 3 5 1 8244
1 3 5 3 7432
1 3 5 7 1408
1 5 5 1 4876
1 5 5 3 5708
1 5 5 7 4996
1 9 5 1 9492
1 9 5 3 3432
1 9 5 7 12008
1 3 6 0 9580
1 3 6 2 5108
1 3 6 4 1834
1 5 6 0 6680
1 5 6 2 3640
1 5 6 4 5280
1 9 6 0 9084
1 9 6 2 7482
1 9 6 4 3534
1 3 7 1 5302
1 3 7 3 4720
1 3 7 5 6160
1 5 7 1 5038
1 5 7 3 7214
1 5 7 5 1978
1 9 7 1 5708
1 9 7 3 392
1 9 7 5 564
1 3 8 10 1930
1 3 8 12 2588
1 3 8 14 14400
1 5 8 10 558
1 5 8 12 4658
1 5 8 14 23664
1 9 8 10 19086
1 9 8 12 2376
1 9 8 14 3600
1 3 9 11 5852
1 3 9 13 2074
1 3 9 15 5950
1 5 9 11 6084
1 5 9 13 7968
1 5 9 15 5660
1 9 9 11 3810
1 9 9 13 2958
1 9 9 15 6950
1 3 10 8 10360
1 3 10 12 11712
1 3 10 14 112
1 5 10 8 3268
1 5 10 12 782
1 5 10 14 2442
1 9 10 8 1740
1 9 10 12 8636
1 9 10 14 4232
1 3 11 9 9470
1 3 11 13 1648
1 3 11 15 1530
1 5 11 9 56
1 5 11 13 2362
1 5 11 15 1544
1 9 11 9 10994
1 9 11 13 6890
1 9 11 15 2964
1 3 12 8 9668
1 3 12 10 9846
1 3 12 14 604
1 5 12 8 3478
1 5 12 10 2868
1 5 12 14 4762
1 9 12 8 182
1 9 12 10 9308
1 9 12 14 6102
1 3 13 9 2520
1 3 13 11 1080
1 3 13 15 2382
1 5 13 9 1644
1 5 13 11 2112
1 5 13 15 2364
1 9 13 9 278
1 9 13 11 1650
1 9 13 15 2456
1 3 14 8 580
1 3 14 10 2640
1 3 14 12 6556
1 5 14 8 818
1 5 14 10 5302
1 5 14 12 598
1 9 14 8 8766
1 9 14 10 3474
1 9 14 12 9048
1 3 15 9 6808
1 3 15 11 92
1 3 15 13 3000
1 5 15 9 3190
1 5 15 11 670
1 5 15 13 7182
1 9 15 9 4474
1 9 15 11 5638
1 9 15 13 222
2 6 0 2 1922
2 6 0 4 4762
2 6 0 6 2352
2 10 0 2 1132
2 10 0 4 4152
2 10 0 6 920
2 6 1 3 2564
2 6 1 5 948
2 6 1 7 4092
2 10 1 3 1052
2 10 1 5 678
2 10 1 7 7570
2 6 2 0 4844
2 6 2 4 8628
2 6 2 6 4344
2 10 2 0 3040
2 10 2 4 5580
2 10 2 6 8232
2 6 3 1 3034
2 6 3 5 3680
2 6 3 7 1834
2 10 3 1 7528
2 10 3 5 5604
2 10 3 7 1332
2 6 4 0 9216
2 6 4 2 4844
2 6 4 6 10822
2 10 4 0 6478
2 10 4 2 3822
2 10 4 6 6300
2 6 5 1 2258
2 6 5 3 2220
2 6 5 7 682
2 10 5 1 10980
2 10 5 3 4342
2 10 5 7 1232
2 6 6 0 558
2 6 6 2 3064
2 6 6 4 3038
2 10 6 0 1146
2 10 6 2 3234
2 10 6 4 5688
2 6 7 1 2232
2 6 7 3 1582
2 6 7 5 3658
2 10 7 1 15984
2 10 7 3 5864
2 10 7 5 7178
2 6 8 10 2182
2 6 8 12 866
2 6 8 14 13678
2 10 8 10 2710
2 10 8 12 1710
2 10 8 14 2446
2 6 9 11 8348
2 6 9 13 8740
2 6 9 15 8224
2 10 9 11 6990
2 10 9 13 1898
2 10 9 15 3796
2 6 10 8 9244
2 6 10 12 2818
2 6 10 14 7510
2 10 10 8 11684
2 10 10 12 5834
2 10 10 14 5048
2 6 11 9 262
2 6 11 13 3248
2 6 11 15 7554
2 10 11 9 2344
2 10 11 13 5442
2 10 11 15 530
2 6 12 8 13094
2 6 12 10 470
2 6 12 14 4314
2 10 12 8 6788
2 10 12 10 1212
2 10 12 14 2082
2 6 13 9 7698
2 6 13 11 10522
2 6 13 15 7650
2 10 13 9 13352
2 10 13 11 6938
2 10 13 15 3790
2 6 14 8 682
2 6 14 10 4738
2 6 14 12 4096
2 10 14 8 1216
2 10 14 10 9552
2 10 14 12 852
2 6 15 9 2554
2 6 15 11 4442
2 6 15 13 1370
2 10 15 9 2670
2 10 15 11 6144
2 10 15 13 3352
3 7 0 2 2100
3 7 0 4 11982
3 7 0 6 1966
3 11 0 2 3974
3 11 0 4 2856
3 11 0 6 424
3 7 1 3 2864
3 7 1 5 5180
3 7 1 7 6926
3 11 1 3 3334
3 11 1 5 10548
3 11 1 7 12236
3 7 2 0 6590
3 7 2 4 28
3 7 2 6 118
3 11 2 0 2096
3 11 2 4 1336
3 11 2 6 7584
3 7 3 1 3844
3 7 3 5 5996
3 7 3 7 19356
3 11 3 1 1440
3 11 3 5 4084
3 11 3 7 2458
3 7 4 0 2010
3 7 4 2 9460
3 7 4 6 8080
3 11 4 0 1428
3 11 4 2 700
3 11 4 6 440
3 7 5 1 2602
3 7 5 3 3556
3 7 5 7 3934
3 11 5 1 10552
3 11 5 3 11836
3 11 5 7 3668
3 7 6 0 5720
3 7 6 2 3684
3 7 6 4 2872
3 11 6 0 9264
3 11 6 2 6148
3 11 6 4 58
3 7 7 1 3654
3 7 7 3 852
3 7 7 5 3992
3 11 7 1 2128
3 11 7 3 14016
3 11 7 5 5184
3 7 8 10 5964
3 7 8 12 150
3 7 8 14 752
3 11 8 10 4208
3 11 8 12 6362
3 11 8 14 2970
3 7 9 11 8290
3 7 9 13 2980
3 7 9 15 1006
3 11 9 11 1512
3 11 9 13 6060
3 11 9 15 5928
3 7 10 8 10070
3 7 10 12 1642
3 7 10 14 1262
3 11 10 8 1440
3 11 10 12 8272
3 11 10 14 9486
3 7 11 9 980
3 7 11 13 240
3 7 11 15 2762
3 11 11 9 5472
3 11 11 13 668
3 11 11 15 5258
3 7 12 8 1470
3 7 12 10 112
3 7 12 14 5366
3 11 12 8 2548
3 11 12 10 4900
3 11 12 14 4656
3 7 13 9 11598
3 7 13 11 2538
3 7 13 15 4336
3 11 13 9 3228
3 11 13 11 4234
3 11 13 15 8142
3 7 14 8 10870
3 7 14 10 4790
3 7 14 12 1164
3 11 14 8 9422
3 11 14 10 8122
3 11 14 12 2070
3 7 15 9 13378
3 7 15 11 4636
3 7 15 13 148
3 11 15 9 4904
3 11 15 11 640
3 11 15 13 3446
4 6 0 2 3316
4 6 0 4 5422
4 6 0 6 4470
4 12 0 2 3678
4 12 0 4 2728
4 12 0 6 3394
4 6 1 3 168
4 6 1 5 4726
4 6 1 7 4552
4 12 1 3 90
4 12 1 5 10854
4 12 1 7 264
4 6 2 0 2996
4 6 2 4 908
4 6 2 6 6898
4 12 2 0 10934
4 12 2 4 2384
4 12 2 6 7606
4 6 3 1 742
4 6 3 5 5312
4 6 3 7 3352
4 12 3 1 3670
4 12 3 5 3276
4 12 3 7 9648
4 6 4 0 7450
4 6 4 2 10124
4 6 4 6 8268
4 12 4 0 448
4 12 4 2 2938
4 12 4 6 7452
4 6 5 1 3526
4 6 5 3 8530
4 6 5 7 4234
4 12 5 1 6414
4 12 5 3 8128
4 12 5 7 2150
4 6 6 0 12540
4 6 6 2 3356
4 6 6 4 5760
4 12 6 0 6782
4 12 6 2 9062
4 12 6 4 4536
4 6 7 1 294
4 6 7 3 5362
4 6 7 5 6612
4 12 7 1 2772
4 12 7 3 5830
4 12 7 5 5264
4 6 8 10 4332
4 6 8 12 4826
4 6 8 14 5656
4 12 8 10 6520
4 12 8 12 6952
4 12 8 14 5592
4 6 9 11 12758
4 6 9 13 1518
4 6 9 15 602
4 12 9 11 1006
4 12 9 13 4436
4 12 9 15 3734
4 6 10 8 11262
4 6 10 12 1752
4 6 10 14 3450
4 12 10 8 1600
4 12 10 12 752
4 12 10 14 3010
4 6 11 9 16
4 6 11 13 3302
4 6 11 15 256
4 12 11 9 2300
4 12 11 13 3334
4 12 11 15 3948
4 6 12 8 1312
4 6 12 10 2088
4 6 12 14 1460
4 12 12 8 2582
4 12 12 10 162
4 12 12 14 12632
4 6 13 9 3892
4 6 13 11 2108
4 6 13 15 9384
4 12 13 9 3712
4 12 13 11 4864
4 12 13 15 4222
4 6 14 8 502
4 6 14 10 3240
4 6 14 12 2544
4 12 14 8 4838
4 12 14 10 638
4 12 14 12 12104
4 6 15 9 11764
4 6 15 11 14398
4 6 15 13 7528
4 12 15 9 396
4 12 15 11 3456
4 12 15 13 2968
5 7 0 2 8852
5 7 0 4 3000
5 7 0 6 854
5 13 0 2 878
5 13 0 4 7152
5 13 0 6 1588
5 7 1 3 5216
5 7 1 5 652
5 7 1 7 1208
5 13 1 3 2090
5 13 1 5 3166
5 13 1 7 3770
5 7 2 0 5978
5 7 2 4 6170
5 7 2 6 2202
5 13 2 0 4226
5 13 2 4 10932
5 13 2 6 14178
5 7 3 1 3126
5 7 3 5 594
5 7 3 7 6060
5 13 3 1 728
5 13 3 5 1182
5 13 3 7 572
5 7 4 0 618
5 7 4 2 11648
5 7 4 6 1628
5 13 4 0 3624
5 13 4 2 3456
5 13 4 6 2382
5 7 5 1 10026
5 7 5 3 1246
5 7 5 7 5206
5 13 5 1 158
5 13 5 3 9442
5 13 5 7 5962
5 7 6 0 13686
5 7 6 2 6214
5 7 6 4 284
5 13 6 0 1116
5 13 6 2 10620
5 13 6 4 1614
5 7 7 1 1604
5 7 7 3 5356
5 7 7 5 4288
5 13 7 1 14300
5 13 7 3 1338
5 13 7 5 908
5 7 8 10 7496
5 7 8 12 4032
5 7 8 14 8138
5 13 8 10 8124
5 13 8 12 3114
5 13 8 14 11186
5 7 9 11 5610
5 7 9 13 4850
5 7 9 15 8616
5 13 9 11 2262
5 13 9 13 1220
5 13 9 15 1034
5 7 10 8 1154
5 7 10 12 3254
5 7 10 14 7714
5 13 10 8 1296
5 13 10 12 1662
5 13 10 14 3380
5 7 11 9 4238
5 7 11 13 2162
5 7 11 15 2724
5 13 11 9 2620
5 13 11 13 868
5 13 11 15 2482
5 7 12 8 2488
5 7 12 10 502
5 7 12 14 5676
5 13 12 8 8884
5 13 12 10 1602
5 13 12 14 4994
5 7 13 9 11110
5 7 13 11 3958
5 7 13 15 2888
5 13 13 9 4958
5 13 13 11 6334
5 13 13 15 14848
5 7 14 8 3828
5 7 14 10 8834
5 7 14 12 7422
5 13 14 8 2436
5 13 14 10 2840
5 13 14 12 3132
5 7 15 9 8012
5 7 15 11 2904
5 7 15 13 8792
5 13 15 9 1224
5 13 15 11 4282
5 13 15 13 1568
6 14 0 2 264
6 14 0 4 14356
6 14 0 6 5946
6 14 1 3 260
6 14 1 5 604
6 14 1 7 1314
6 14 2 0 3564
6 14 2 4 2230
6 14 2 6 3228
6 14 3 1 6528
6 14 3 5 2556
6 14 3 7 8138
6 14 4 0 8096
6 14 4 2 9196
6 14 4 6 3406
6 14 5 1 2452
6 14 5 3 4578
6 14 5 7 6352
6 14 6 0 1248
6 14 6 2 2922
6 14 6 4 706
6 14 7 1 6822
6 14 7 3 3120
6 14 7 5 11138
6 14 8 10 9228
6 14 8 12 1612
6 14 8 14 4998
6 14 9 11 1028
6 14 9 13 4834
6 14 9 15 2750
6 14 10 8 5690
6 14 10 12 3442
6 14 10 14 7634
6 14 11 9 1840
6 14 11 13 4244
6 14 11 15 16920
6 14 12 8 4834
6 14 12 10 4040
6 14 12 14 9808
6 14 13 9 12
6 14 13 11 13974
6 14 13 15 3078
6 14 14 8 5298
6 14 14 10 4288
6 14 14 12 530
6 14 15 9 10480
6 14 15 11 6646
6 14 15 13 11708
7 15 0 2 5428
7 15 0 4 1514
7 15 0 6 1022
7 15 1 3 2180
7 15 1 5 8432
7 15 1 7 2942
7 15 2 0 4748
7 15 2 4 3232
7 15 2 6 5906
7 15 3 1 11284
7 15 3 5 7768
7 15 3 7 1862
7 15 4 0 3090
7 15 4 2 2472
7 15 4 6 492
7 15 5 1 3714
7 15 5 3 6138
7 15 5 7 5754
7 15 6 0 952
7 15 6 2 7312
7 15 6 4 7154
7 15 7 1 886
7 15 7 3 4844
7 15 7 5 198
7 15 8 10 3690
7 15 8 12 1594
7 15 8 14 1260
7 15 9 11 5008
7 15 9 13 1170
7 15 9 15 4192
7 15 10 8 4194
7 15 10 12 6582
7 15 10 14 1904
7 15 11 9 2078
7 15 11 13 5896
7 15 11 15 836
7 15 12 8 198
7 15 12 10 1350
7 15 12 14 3348
7 15 13 9 2882
7 15 13 11 6704
7 15 13 15 3768
7 15 14 8 8702
7 15 14 10 1760
7 15 14 12 4352
7 15 15 9 4364
7 15 15 11 4638
7 15 15 13 3484
8 10 0 2 4388
8 10 0 4 3382
8 10 0 6 654
8 12 0 2 6166
8 12 0 4 8580
8 12 0 6 6532
8 10 1 3 13490
8 10 1 5 4962
8 10 1 7 3914
8 12 1 3 5100
8 12 1 5 12880
8 12 1 7 6578
8 10 2 0 8740
8 10 2 4 1556
8 10 2 6 2364
8 12 2 0 1102
8 12 2 4 3006
8 12 2 6 8798
8 10 3 1 2588
8 10 3 5 1292
8 10 3 7 4692
8 12 3 1 9806
8 12 3 5 9984
8 12 3 7 5886
8 10 4 0 1916
8 10 4 2 4014
8 10 4 6 4896
8 12 4 0 10468
8 12 4 2 3626
8 12 4 6 2294
8 10 5 1 2628
8 10 5 3 2912
8 10 5 7 370
8 12 5 1 8938
8 12 5 3 6770
8 12 5 7 4408
8 10 6 0 3848
8 10 6 2 11424
8 10 6 4 9490
8 12 6 0 3412
8 12 6 2 9310
8 12 6 4 5194
8 10 7 1 3574
8 10 7 3 3624
8 10 7 5 2268
8 12 7 1 950
8 12 7 3 1286
8 12 7 5 424
8 10 8 10 2312
8 10 8 12 9188
8 10 8 14 4804
8 12 8 10 1050
8 12 8 12 1844
8 12 8 14 6902
8 10 9 11 6906
8 10 9 13 3114
8 10 9 15 6234
8 12 9 11 5890
8 12 9 13 2110
8 12 9 15 4896
8 10 10 8 274
8 10 10 12 11530
8 10 10 14 4808
8 12 10 8 6558
8 12 10 12 2856
8 12 10 14 4402
8 10 11 9 5084
8 10 11 13 2910
8 10 11 15 2960
8 12 11 9 1794
8 12 11 13 286
8 12 11 15 1438
8 10 12 8 8622
8 10 12 10 1364
8 10 12 14 7366
8 12 12 8 6466
8 12 12 10 14048
8 12 12 14 2496
8 10 13 9 9612
8 10 13 11 3460
8 10 13 15 2638
8 12 13 9 5566
8 12 13 11 3906
8 12 13 15 200
8 10 14 8 922
8 10 14 10 12224
8 10 14 12 6002
8 12 14 8 7738
8 12 14 10 7064
8 12 14 12 1316
8 10 15 9 3880
8 10 15 11 8748
8 10 15 13 678
8 12 15 9 3408
8 12 15 11 1416
8 12 15 13 654
9 11 0 2 744
9 11 0 4 1734
9 11 0 6 1888
9 13 0 2 5504
9 13 0 4 4820
9 13 0 6 562
9 11 1 3 6534
9 11 1 5 7322
9 11 1 7 852
9 13 1 3 10714
9 13 1 5 96
9 13 1 7 3994
9 11 2 0 13056
9 11 2 4 5550
9 11 2 6 78
9 13 2 0 7040
9 13 2 4 1100
9 13 2 6 9428
9 11 3 1 12490
9 11 3 5 6566
9 11 3 7 4664
9 13 3 1 3814
9 13 3 5 3302
9 13 3 7 4524
9 11 4 0 102
9 11 4 2 2496
9 11 4 6 2446
9 13 4 0 6142
9 13 4 2 8560
9 13 4 6 492
9 11 5 1 9142
9 11 5 3 3554
9 11 5 7 2620
9 13 5 1 7928
9 13 5 3 3632
9 13 5 7 1922
9 11 6 0 1020
9 11 6 2 14526
9 11 6 4 2096
9 13 6 0 1624
9 13 6 2 1104
9 13 6 4 3002
9 11 7 1 9816
9 11 7 3 2138
9 11 7 5 148
9 13 7 1 1574
9 13 7 3 8866
9 13 7 5 2540
9 11 8 10 2044
9 11 8 12 4070
9 11 8 14 1090
9 13 8 10 5272
9 13 8 12 2310
9 13 8 14 2014
9 11 9 11 6464
9 11 9 13 3272
9 11 9 15 1202
9 13 9 11 1346
9 13 9 13 556
9 13 9 15 2644
9 11 10 8 2400
9 11 10 12 1268
9 11 10 14 8036
9 13 10 8 9444
9 13 10 12 1392
9 13 10 14 7570
9 11 11 9 554
9 11 11 13 1830
9 11 11 15 9882
9 13 11 9 4554
9 13 11 13 6332
9 13 11 15 1978
9 11 12 8 2402
9 11 12 10 5076
9 11 12 14 2278
9 13 12 8 4862
9 13 12 10 3196
9 13 12 14 9832
9 11 13 9 10474
9 11 13 11 6996
9 11 13 15 2972
9 13 13 9 8744
9 13 13 11 9994
9 13 13 15 2138
9 11 14 8 6364
9 11 14 10 3428
9 11 14 12 5602
9 13 14 8 1288
9 13 14 10 5344
9 13 14 12 5946
9 11 15 9 1108
9 11 15 11 314
9 11 15 13 1614
9 13 15 9 9872
9 13 15 11 3818
9 13 15 13 6442
10 14 0 2 19254
10 14 0 4 7382
10 14 0 6 636
10 14 1 3 4584
10 14 1 5 4664
10 14 1 7 136
10 14 2 0 682
10 14 2 4 7820
10 14 2 6 2692
10 14 3 1 12078
10 14 3 5 1220
10 14 3 7 2902
10 14 4 0 8210
10 14 4 2 1522
10 14 4 6 9882
10 14 5 1 2498
10 14 5 3 7284
10 14 5 7 3294
10 14 6 0 4550
10 14 6 2 5348
10 14 6 4 6562
10 14 7 1 1292
10 14 7 3 8032
10 14 7 5 406
10 14 8 10 534
10 14 8 12 1794
10 14 8 14 6112
10 14 9 11 10040
10 14 9 13 6848
10 14 9 15 596
10 14 10 8 532
10 14 10 12 4464
10 14 10 14 546
10 14 11 9 5944
10 14 11 13 2722
10 14 11 15 506
10 14 12 8 2962
10 14 12 10 400
10 14 12 14 2458
10 14 13 9 1932
10 14 13 11 9690
10 14 13 15 8778
10 14 14 8 36
10 14 14 10 272
10 14 14 12 4146
10 14 15 9 4936
10 14 15 11 240
10 14 15 13 9070
11 15 0 2 1762
11 15 0 4 8854
11 15 0 6 13662
11 15 1 3 3854
11 15 1 5 1508
11 15 1 7 7842
11 15 2 0 12862
11 15 2 4 3280
11 15 2 6 5976
11 15 3 1 748
11 15 3 5 1746
11 15 3 7 8224
11 15 4 0 4220
11 15 4 2 10518
11 15 4 6 3872
11 15 5 1 472
11 15 5 3 1682
11 15 5 7 2634
11 15 6 0 4264
11 15 6 2 5842
11 15 6 4 5802
11 15 7 1 14640
11 15 7 3 3178
11 15 7 5 5544
11 15 8 10 814
11 15 8 12 4976
11 15 8 14 70
11 15 9 11 1748
11 15 9 13 1152
11 15 9 15 6252
11 15 10 8 8250
11 15 10 12 4980
11 15 10 14 4162
11 15 11 9 1460
11 15 11 13 130
11 15 11 15 902
11 15 12 8 1200
11 15 12 10 4328
11 15 12 14 4336
11 15 13 9 5816
11 15 13 11 8394
11 15 13 15 4694
11 15 14 8 2744
11 15 14 10 54
11 15 14 12 2104
11 15 15 9 6110
11 15 15 11 122
11 15 15 13 6906
12 14 0 2 1808
12 14 0 4 6402
12 14 0 6 1750
12 14 1 3 2592
12 14 1 5 4450
12 14 1 7 10408
12 14 2 0 8144
12 14 2 4 3812
12 14 2 6 3916
12 14 3 1 3686
12 14 3 5 3822
12 14 3 7 1622
12 14 4 0 7214
12 14 4 2 2620
12 14 4 6 3178
12 14 5 1 1848
12 14 5 3 4400
12 14 5 7 2998
12 14 6 0 3984
12 14 6 2 6658
12 14 6 4 86
12 14 7 1 2216
12 14 7 3 72
12 14 7 5 12108
12 14 8 10 4434
12 14 8 12 9850
12 14 8 14 2850
12 14 9 11 3136
12 14 9 13 1474
12 14 9 15 7636
12 14 10 8 6846
12 14 10 12 1068
12 14 10 14 6022
12 14 11 9 1276
12 14 11 13 2146
12 14 11 15 6072
12 14 12 8 1860
12 14 12 10 13328
12 14 12 14 3854
12 14 13 9 4644
12 14 13 11 800
12 14 13 15 6546
12 14 14 8 4434
12 14 14 10 500
12 14 14 12 2900
12 14 15 9 3718
12 14 15 11 4312
12 14 15 13 392
13 15 0 2 2368
13 15 0 4 2252
13 15 0 6 5816
13 15 1 3 1944
13 15 1 5 6576
13 15 1 7 10660
13 15 2 0 2932
13 15 2 4 1868
13 15 2 6 2336
13 15 3 1 2114
13 15 3 5 2180
13 15 3 7 3234
13 15 4 0 4366
13 15 4 2 3262
13 15 4 6 3488
13 15 5 1 7540
13 15 5 3 1200
13 15 5 7 2084
13 15 6 0 5630
13 15 6 2 5360
13 15 6 4 2426
13 15 7 1 1998
13 15 7 3 5486
13 15 7 5 1958
13 15 8 10 3884
13 15 8 12 1662
13 15 8 14 270
13 15 9 11 10208
13 15 9 13 1454
13 15 9 15 11102
13 15 10 8 4892
13 15 10 12 2960
13 15 10 14 17764
13 15 11 9 4470
13 15 11 13 5782
13 15 11 15 6274
13 15 12 8 5622
13 15 12 10 10734
13 15 12 14 2932
13 15 13 9 7476
13 15 13 11 11812
13 15 13 15 6478
13 15 14 8 10276
13 15 14 10 11350
13 15 14 12 11134
13 15 15 9 902
13 15 15 11 4440
13 15 15 13 2260
