0 2 0 2 3496
0 2 0 4 3700
0 2 0 6 11976
0 4 0 2 7880
0 4 0 4 10262
0 4 0 6 1036
0 8 0 2 1996
0 8 0 4 2554
0 8 0 6 1304
0 2 1 3 1426
0 2 1 5 1102
0 2 1 7 2388
0 4 1 3 5980
0 4 1 5 2574
0 4 1 7 4936
0 8 1 3 5390
0 8 1 5 1476
0 8 1 7 3280
0 2 2 0 6060
0 2 2 4 6186
0 2 2 6 2580
0 4 2 0 4176
0 4 2 4 7872
0 4 2 6 12672
0 8 2 0 8444
0 8 2 4 5504
0 8 2 6 8302
0 2 3 1 3816
0 2 3 5 9572
0 2 3 7 2526
0 4 3 1 14704
0 4 3 5 10676
0 4 3 7 4312
0 8 3 1 2064
0 8 3 5 2726
0 8 3 7 4502
0 2 4 0 422
0 2 4 2 2944
0 2 4 6 6262
0 4 4 0 3404
0 4 4 2 6536
0 4 4 6 5462
0 8 4 0 4506
0 8 4 2 2316
0 8 4 6 6310
0 2 5 1 13092
0 2 5 3 1596
0 2 5 7 408
0 4 5 1 4406
0 4 5 3 6500
0 4 5 7 5024
0 8 5 1 3918
0 8 5 3 13248
0 8 5 7 5792
0 2 6 0 5494
0 2 6 2 840
0 2 6 4 952
0 4 6 0 13580
0 4 6 2 3318
0 4 6 4 7224
0 8 6 0 3644
0 8 6 2 3528
0 8 6 4 1462
0 2 7 1 152
0 2 7 3 2378
0 2 7 5 3152
0 4 7 1 1528
0 4 7 3 4576
0 4 7 5 6008
0 8 7 1 8464
0 8 7 3 5152
0 8 7 5 452
0 2 8 10 1134
0 2 8 12 10236
0 2 8 14 5490
0 4 8 10 8586
0 4 8 12 646
0 4 8 14 11704
0 8 8 10 8212
0 8 8 12 4780
0 8 8 14 3906
0 2 9 11 12680
0 2 9 13 3068
0 2 9 15 942
0 4 9 11 5648
0 4 9 13 812
0 4 9 15 4832
0 8 9 11 7650
0 8 9 13 2982
0 8 9 15 9376
0 2 10 8 12062
0 2 10 12 6592
0 2 10 14 7364
0 4 10 8 3378
0 4 10 12 6062
0 4 10 14 8022
0 8 10 8 3318
0 8 10 12 236
0 8 10 14 9714
0 2 11 9 10202
0 2 11 13 944
0 2 11 15 2496
0 4 11 9 3008
0 4 11 13 18312
0 4 11 15 3630
0 8 11 9 632
0 8 11 13 4310
0 8 11 15 120
0 2 12 8 818
0 2 12 10 4568
0 2 12 14 1230
0 4 12 8 2626
0 4 12 10 1376
0 4 12 14 1674
0 8 12 8 15498
0 8 12 10 4094
0 8 12 14 1972
0 2 13 9 6674
0 2 13 11 3702
0 2 13 15 3356
0 4 13 9 1468
0 4 13 11 1878
0 4 13 15 8428
0 8 13 9 4438
0 8 13 11 844
0 8 13 15 2988
0 2 14 8 4178
0 2 14 10 4694
0 2 14 12 2848
0 4 14 8 370
0 4 14 10 2008
0 4 14 12 6084
0 8 14 8 5704
0 8 14 10 7298
0 8 14 12 9020
0 2 15 9 4354
0 2 15 11 2230
0 2 15 13 4022
0 4 15 9 3014
0 4 15 11 1496
0 4 15 13 14330
0 8 15 9 13142
0 8 15 11 690
0 8 15 13 868
1 3 0 2 1230
1 3 0 4 4886
1 3 0 6 3918
1 5 0 2 154
1 5 0 4 96
1 5 0 6 314
1 9 0 2 1024
1 9 0 4 5188
1 9 0 6 8578
1 3 1 3 1876
1 3 1 5 5676
1 3 1 7 790
1 5 1 3 6162
1 5 1 5 2862
1 5 1 7 11212
1 9 1 3 9332
1 9 1 5 6072
1 9 1 7 8438
1 3 2 0 5080
1 3 2 4 2294
1 3 2 6 8844
1 5 2 0 1912
1 5 2 4 406
1 5 2 6 12058
1 9 2 0 2796
1 9 2 4 308
1 9 2 6 3576
1 3 3 1 8458
1 3 3 5 5256
1 3 3 7 546
1 5 3 1 4998
1 5 3 5 4398
1 5 3 7 3750
1 9 3 1 6196
1 9 3 5 10876
1 9 3 7 4408
1 3 4 0 7348
1 3 4 2 7414
1 3 4 6 8332
1 5 4 0 15036
1 5 4 2 274
1 5 4 6 8144
1 9 4 0 1980
1 9 4 2 4516
1 9 4 6 3252
1 3 5 1 4728
1 3 5 3 1264
1 3 5 7 1348
1 5 5 1 6828
1 5 5 3 2706
1 5 5 7 746
1 9 5 1 9550
1 9 5 3 5278
1 9 5 7 992
1 3 6 0 4852
1 3 6 2 6772
1 3 6 4 8098
1 5 6 0 2746
1 5 6 2 130
1 5 6 4 2560
1 9 6 0 568
1 9 6 2 2058
1 9 6 4 1932
1 3 7 1 1340
1 3 7 3 7586
1 3 7 5 906
1 5 7 1 4650
1 5 7 3 4136
1 5 7 5 7550
1 9 7 1 8880
1 9 7 3 1920
1 9 7 5 2466
1 3 8 10 13494
1 3 8 12 4692
1 3 8 14 10582
1 5 8 10 112
1 5 8 12 2462
1 5 8 14 3946
1 9 8 10 1480
1 9 8 12 11442
1 9 8 14 1916
1 3 9 11 1794
1 3 9 13 6904
1 3 9 15 8678
1 5 9 11 564
1 5 9 13 170
1 5 9 15 1194
1 9 9 11 394
1 9 9 13 3136
1 9 9 15 6240
1 3 10 8 124
1 3 10 12 7452
1 3 10 14 5024
1 5 10 8 11154
1 5 10 12 6932
1 5 10 14 8496
1 9 10 8 978
1 9 10 12 10476
1 9 10 14 2774
1 3 11 9 13700
1 3 11 13 5304
1 3 11 15 3904
1 5 11 9 3152
1 5 11 13 1868
1 5 11 15 10880
1 9 11 9 2516
1 9 11 13 4792
1 9 11 15 8546
1 3 12 8 4832
1 3 12 10 144
1 3 12 14 2314
1 5 12 8 1406
1 5 12 10 606
1 5 12 14 4774
1 9 12 8 9690
1 9 12 10 2188
1 9 12 14 7232
1 3 13 9 7566
1 3 13 11 5904
1 3 13 15 3198
1 5 13 9 4822
1 5 13 11 8684
1 5 13 15 576
1 9 13 9 200
1 9 13 11 5820
1 9 13 15 2516
1 3 14 8 2242
1 3 14 10 6006
1 3 14 12 1322
1 5 14 8 3110
1 5 14 10 1170
1 5 14 12 8754
1 9 14 8 7650
1 9 14 10 1632
1 9 14 12 9294
1 3 15 9 2148
1 3 15 11 7118
1 3 15 13 3126
1 5 15 9 4166
1 5 15 11 5040
1 5 15 13 1198
1 9 15 9 1742
1 9 15 11 560
1 9 15 13 1454
2 6 0 2 1268
2 6 0 4 7968
2 6 0 6 2630
2 10 0 2 2490
2 10 0 4 576
2 10 0 6 536
2 6 1 3 1152
2 6 1 5 7952
2 6 1 7 228
2 10 1 3 908
2 10 1 5 730
2 10 1 7 6
2 6 2 0 5792
2 6 2 4 7932
2 6 2 6 3274
2 10 2 0 2796
2 10 2 4 634
2 10 2 6 6818
2 6 3 1 798
2 6 3 5 1182
2 6 3 7 3140
2 10 3 1 542
2 10 3 5 4738
2 10 3 7 13644
2 6 4 0 1266
2 6 4 2 6236
2 6 4 6 6002
2 10 4 0 2744
2 10 4 2 5382
2 10 4 6 2684
2 6 5 1 3260
2 6 5 3 3126
2 6 5 7 11240
2 10 5 1 1720
2 10 5 3 1566
2 10 5 7 4334
2 6 6 0 6050
2 6 6 2 8150
2 6 6 4 2394
2 10 6 0 1152
2 10 6 2 6498
2 10 6 4 4690
2 6 7 1 3892
2 6 7 3 800
2 6 7 5 5546
2 10 7 1 2910
2 10 7 3 3172
2 10 7 5 2890
2 6 8 10 1464
2 6 8 12 5670
2 6 8 14 10554
2 10 8 10 4050
2 10 8 12 1576
2 10 8 14 1920
2 6 9 11 2670
2 6 9 13 11036
2 6 9 15 2786
2 10 9 11 5508
2 10 9 13 8710
2 10 9 15 3882
2 6 10 8 16524
2 6 10 12 11332
2 6 10 14 7776
2 10 10 8 1572
2 10 10 12 690
2 10 10 14 2658
2 6 11 9 4794
2 6 11 13 610
2 6 11 15 5744
2 10 11 9 2430
2 10 11 13 2324
2 10 11 15 1456
2 6 12 8 2534
2 6 12 10 5800
2 6 12 14 4846
2 10 12 8 4368
2 10 12 10 6622
2 10 12 14 5842
2 6 13 9 3048
2 6 13 11 14112
2 6 13 15 5274
2 10 13 9 1400
2 10 13 11 760
2 10 13 15 2396
2 6 14 8 9602
2 6 14 10 3266
2 6 14 12 5296
2 10 14 8 3132
2 10 14 10 5906
2 10 14 12 754
2 6 15 9 4508
2 6 15 11 3392
2 6 15 13 1126
2 10 15 9 822
2 10 15 11 2536
2 10 15 13 2364
3 7 0 2 7806
3 7 0 4 11740
3 7 0 6 6012
3 11 0 2 1914
3 11 0 4 6978
3 11 0 6 8850
3 7 1 3 15786
3 7 1 5 2148
3 7 1 7 11512
3 11 1 3 644
3 11 1 5 2792
3 11 1 7 4180
3 7 2 0 6124
3 7 2 4 2196
3 7 2 6 4176
3 11 2 0 11524
3 11 2 4 4180
3 11 2 6 7930
3 7 3 1 6022
3 7 3 5 3056
3 7 3 7 6476
3 11 3 1 5750
3 11 3 5 11518
3 11 3 7 66
3 7 4 0 3560
3 7 4 2 8676
3 7 4 6 12834
3 11 4 0 4432
3 11 4 2 4126
3 11 4 6 2760
3 7 5 1 9614
3 7 5 3 4888
3 7 5 7 1400
3 11 5 1 312
3 11 5 3 4970
3 11 5 7 5200
3 7 6 0 8080
3 7 6 2 3242
3 7 6 4 3920
3 11 6 0 2554
3 11 6 2 22
3 11 6 4 2060
3 7 7 1 602
3 7 7 3 5158
3 7 7 5 2566
3 11 7 1 1162
3 11 7 3 414
3 11 7 5 2788
3 7 8 10 9266
3 7 8 12 3922
3 7 8 14 1038
3 11 8 10 410
3 11 8 12 2294
3 11 8 14 602
3 7 9 11 7950
3 7 9 13 1732
3 7 9 15 598
3 11 9 11 11890
3 11 9 13 520
3 11 9 15 1644
3 7 10 8 5772
3 7 10 12 434
3 7 10 14 4880
3 11 10 8 5738
3 11 10 12 4640
3 11 10 14 784
3 7 11 9 1178
3 7 11 13 3286
3 7 11 15 4024
3 11 11 9 318
3 11 11 13 1394
3 11 11 15 5368
3 7 12 8 10916
3 7 12 10 2462
3 7 12 14 9382
3 11 12 8 5176
3 11 12 10 1888
3 11 12 14 20
3 7 13 9 3052
3 7 13 11 2190
3 7 13 15 1958
3 11 13 9 3816
3 11 13 11 6944
3 11 13 15 154
3 7 14 8 196
3 7 14 10 7222
3 7 14 12 50
3 11 14 8 2834
3 11 14 10 5984
3 11 14 12 3410
3 7 15 9 5674
3 7 15 11 954
3 7 15 13 7310
3 11 15 9 6944
3 11 15 11 536
3 11 15 13 500
4 6 0 2 9174
4 6 0 4 2090
4 6 0 6 318
4 12 0 2 4946
4 12 0 4 2328
4 12 0 6 2546
4 6 1 3 5024
4 6 1 5 1872
4 6 1 7 1318
4 12 1 3 4556
4 12 1 5 7824
4 12 1 7 10208
4 6 2 0 2938
4 6 2 4 5218
4 6 2 6 2018
4 12 2 0 1832
4 12 2 4 2062
4 12 2 6 6402
4 6 3 1 244
4 6 3 5 4704
4 6 3 7 13468
4 12 3 1 778
4 12 3 5 1596
4 12 3 7 7812
4 6 4 0 9900
4 6 4 2 4832
4 6 4 6 850
4 12 4 0 3860
4 12 4 2 6124
4 12 4 6 1818
4 6 5 1 2322
4 6 5 3 9656
4 6 5 7 2598
4 12 5 1 1390
4 12 5 3 2346
4 12 5 7 3666
4 6 6 0 1436
4 6 6 2 2726
4 6 6 4 2418
4 12 6 0 1312
4 12 6 2 2612
4 12 6 4 6710
4 6 7 1 8484
4 6 7 3 5036
4 6 7 5 658
4 12 7 1 4316
4 12 7 3 11866
4 12 7 5 472
4 6 8 10 3190
4 6 8 12 1798
4 6 8 14 374
4 12 8 10 2162
4 12 8 12 5280
4 12 8 14 1398
4 6 9 11 1102
4 6 9 13 6608
4 6 9 15 9372
4 12 9 11 7510
4 12 9 13 6192
4 12 9 15 7732
4 6 10 8 6666
4 6 10 12 6284
4 6 10 14 11200
4 12 10 8 3874
4 12 10 12 6388
4 12 10 14 1300
4 6 11 9 4210
4 6 11 13 3000
4 6 11 15 9550
4 12 11 9 6980
4 12 11 13 2266
4 12 11 15 1044
4 6 12 8 3904
4 6 12 10 8674
4 6 12 14 1188
4 12 12 8 996
4 12 12 10 6668
4 12 12 14 8268
4 6 13 9 4608
4 6 13 11 14352
4 6 13 15 4186
4 12 13 9 12132
4 12 13 11 3058
4 12 13 15 4462
4 6 14 8 1972
4 6 14 10 12940
4 6 14 12 4174
4 12 14 8 14188
4 12 14 10 5206
4 12 14 12 6890
4 6 15 9 3810
4 6 15 11 7110
4 6 15 13 2116
4 12 15 9 2870
4 12 15 11 2212
4 12 15 13 722
5 7 0 2 2526
5 7 0 4 9486
5 7 0 6 10786
5 13 0 2 186
5 13 0 4 4056
5 13 0 6 6410
5 7 1 3 972
5 7 1 5 3246
5 7 1 7 7638
5 13 1 3 938
5 13 1 5 2018
5 13 1 7 3448
5 7 2 0 2582
5 7 2 4 9762
5 7 2 6 3356
5 13 2 0 9470
5 13 2 4 2758
5 13 2 6 3460
5 7 3 1 2122
5 7 3 5 3414
5 7 3 7 784
5 13 3 1 13774
5 13 3 5 450
5 13 3 7 1632
5 7 4 0 816
5 7 4 2 3600
5 7 4 6 17974
5 13 4 0 4100
5 13 4 2 3166
5 13 4 6 5624
5 7 5 1 2286
5 7 5 3 1570
5 7 5 7 3508
5 13 5 1 7384
5 13 5 3 7250
5 13 5 7 2214
5 7 6 0 10454
5 7 6 2 7300
5 7 6 4 4446
5 13 6 0 10404
5 13 6 2 2798
5 13 6 4 3246
5 7 7 1 7772
5 7 7 3 210
5 7 7 5 12464
5 13 7 1 5260
5 13 7 3 9960
5 13 7 5 2716
5 7 8 10 1076
5 7 8 12 9884
5 7 8 14 4446
5 13 8 10 354
5 13 8 12 816
5 13 8 14 1016
5 7 9 11 5562
5 7 9 13 678
5 7 9 15 1584
5 13 9 11 5436
5 13 9 13 4336
5 13 9 15 1600
5 7 10 8 5412
5 7 10 12 16590
5 7 10 14 704
5 13 10 8 3368
5 13 10 12 8700
5 13 10 14 6750
5 7 11 9 5634
5 7 11 13 1284
5 7 11 15 458
5 13 11 9 6140
5 13 11 13 4734
5 13 11 15 5622
5 7 12 8 772
5 7 12 10 3292
5 7 12 14 9272
5 13 12 8 2144
5 13 12 10 1374
5 13 12 14 2354
5 7 13 9 3328
5 7 13 11 540
5 7 13 15 666
5 13 13 9 12898
5 13 13 11 1842
5 13 13 15 13288
5 7 14 8 2556
5 7 14 10 7134
5 7 14 12 944
5 13 14 8 6766
5 13 14 10 8194
5 13 14 12 9364
5 7 15 9 5698
5 7 15 11 6652
5 7 15 13 8378
5 13 15 9 6870
5 13 15 11 4120
5 13 15 13 1680
6 14 0 2 682
6 14 0 4 2588
6 14 0 6 5914
6 14 1 3 13652
6 14 1 5 4048
6 14 1 7 530
6 14 2 0 910
6 14 2 4 5666
6 14 2 6 1448
6 14 3 1 9240
6 14 3 5 5688
6 14 3 7 10166
6 14 4 0 4582
6 14 4 2 3180
6 14 4 6 3244
6 14 5 1 3060
6 14 5 3 424
6 14 5 7 5334
6 14 6 0 7572
6 14 6 2 3626
6 14 6 4 11108
6 14 7 1 1070
6 14 7 3 3824
6 14 7 5 9094
6 14 8 10 3576
6 14 8 12 6666
6 14 8 14 11472
6 14 9 11 5718
6 14 9 13 14578
6 14 9 15 5056
6 14 10 8 6868
6 14 10 12 4944
6 14 10 14 6314
6 14 11 9 6790
6 14 11 13 4162
6 14 11 15 2976
6 14 12 8 9234
6 14 12 10 692
6 14 12 14 1964
6 14 13 9 5204
6 14 13 11 4214
6 14 13 15 7920
6 14 14 8 7610
6 14 14 10 4506
6 14 14 12 330
6 14 15 9 1892
6 14 15 11 6748
6 14 15 13 7046
7 15 0 2 2352
7 15 0 4 9574
7 15 0 6 3888
7 15 1 3 528
7 15 1 5 10262
7 15 1 7 9394
7 15 2 0 1116
7 15 2 4 112
7 15 2 6 3782
7 15 3 1 778
7 15 3 5 266
7 15 3 7 1234
7 15 4 0 5636
7 15 4 2 5292
7 15 4 6 6370
7 15 5 1 10866
7 15 5 3 1754
7 15 5 7 4636
7 15 6 0 1164
7 15 6 2 3796
7 15 6 4 9500
7 15 7 1 2216
7 15 7 3 1712
7 15 7 5 8072
7 15 8 10 9282
7 15 8 12 3696
7 15 8 14 956
7 15 9 11 2640
7 15 9 13 16
7 15 9 15 6636
7 15 10 8 662
7 15 10 12 2726
7 15 10 14 12264
7 15 11 9 890
7 15 11 13 9216
7 15 11 15 7474
7 15 12 8 7278
7 15 12 10 68
7 15 12 14 6136
7 15 13 9 2664
7 15 13 11 16172
7 15 13 15 536
7 15 14 8 5818
7 15 14 10 11230
7 15 14 12 2686
7 15 15 9 2810
7 15 15 11 914
7 15 15 13 1566
8 10 0 2 12278
8 10 0 4 4498
8 10 0 6 13046
8 12 0 2 4498
8 12 0 4 9334
8 12 0 6 1604
8 10 1 3 7750
8 10 1 5 3700
8 10 1 7 354
8 12 1 3 242
8 12 1 5 4268
8 12 1 7 4532
8 10 2 0 9606
8 10 2 4 14728
8 10 2 6 424
8 12 2 0 3910
8 12 2 4 2368
8 12 2 6 8796
8 10 3 1 6562
8 10 3 5 3050
8 10 3 7 1464
8 12 3 1 1488
8 12 3 5 4630
8 12 3 7 5300
8 10 4 0 1512
8 10 4 2 10854
8 10 4 6 3680
8 12 4 0 8890
8 12 4 2 2780
8 12 4 6 2396
8 10 5 1 3462
8 10 5 3 10784
8 10 5 7 3484
8 12 5 1 17610
8 12 5 3 1038
8 12 5 7 5672
8 10 6 0 7508
8 10 6 2 630
8 10 6 4 6094
8 12 6 0 1964
8 12 6 2 2462
8 12 6 4 8422
8 10 7 1 214
8 10 7 3 5926
8 10 7 5 5756
8 12 7 1 2990
8 12 7 3 302
8 12 7 5 1038
8 10 8 10 2920
8 10 8 12 9380
8 10 8 14 1072
8 12 8 10 2386
8 12 8 12 5468
8 12 8 14 5848
8 10 9 11 3570
8 10 9 13 2428
8 10 9 15 7684
8 12 9 11 512
8 12 9 13 1536
8 12 9 15 2316
8 10 10 8 2078
8 10 10 12 2200
8 10 10 14 1512
8 12 10 8 5082
8 12 10 12 7658
8 12 10 14 4226
8 10 11 9 1072
8 10 11 13 2856
8 10 11 15 8070
8 12 11 9 5992
8 12 11 13 1360
8 12 11 15 962
8 10 12 8 14282
8 10 12 10 2900
8 10 12 14 5960
8 12 12 8 1172
8 12 12 10 510
8 12 12 14 284
8 10 13 9 8560
8 10 13 11 1588
8 10 13 15 3684
8 12 13 9 1410
8 12 13 11 6072
8 12 13 15 1368
8 10 14 8 3592
8 10 14 10 5380
8 10 14 12 1134
8 12 14 8 4212
8 12 14 10 10012
8 12 14 12 554
8 10 15 9 3368
8 10 15 11 2920
8 10 15 13 1000
8 12 15 9 15928
8 12 15 11 1660
8 12 15 13 9622
9 11 0 2 700
9 11 0 4 10578
9 11 0 6 13644
9 13 0 2 2214
9 13 0 4 12456
9 13 0 6 234
9 11 1 3 3070
9 11 1 5 1884
9 11 1 7 3020
9 13 1 3 8712
9 13 1 5 12066
9 13 1 7 2852
9 11 2 0 2934
9 11 2 4 2028
9 11 2 6 11852
9 13 2 0 4244
9 13 2 4 4694
9 13 2 6 11594
9 11 3 1 3522
9 11 3 5 292
9 11 3 7 408
9 13 3 1 1358
9 13 3 5 2260
9 13 3 7 2352
9 11 4 0 4446
9 11 4 2 2542
9 11 4 6 1282
9 13 4 0 8666
9 13 4 2 2074
9 13 4 6 2826
9 11 5 1 5576
9 11 5 3 1744
9 11 5 7 5350
9 13 5 1 9250
9 13 5 3 3068
9 13 5 7 2666
9 11 6 0 3646
9 11 6 2 2334
9 11 6 4 5644
9 13 6 0 2740
9 13 6 2 5270
9 13 6 4 326
9 11 7 1 8094
9 11 7 3 2654
9 11 7 5 9410
9 13 7 1 9214
9 13 7 3 2060
9 13 7 5 1374
9 11 8 10 202
9 11 8 12 3068
9 11 8 14 10470
9 13 8 10 2104
9 13 8 12 11832
9 13 8 14 8158
9 11 9 11 8066
9 11 9 13 4176
9 11 9 15 7696
9 13 9 11 2316
9 13 9 13 8692
9 13 9 15 6302
9 11 10 8 7590
9 11 10 12 5486
9 11 10 14 6106
9 13 10 8 126
9 13 10 12 366
9 13 10 14 11786
9 11 11 9 5338
9 11 11 13 4688
9 11 11 15 1574
9 13 11 9 1538
9 13 11 13 5752
9 13 11 15 1696
9 11 12 8 1446
9 11 12 10 5854
9 11 12 14 3842
9 13 12 8 4480
9 13 12 10 1048
9 13 12 14 4092
9 11 13 9 4292
9 11 13 11 7406
9 11 13 15 614
9 13 13 9 206
9 13 13 11 356
9 13 13 15 2852
9 11 14 8 8950
9 11 14 10 6812
9 11 14 12 3966
9 13 14 8 40
9 13 14 10 174
9 13 14 12 2160
9 11 15 9 888
9 11 15 11 5742
9 11 15 13 6922
9 13 15 9 3812
9 13 15 11 6462
9 13 15 13 10038
10 14 0 2 5380
10 14 0 4 5870
10 14 0 6 9666
10 14 1 3 2180
10 14 1 5 4482
10 14 1 7 5050
10 14 2 0 1650
10 14 2 4 2206
10 14 2 6 2072
10 14 3 1 11964
10 14 3 5 6878
10 14 3 7 4924
10 14 4 0 2290
10 14 4 2 6046
10 14 4 6 6118
10 14 5 1 378
10 14 5 3 4644
10 14 5 7 17110
10 14 6 0 1668
10 14 6 2 996
10 14 6 4 10330
10 14 7 1 12862
10 14 7 3 5776
10 14 7 5 4536
10 14 8 10 548
10 14 8 12 1008
10 14 8 14 6662
10 14 9 11 6422
10 14 9 13 7334
10 14 9 15 11360
10 14 10 8 2142
10 14 10 12 1410
10 14 10 14 6022
10 14 11 9 8800
10 14 11 13 7428
10 14 11 15 6254
10 14 12 8 8960
10 14 12 10 2958
10 14 12 14 2616
10 14 13 9 9020
10 14 13 11 12286
10 14 13 15 8306
10 14 14 8 924
10 14 14 10 7466
10 14 14 12 6990
10 14 15 9 986
10 14 15 11 130
10 14 15 13 1018
11 15 0 2 11364
11 15 0 4 2788
11 15 0 6 2364
11 15 1 3 8272
11 15 1 5 3466
11 15 1 7 5522
11 15 2 0 8708
11 15 2 4 2042
11 15 2 6 1120
11 15 3 1 10542
11 15 3 5 3338
11 15 3 7 5750
11 15 4 0 6494
11 15 4 2 728
11 15 4 6 1542
11 15 5 1 3880
11 15 5 3 3166
11 15 5 7 4920
11 15 6 0 15430
11 15 6 2 6908
11 15 6 4 822
11 15 7 1 2552
11 15 7 3 3452
11 15 7 5 6334
11 15 8 10 12240
11 15 8 12 3992
11 15 8 14 3610
11 15 9 11 1596
11 15 9 13 1936
11 15 9 15 7578
11 15 10 8 3566
11 15 10 12 1020
11 15 10 14 1804
11 15 11 9 3014
11 15 11 13 782
11 15 11 15 5624
11 15 12 8 4378
11 15 12 10 586
11 15 12 14 10042
11 15 13 9 9872
11 15 13 11 1792
11 15 13 15 2006
11 15 14 8 8912
11 15 14 10 9514
11 15 14 12 104
11 15 15 9 2158
11 15 15 11 4302
11 15 15 13 22
12 14 0 2 162
12 14 0 4 942
12 14 0 6 3102
12 14 1 3 5416
12 14 1 5 1824
12 14 1 7 6046
12 14 2 0 1092
12 14 2 4 4164
12 14 2 6 1650
12 14 3 1 5624
12 14 3 5 8952
12 14 3 7 5278
12 14 4 0 6080
12 14 4 2 6860
12 14 4 6 5010
12 14 5 1 4274
12 14 5 3 6230
12 14 5 7 5836
12 14 6 0 5394
12 14 6 2 4542
12 14 6 4 6196
12 14 7 1 6222
12 14 7 3 10238
12 14 7 5 1810
12 14 8 10 2870
12 14 8 12 376
12 14 8 14 2958
12 14 9 11 954
12 14 9 13 3994
12 14 9 15 2260
12 14 10 8 1834
12 14 10 12 12262
12 14 10 14 2826
12 14 11 9 3834
12 14 11 13 1426
12 14 11 15 10164
12 14 12 8 622
12 14 12 10 2130
12 14 12 14 4282
12 14 13 9 18
12 14 13 11 5314
12 14 13 15 7360
12 14 14 8 11368
12 14 14 10 7112
12 14 14 12 6548
12 14 15 9 1942
12 14 15 11 10192
12 14 15 13 1008
13 15 0 2 9952
13 15 0 4 2618
13 15 0 6 3148
13 15 1 3 10072
13 15 1 5 4514
13 15 1 7 3828
13 15 2 0 2972
13 15 2 4 408
13 15 2 6 2490
13 15 3 1 6556
13 15 3 5 1634
13 15 3 7 3484
13 15 4 0 1680
13 15 4 2 2298
13 15 4 6 8016
13 15 5 1 1844
13 15 5 3 4526
13 15 5 7 1378
13 15 6 0 772
13 15 6 2 5224
13 15 6 4 4610
13 15 7 1 5824
13 15 7 3 7606
13 15 7 5 2518
13 15 8 10 4406
13 15 8 12 1042
13 15 8 14 12874
13 15 9 11 892
13 15 9 13 2984
13 15 9 15 1108
13 15 10 8 326
13 15 10 12 560
13 15 10 14 3246
13 15 11 9 9064
13 15 11 13 1124
13 15 11 15 2454
13 15 12 8 6430
13 15 12 10 6124
13 15 12 14 2720
13 15 13 9 3322
13 15 13 11 3222
13 15 13 15 11716
13 15 14 8 2566
13 15 14 10 1682
13 15 14 12 6582
13 15 15 9 1206
13 15 15 11 7676
13 15 15 13 4530
