# KEY left=0x5f right=0x6e
# GOOD_PAIRS_BEGIN count=4
# GOOD_PAIR 0x05 0x47
# GOOD_PAIR 0x07 0x45
# GOOD_PAIR 0x02 0x44
# GOOD_PAIR 0x04 0x42
# GOOD_PAIRS_END
0 2 0 2 5658
0 2 0 4 3396
0 2 0 6 956
0 4 0 2 954
0 4 0 4 3472
0 4 0 6 5742
0 8 0 2 406
0 8 0 4 4154
0 8 0 6 950
0 2 1 3 4564
0 2 1 5 4190
0 2 1 7 1014
0 4 1 3 70
0 4 1 5 5298
0 4 1 7 362
0 8 1 3 1020
0 8 1 5 4932
0 8 1 7 6908
0 2 2 0 1986
0 2 2 4 2334
0 2 2 6 7556
0 4 2 0 1550
0 4 2 4 3120
0 4 2 6 2488
0 8 2 0 3462
0 8 2 4 1230
0 8 2 6 1360
0 2 3 1 1168
0 2 3 5 816
0 2 3 7 890
0 4 3 1 7668
0 4 3 5 2386
0 4 3 7 292
0 8 3 1 5794
0 8 3 5 3926
0 8 3 7 2888
0 2 4 0 3192
0 2 4 2 11332
0 2 4 6 754
0 4 4 0 610
0 4 4 2 11928
0 4 4 6 3638
0 8 4 0 2860
0 8 4 2 8180
0 8 4 6 346
0 2 5 1 5766
0 2 5 3 1352
0 2 5 7 1582
0 4 5 1 2238
0 4 5 3 3278
0 4 5 7 1976
0 8 5 1 11016
0 8 5 3 4956
0 8 5 7 1482
0 2 6 0 2408
0 2 6 2 10812
0 2 6 4 7772
0 4 6 0 6954
0 4 6 2 5218
0 4 6 4 3376
0 8 6 0 4506
0 8 6 2 6070
0 8 6 4 1486
0 2 7 1 3926
0 2 7 3 3434
0 2 7 5 1624
0 4 7 1 3306
0 4 7 3 1370
0 4 7 5 10328
0 8 7 1 3386
0 8 7 3 4836
0 8 7 5 96
0 2 8 10 3292
0 2 8 12 2974
0 2 8 14 812
0 4 8 10 1602
0 4 8 12 2632
0 4 8 14 5080
0 8 8 10 4158
0 8 8 12 7074
0 8 8 14 2892
0 2 9 11 2918
0 2 9 13 7106
0 2 9 15 2532
0 4 9 11 3086
0 4 9 13 4864
0 4 9 15 1618
0 8 9 11 1570
0 8 9 13 266
0 8 9 15 4272
0 2 10 8 842
0 2 10 12 3130
0 2 10 14 722
0 4 10 8 4546
0 4 10 12 5868
0 4 10 14 1592
0 8 10 8 2532
0 8 10 12 972
0 8 10 14 372
0 2 11 9 1242
0 2 11 13 4786
0 2 11 15 10232
0 4 11 9 4144
0 4 11 13 2228
0 4 11 15 3042
0 8 11 9 2330
0 8 11 13 2066
0 8 11 15 6634
0 2 12 8 524
0 2 12 10 2756
0 2 12 14 2186
0 4 12 8 1636
0 4 12 10 1240
0 4 12 14 3688
0 8 12 8 4826
0 8 12 10 1794
0 8 12 14 1312
0 2 13 9 144
0 2 13 11 2780
0 2 13 15 264
0 4 13 9 4578
0 4 13 11 3836
0 4 13 15 1450
0 8 13 9 1926
0 8 13 11 418
0 8 13 15 1744
0 2 14 8 5874
0 2 14 10 2932
0 2 14 12 2516
0 4 14 8 6720
0 4 14 10 6464
0 4 14 12 2612
0 8 14 8 9350
0 8 14 10 4808
0 8 14 12 2026
0 2 15 9 260
0 2 15 11 6944
0 2 15 13 1370
0 4 15 9 1644
0 4 15 11 1288
0 4 15 13 8108
0 8 15 9 11652
0 8 15 11 3596
0 8 15 13 2768
1 3 0 2 5370
1 3 0 4 9070
1 3 0 6 142
1 5 0 2 6990
1 5 0 4 520
1 5 0 6 6358
1 9 0 2 6256
1 9 0 4 1492
1 9 0 6 4874
1 3 1 3 1266
1 3 1 5 1474
1 3 1 7 1626
1 5 1 3 996
1 5 1 5 1932
1 5 1 7 3056
1 9 1 3 298
1 9 1 5 936
1 9 1 7 734
1 3 2 0 1138
1 3 2 4 2794
1 3 2 6 4882
1 5 2 0 2538
1 5 2 4 4466
1 5 2 6 190
1 9 2 0 4260
1 9 2 4 3150
1 9 2 6 490
1 3 3 1 350
1 3 3 5 1576
1 3 3 7 8828
1 5 3 1 702
1 5 3 5 2928
1 5 3 7 6980
1 9 3 1 862
1 9 3 5 5404
1 9 3 7 5748
1 3 4 0 3118
1 3 4 2 7536
1 3 4 6 2608
1 5 4 0 3596
1 5 4 2 4440
1 5 4 6 6916
1 9 4 0 9604
1 9 4 2 9506
1 9 4 6 5442
1 3 5 1 748
1 3 5 3 2676
1 3 5 7 1540
1 5 5 1 3794
1 5 5 3 7084
1 5 5 7 216
1 9 5 1 2978
1 9 5 3 1214
1 9 5 7 2732
1 3 6 0 2266
1 3 6 2 2324
1 3 6 4 6486
1 5 6 0 3408
1 5 6 2 930
1 5 6 4 808
1 9 6 0 8462
1 9 6 2 5536
1 9 6 4 2840
1 3 7 1 7020
1 3 7 3 960
1 3 7 5 4864
1 5 7 1 268
1 5 7 3 2084
1 5 7 5 4096
1 9 7 1 1958
1 9 7 3 3690
1 9 7 5 3218
1 3 8 10 1548
1 3 8 12 950
1 3 8 14 726
1 5 8 10 828
1 5 8 12 3952
1 5 8 14 6898
1 9 8 10 4070
1 9 8 12 1714
1 9 8 14 8270
1 3 9 11 6486
1 3 9 13 6498
1 3 9 15 3838
1 5 9 11 1866
1 5 9 13 52
1 5 9 15 1734
1 9 9 11 1718
1 9 9 13 3744
1 9 9 15 240
1 3 10 8 30
1 3 10 12 3488
1 3 10 14 196
1 5 10 8 5352
1 5 10 12 4426
1 5 10 14 170
1 9 10 8 5220
1 9 10 12 5786
1 9 10 14 6580
1 3 11 9 6168
1 3 11 13 7562
1 3 11 15 5152
1 5 11 9 1852
1 5 11 13 7348
1 5 11 15 3762
1 9 11 9 2672
1 9 11 13 168
1 9 11 15 3780
1 3 12 8 2044
1 3 12 10 6030
1 3 12 14 6246
1 5 12 8 5126
1 5 12 10 1070
1 5 12 14 1364
1 9 12 8 1822
1 9 12 10 4292
1 9 12 14 3892
1 3 13 9 4220
1 3 13 11 4934
1 3 13 15 5282
1 5 13 9 4116
1 5 13 11 1922
1 5 13 15 2394
1 9 13 9 1840
1 9 13 11 1166
1 9 13 15 5556
1 3 14 8 5530
1 3 14 10 898
1 3 14 12 11306
1 5 14 8 2150
1 5 14 10 2132
1 5 14 12 1610
1 9 14 8 4376
1 9 14 10 2238
1 9 14 12 2466
1 3 15 9 2696
1 3 15 11 726
1 3 15 13 3974
1 5 15 9 1426
1 5 15 11 2702
1 5 15 13 1532
1 9 15 9 442
1 9 15 11 6594
1 9 15 13 832
2 6 0 2 3964
2 6 0 4 1524
2 6 0 6 5288
2 10 0 2 4640
2 10 0 4 2490
2 10 0 6 2768
2 6 1 3 594
2 6 1 5 2844
2 6 1 7 2598
2 10 1 3 2948
2 10 1 5 2474
2 10 1 7 2460
2 6 2 0 4258
2 6 2 4 2106
2 6 2 6 6178
2 10 2 0 2434
2 10 2 4 538
2 10 2 6 4380
2 6 3 1 11672
2 6 3 5 68
2 6 3 7 3040
2 10 3 1 12222
2 10 3 5 5538
2 10 3 7 2554
2 6 4 0 4550
2 6 4 2 7696
2 6 4 6 496
2 10 4 0 1676
2 10 4 2 424
2 10 4 6 4102
2 6 5 1 1624
2 6 5 3 3308
2 6 5 7 274
2 10 5 1 1420
2 10 5 3 4336
2 10 5 7 6024
2 6 6 0 5194
2 6 6 2 1090
2 6 6 4 7282
2 10 6 0 3842
2 10 6 2 1280
2 10 6 4 2746
2 6 7 1 830
2 6 7 3 1638
2 6 7 5 830
2 10 7 1 244
2 10 7 3 1076
2 10 7 5 4780
2 6 8 10 1720
2 6 8 12 3402
2 6 8 14 3888
2 10 8 10 4718
2 10 8 12 4594
2 10 8 14 2308
2 6 9 11 2428
2 6 9 13 2640
2 6 9 15 706
2 10 9 11 2456
2 10 9 13 1216
2 10 9 15 990
2 6 10 8 5042
2 6 10 12 7350
2 6 10 14 1376
2 10 10 8 902
2 10 10 12 3580
2 10 10 14 2596
2 6 11 9 428
2 6 11 13 324
2 6 11 15 1930
2 10 11 9 3646
2 10 11 13 808
2 10 11 15 1624
2 6 12 8 182
2 6 12 10 5028
2 6 12 14 6542
2 10 12 8 5702
2 10 12 10 10334
2 10 12 14 1944
2 6 13 9 176
2 6 13 11 6408
2 6 13 15 5470
2 10 13 9 1366
2 10 13 11 798
2 10 13 15 6652
2 6 14 8 2096
2 6 14 10 3846
2 6 14 12 2070
2 10 14 8 1250
2 10 14 10 1396
2 10 14 12 2986
2 6 15 9 3014
2 6 15 11 1352
2 6 15 13 750
2 10 15 9 6
2 10 15 11 2272
2 10 15 13 568
3 7 0 2 116
3 7 0 4 1620
3 7 0 6 4602
3 11 0 2 1474
3 11 0 4 3102
3 11 0 6 1442
3 7 1 3 3748
3 7 1 5 2086
3 7 1 7 3048
3 11 1 3 20
3 11 1 5 7362
3 11 1 7 4658
3 7 2 0 5078
3 7 2 4 2428
3 7 2 6 6316
3 11 2 0 5204
3 11 2 4 13694
3 11 2 6 5276
3 7 3 1 4626
3 7 3 5 2764
3 7 3 7 492
3 11 3 1 4050
3 11 3 5 1924
3 11 3 7 4712
3 7 4 0 2832
3 7 4 2 146
3 7 4 6 1634
3 11 4 0 4604
3 11 4 2 4558
3 11 4 6 922
3 7 5 1 7094
3 7 5 3 4538
3 7 5 7 2910
3 11 5 1 82
3 11 5 3 1876
3 11 5 7 1560
3 7 6 0 1666
3 7 6 2 4000
3 7 6 4 1732
3 11 6 0 1670
3 11 6 2 6010
3 11 6 4 4202
3 7 7 1 2412
3 7 7 3 1464
3 7 7 5 3726
3 11 7 1 300
3 11 7 3 6798
3 11 7 5 1154
3 7 8 10 8618
3 7 8 12 3304
3 7 8 14 4490
3 11 8 10 954
3 11 8 12 2190
3 11 8 14 2136
3 7 9 11 2108
3 7 9 13 1296
3 7 9 15 1224
3 11 9 11 1298
3 11 9 13 5706
3 11 9 15 3234
3 7 10 8 200
3 7 10 12 3032
3 7 10 14 3484
3 11 10 8 1118
3 11 10 12 4454
3 11 10 14 2052
3 7 11 9 6106
3 7 11 13 2180
3 7 11 15 1160
3 11 11 9 762
3 11 11 13 2098
3 11 11 15 4022
3 7 12 8 5538
3 7 12 10 3812
3 7 12 14 5042
3 11 12 8 1914
3 11 12 10 6554
3 11 12 14 6118
3 7 13 9 1114
3 7 13 11 316
3 7 13 15 3928
3 11 13 9 20
3 11 13 11 2844
3 11 13 15 3364
3 7 14 8 3996
3 7 14 10 4478
3 7 14 12 3548
3 11 14 8 3364
3 11 14 10 1514
3 11 14 12 5568
3 7 15 9 3368
3 7 15 11 4034
3 7 15 13 4358
3 11 15 9 4398
3 11 15 11 976
3 11 15 13 1604
4 6 0 2 5422
4 6 0 4 666
4 6 0 6 1780
4 12 0 2 2302
4 12 0 4 7104
4 12 0 6 2602
4 6 1 3 2656
4 6 1 5 3044
4 6 1 7 7596
4 12 1 3 5826
4 12 1 5 3228
4 12 1 7 280
4 6 2 0 592
4 6 2 4 6390
4 6 2 6 7376
4 12 2 0 4618
4 12 2 4 6454
4 12 2 6 2814
4 6 3 1 2128
4 6 3 5 682
4 6 3 7 10986
4 12 3 1 10266
4 12 3 5 2610
4 12 3 7 62
4 6 4 0 4912
4 6 4 2 3806
4 6 4 6 3330
4 12 4 0 1168
4 12 4 2 2098
4 12 4 6 1082
4 6 5 1 4120
4 6 5 3 2096
4 6 5 7 9400
4 12 5 1 3014
4 12 5 3 4130
4 12 5 7 10466
4 6 6 0 694
4 6 6 2 3198
4 6 6 4 1424
4 12 6 0 642
4 12 6 2 6162
4 12 6 4 1162
4 6 7 1 2676
4 6 7 3 7250
4 6 7 5 1182
4 12 7 1 1270
4 12 7 3 4418
4 12 7 5 88
4 6 8 10 4108
4 6 8 12 1116
4 6 8 14 1750
4 12 8 10 1316
4 12 8 12 3316
4 12 8 14 5478
4 6 9 11 3314
4 6 9 13 6986
4 6 9 15 1980
4 12 9 11 1660
4 12 9 13 9946
4 12 9 15 6766
4 6 10 8 2158
4 6 10 12 4244
4 6 10 14 76
4 12 10 8 2362
4 12 10 12 4126
4 12 10 14 1584
4 6 11 9 3112
4 6 11 13 2552
4 6 11 15 2334
4 12 11 9 3906
4 12 11 13 2166
4 12 11 15 4084
4 6 12 8 2294
4 6 12 10 3922
4 6 12 14 6016
4 12 12 8 3310
4 12 12 10 8108
4 12 12 14 7712
4 6 13 9 526
4 6 13 11 5526
4 6 13 15 6106
4 12 13 9 2506
4 12 13 11 2050
4 12 13 15 7666
4 6 14 8 804
4 6 14 10 838
4 6 14 12 5098
4 12 14 8 826
4 12 14 10 2306
4 12 14 12 5006
4 6 15 9 4010
4 6 15 11 6486
4 6 15 13 1738
4 12 15 9 6464
4 12 15 11 1630
4 12 15 13 2114
5 7 0 2 1090
5 7 0 4 7142
5 7 0 6 1076
5 13 0 2 3876
5 13 0 4 1128
5 13 0 6 4632
5 7 1 3 324
5 7 1 5 1332
5 7 1 7 4810
5 13 1 3 3026
5 13 1 5 2946
5 13 1 7 2736
5 7 2 0 2530
5 7 2 4 3304
5 7 2 6 814
5 13 2 0 1728
5 13 2 4 7090
5 13 2 6 360
5 7 3 1 728
5 7 3 5 680
5 7 3 7 250
5 13 3 1 5218
5 13 3 5 1272
5 13 3 7 930
5 7 4 0 3850
5 7 4 2 1626
5 7 4 6 5512
5 13 4 0 6818
5 13 4 2 4062
5 13 4 6 716
5 7 5 1 1058
5 7 5 3 1016
5 7 5 7 5186
5 13 5 1 7712
5 13 5 3 2402
5 13 5 7 5334
5 7 6 0 4416
5 7 6 2 1434
5 7 6 4 4550
5 13 6 0 3734
5 13 6 2 678
5 13 6 4 3350
5 7 7 1 2756
5 7 7 3 2876
5 7 7 5 8112
5 13 7 1 3390
5 13 7 3 2654
5 13 7 5 6094
5 7 8 10 4218
5 7 8 12 6396
5 7 8 14 7892
5 13 8 10 3734
5 13 8 12 8602
5 13 8 14 3422
5 7 9 11 3022
5 7 9 13 50
5 7 9 15 2932
5 13 9 11 5684
5 13 9 13 2802
5 13 9 15 10
5 7 10 8 2426
5 7 10 12 4270
5 7 10 14 6382
5 13 10 8 4102
5 13 10 12 3516
5 13 10 14 1288
5 7 11 9 5996
5 7 11 13 1994
5 7 11 15 4080
5 13 11 9 944
5 13 11 13 418
5 13 11 15 3114
5 7 12 8 5930
5 7 12 10 1000
5 7 12 14 322
5 13 12 8 1226
5 13 12 10 382
5 13 12 14 1334
5 7 13 9 1690
5 7 13 11 3824
5 7 13 15 502
5 13 13 9 9992
5 13 13 11 7682
5 13 13 15 6596
5 7 14 8 1672
5 7 14 10 1076
5 7 14 12 1116
5 13 14 8 5772
5 13 14 10 1032
5 13 14 12 1836
5 7 15 9 1924
5 7 15 11 7556
5 7 15 13 2264
5 13 15 9 5990
5 13 15 11 154
5 13 15 13 476
6 14 0 2 420
6 14 0 4 4580
6 14 0 6 1924
6 14 1 3 564
6 14 1 5 3884
6 14 1 7 6490
6 14 2 0 3390
6 14 2 4 4722
6 14 2 6 1506
6 14 3 1 3964
6 14 3 5 1672
6 14 3 7 9812
6 14 4 0 2066
6 14 4 2 4388
6 14 4 6 2674
6 14 5 1 2036
6 14 5 3 2020
6 14 5 7 7272
6 14 6 0 7142
6 14 6 2 4796
6 14 6 4 6574
6 14 7 1 2100
6 14 7 3 0
6 14 7 5 1528
6 14 8 10 718
6 14 8 12 320
6 14 8 14 3382
6 14 9 11 938
6 14 9 13 2798
6 14 9 15 4516
6 14 10 8 4430
6 14 10 12 2762
6 14 10 14 3494
6 14 11 9 5708
6 14 11 13 3158
6 14 11 15 1274
6 14 12 8 2388
6 14 12 10 2404
6 14 12 14 1938
6 14 13 9 1210
6 14 13 11 3762
6 14 13 15 3824
6 14 14 8 2252
6 14 14 10 2208
6 14 14 12 3748
6 14 15 9 874
6 14 15 11 2856
6 14 15 13 3226
7 15 0 2 6866
7 15 0 4 5974
7 15 0 6 1330
7 15 1 3 4510
7 15 1 5 4960
7 15 1 7 1906
7 15 2 0 1964
7 15 2 4 1722
7 15 2 6 1070
7 15 3 1 1870
7 15 3 5 282
7 15 3 7 816
7 15 4 0 14
7 15 4 2 4358
7 15 4 6 6840
7 15 5 1 8636
7 15 5 3 3120
7 15 5 7 2278
7 15 6 0 1576
7 15 6 2 1292
7 15 6 4 2974
7 15 7 1 4410
7 15 7 3 6026
7 15 7 5 3848
7 15 8 10 3548
7 15 8 12 1858
7 15 8 14 1942
7 15 9 11 10216
7 15 9 13 884
7 15 9 15 3570
7 15 10 8 4366
7 15 10 12 5308
7 15 10 14 4006
7 15 11 9 2596
7 15 11 13 262
7 15 11 15 2182
7 15 12 8 1338
7 15 12 10 5662
7 15 12 14 4
7 15 13 9 292
7 15 13 11 3390
7 15 13 15 6464
7 15 14 8 8956
7 15 14 10 4488
7 15 14 12 2568
7 15 15 9 6456
7 15 15 11 418
7 15 15 13 2696
8 10 0 2 2702
8 10 0 4 6902
8 10 0 6 5538
8 12 0 2 88
8 12 0 4 6386
8 12 0 6 3524
8 10 1 3 1062
8 10 1 5 180
8 10 1 7 3888
8 12 1 3 856
8 12 1 5 5190
8 12 1 7 1494
8 10 2 0 4832
8 10 2 4 5428
8 10 2 6 1442
8 12 2 0 6572
8 12 2 4 2284
8 12 2 6 6656
8 10 3 1 2302
8 10 3 5 3732
8 10 3 7 7040
8 12 3 1 2182
8 12 3 5 90
8 12 3 7 3792
8 10 4 0 5338
8 10 4 2 488
8 10 4 6 8016
8 12 4 0 1632
8 12 4 2 972
8 12 4 6 2784
8 10 5 1 3148
8 10 5 3 8646
8 10 5 7 4776
8 12 5 1 5824
8 12 5 3 3700
8 12 5 7 2292
8 10 6 0 3326
8 10 6 2 8606
8 10 6 4 356
8 12 6 0 7054
8 12 6 2 1054
8 12 6 4 1890
8 10 7 1 666
8 10 7 3 1470
8 10 7 5 9082
8 12 7 1 2314
8 12 7 3 5194
8 12 7 5 7538
8 10 8 10 1564
8 10 8 12 1828
8 10 8 14 1144
8 12 8 10 1356
8 12 8 12 3542
8 12 8 14 3604
8 10 9 11 9150
8 10 9 13 1444
8 10 9 15 7022
8 12 9 11 2588
8 12 9 13 408
8 12 9 15 3690
8 10 10 8 3696
8 10 10 12 96
8 10 10 14 3092
8 12 10 8 6440
8 12 10 12 162
8 12 10 14 3330
8 10 11 9 6292
8 10 11 13 10452
8 10 11 15 8224
8 12 11 9 1598
8 12 11 13 2774
8 12 11 15 648
8 10 12 8 2788
8 10 12 10 1690
8 10 12 14 66
8 12 12 8 2344
8 12 12 10 6048
8 12 12 14 572
8 10 13 9 1068
8 10 13 11 674
8 10 13 15 7202
8 12 13 9 2250
8 12 13 11 6144
8 12 13 15 1186
8 10 14 8 4936
8 10 14 10 436
8 10 14 12 2150
8 12 14 8 3802
8 12 14 10 1990
8 12 14 12 3318
8 10 15 9 1772
8 10 15 11 476
8 10 15 13 1312
8 12 15 9 2448
8 12 15 11 4956
8 12 15 13 874
9 11 0 2 4392
9 11 0 4 4844
9 11 0 6 1146
9 13 0 2 1712
9 13 0 4 5832
9 13 0 6 1158
9 11 1 3 1760
9 11 1 5 1300
9 11 1 7 4912
9 13 1 3 2764
9 13 1 5 7082
9 13 1 7 2214
9 11 2 0 3260
9 11 2 4 2320
9 11 2 6 1492
9 13 2 0 1530
9 13 2 4 2650
9 13 2 6 5012
9 11 3 1 3878
9 11 3 5 3218
9 11 3 7 1232
9 13 3 1 278
9 13 3 5 4106
9 13 3 7 3584
9 11 4 0 5278
9 11 4 2 664
9 11 4 6 300
9 13 4 0 5472
9 13 4 2 474
9 13 4 6 1520
9 11 5 1 2598
9 11 5 3 1948
9 11 5 7 9150
9 13 5 1 5470
9 13 5 3 1882
9 13 5 7 2858
9 11 6 0 2022
9 11 6 2 2100
9 11 6 4 5034
9 13 6 0 4324
9 13 6 2 38
9 13 6 4 7628
9 11 7 1 2212
9 11 7 3 4598
9 11 7 5 1914
9 13 7 1 74
9 13 7 3 3386
9 13 7 5 6788
9 11 8 10 4296
9 11 8 12 3748
9 11 8 14 4114
9 13 8 10 2470
9 13 8 12 3100
9 13 8 14 3572
9 11 9 11 608
9 11 9 13 4378
9 11 9 15 7976
9 13 9 11 6318
9 13 9 13 1420
9 13 9 15 2788
9 11 10 8 1888
9 11 10 12 6576
9 11 10 14 1438
9 13 10 8 4452
9 13 10 12 2864
9 13 10 14 1254
9 11 11 9 3566
9 11 11 13 1036
9 11 11 15 2306
9 13 11 9 418
9 13 11 13 4208
9 13 11 15 968
9 11 12 8 5048
9 11 12 10 174
9 11 12 14 842
9 13 12 8 856
9 13 12 10 480
9 13 12 14 3454
9 11 13 9 162
9 11 13 11 2482
9 11 13 15 4264
9 13 13 9 2296
9 13 13 11 2240
9 13 13 15 922
9 11 14 8 3370
9 11 14 10 2038
9 11 14 12 1484
9 13 14 8 3630
9 13 14 10 2314
9 13 14 12 3924
9 11 15 9 558
9 11 15 11 5230
9 11 15 13 2878
9 13 15 9 832
9 13 15 11 138
9 13 15 13 714
10 14 0 2 7302
10 14 0 4 2614
10 14 0 6 2402
10 14 1 3 168
10 14 1 5 2884
10 14 1 7 2450
10 14 2 0 4570
10 14 2 4 298
10 14 2 6 3246
10 14 3 1 2528
10 14 3 5 2930
10 14 3 7 1626
10 14 4 0 4002
10 14 4 2 2046
10 14 4 6 8390
10 14 5 1 4110
10 14 5 3 4738
10 14 5 7 2274
10 14 6 0 5624
10 14 6 2 4672
10 14 6 4 1584
10 14 7 1 1262
10 14 7 3 286
10 14 7 5 4150
10 14 8 10 1268
10 14 8 12 5134
10 14 8 14 1532
10 14 9 11 1140
10 14 9 13 5210
10 14 9 15 5014
10 14 10 8 2594
10 14 10 12 1156
10 14 10 14 44
10 14 11 9 4756
10 14 11 13 1770
10 14 11 15 1486
10 14 12 8 10334
10 14 12 10 2012
10 14 12 14 2280
10 14 13 9 8348
10 14 13 11 2826
10 14 13 15 6250
10 14 14 8 826
10 14 14 10 7724
10 14 14 12 4554
10 14 15 9 5750
10 14 15 11 796
10 14 15 13 3396
11 15 0 2 2520
11 15 0 4 2594
11 15 0 6 2228
11 15 1 3 4846
11 15 1 5 2368
11 15 1 7 7058
11 15 2 0 7638
11 15 2 4 2760
11 15 2 6 8068
11 15 3 1 2610
11 15 3 5 3162
11 15 3 7 2880
11 15 4 0 268
11 15 4 2 5188
11 15 4 6 922
11 15 5 1 1818
11 15 5 3 4732
11 15 5 7 512
11 15 6 0 130
11 15 6 2 5164
11 15 6 4 2668
11 15 7 1 380
11 15 7 3 6600
11 15 7 5 544
11 15 8 10 144
11 15 8 12 9000
11 15 8 14 1330
11 15 9 11 6632
11 15 9 13 6270
11 15 9 15 2068
11 15 10 8 6236
11 15 10 12 3012
11 15 10 14 1630
11 15 11 9 3870
11 15 11 13 5646
11 15 11 15 3178
11 15 12 8 2904
11 15 12 10 1546
11 15 12 14 944
11 15 13 9 662
11 15 13 11 46
11 15 13 15 370
11 15 14 8 1478
11 15 14 10 1888
11 15 14 12 3544
11 15 15 9 1240
11 15 15 11 1300
11 15 15 13 2546
12 14 0 2 4788
12 14 0 4 628
12 14 0 6 3854
12 14 1 3 3336
12 14 1 5 4772
12 14 1 7 6710
12 14 2 0 130
12 14 2 4 176
12 14 2 6 6918
12 14 3 1 1992
12 14 3 5 1018
12 14 3 7 3928
12 14 4 0 3044
12 14 4 2 760
12 14 4 6 4034
12 14 5 1 6088
12 14 5 3 118
12 14 5 7 2354
12 14 6 0 1078
12 14 6 2 6882
12 14 6 4 70
12 14 7 1 230
12 14 7 3 7180
12 14 7 5 4034
12 14 8 10 752
12 14 8 12 870
12 14 8 14 9518
12 14 9 11 2966
12 14 9 13 1316
12 14 9 15 5592
12 14 10 8 5376
12 14 10 12 4284
12 14 10 14 4346
12 14 11 9 6792
12 14 11 13 3006
12 14 11 15 5592
12 14 12 8 3996
12 14 12 10 1584
12 14 12 14 560
12 14 13 9 2996
12 14 13 11 3338
12 14 13 15 3082
12 14 14 8 738
12 14 14 10 4098
12 14 14 12 3362
12 14 15 9 1110
12 14 15 11 8362
12 14 15 13 2240
13 15 0 2 1106
13 15 0 4 2450
13 15 0 6 4038
13 15 1 3 3246
13 15 1 5 12
13 15 1 7 4508
13 15 2 0 5036
13 15 2 4 4054
13 15 2 6 3086
13 15 3 1 3282
13 15 3 5 1316
13 15 3 7 582
13 15 4 0 6396
13 15 4 2 2968
13 15 4 6 2740
13 15 5 1 1554
13 15 5 3 300
13 15 5 7 3952
13 15 6 0 2874
13 15 6 2 4504
13 15 6 4 6626
13 15 7 1 730
13 15 7 3 2458
13 15 7 5 460
13 15 8 10 1692
13 15 8 12 274
13 15 8 14 7540
13 15 9 11 4410
13 15 9 13 2316
13 15 9 15 1304
13 15 10 8 1382
13 15 10 12 788
13 15 10 14 5420
13 15 11 9 12042
13 15 11 13 5426
13 15 11 15 130
13 15 12 8 844
13 15 12 10 7118
13 15 12 14 6120
13 15 13 9 6646
13 15 13 11 170
13 15 13 15 348
13 15 14 8 1584
13 15 14 10 4182
13 15 14 12 1730
13 15 15 9 2054
13 15 15 11 14
13 15 15 13 2290
