# KEY left=0xf2 right=0x50
# GOOD_PAIRS_BEGIN count=2
# GOOD_PAIR 0x02 0x86
# GOOD_PAIR 0x06 0x82
# GOOD_PAIRS_END
0 2 0 2 7306
0 2 0 4 3668
0 2 0 6 5094
0 4 0 2 3826
0 4 0 4 178
0 4 0 6 4562
0 8 0 2 3588
0 8 0 4 186
0 8 0 6 8174
0 2 1 3 510
0 2 1 5 1012
0 2 1 7 3768
0 4 1 3 1054
0 4 1 5 5876
0 4 1 7 3820
0 8 1 3 3728
0 8 1 5 824
0 8 1 7 1210
0 2 2 0 4434
0 2 2 4 254
0 2 2 6 4176
0 4 2 0 174
0 4 2 4 2694
0 4 2 6 3980
0 8 2 0 2952
0 8 2 4 3978
0 8 2 6 8718
0 2 3 1 534
0 2 3 5 6676
0 2 3 7 4692
0 4 3 1 2024
0 4 3 5 2878
0 4 3 7 574
0 8 3 1 176
0 8 3 5 100
0 8 3 7 3322
0 2 4 0 542
0 2 4 2 1132
0 2 4 6 3566
0 4 4 0 998
0 4 4 2 8070
0 4 4 6 4780
0 8 4 0 1638
0 8 4 2 728
0 8 4 6 3400
0 2 5 1 4646
0 2 5 3 2332
0 2 5 7 3712
0 4 5 1 4366
0 4 5 3 540
0 4 5 7 1174
0 8 5 1 5032
0 8 5 3 134
0 8 5 7 2746
0 2 6 0 196
0 2 6 2 2624
0 2 6 4 9598
0 4 6 0 6308
0 4 6 2 68
0 4 6 4 2974
0 8 6 0 1104
0 8 6 2 14550
0 8 6 4 2222
0 2 7 1 624
0 2 7 3 1780
0 2 7 5 8514
0 4 7 1 9984
0 4 7 3 2004
0 4 7 5 1208
0 8 7 1 1792
0 8 7 3 2982
0 8 7 5 1176
0 2 8 10 4140
0 2 8 12 1394
0 2 8 14 1952
0 4 8 10 3360
0 4 8 12 1662
0 4 8 14 1054
0 8 8 10 1472
0 8 8 12 3188
0 8 8 14 3836
0 2 9 11 106
0 2 9 13 4806
0 2 9 15 4882
0 4 9 11 2244
0 4 9 13 2860
0 4 9 15 4018
0 8 9 11 4368
0 8 9 13 3970
0 8 9 15 1326
0 2 10 8 2444
0 2 10 12 3632
0 2 10 14 2172
0 4 10 8 3534
0 4 10 12 12014
0 4 10 14 22
0 8 10 8 4352
0 8 10 12 1290
0 8 10 14 4120
0 2 11 9 12
0 2 11 13 6846
0 2 11 15 468
0 4 11 9 398
0 4 11 13 3150
0 4 11 15 1704
0 8 11 9 1430
0 8 11 13 6502
0 8 11 15 1606
0 2 12 8 2336
0 2 12 10 1592
0 2 12 14 3308
0 4 12 8 2634
0 4 12 10 6212
0 4 12 14 8242
0 8 12 8 1414
0 8 12 10 2822
0 8 12 14 1206
0 2 13 9 4590
0 2 13 11 1816
0 2 13 15 138
0 4 13 9 4002
0 4 13 11 5230
0 4 13 15 2706
0 8 13 9 4280
0 8 13 11 4878
0 8 13 15 4780
0 2 14 8 3762
0 2 14 10 9892
0 2 14 12 2356
0 4 14 8 1222
0 4 14 10 1632
0 4 14 12 3774
0 8 14 8 5466
0 8 14 10 124
0 8 14 12 90
0 2 15 9 2736
0 2 15 11 64
0 2 15 13 3294
0 4 15 9 228
0 4 15 11 6140
0 4 15 13 164
0 8 15 9 7900
0 8 15 11 2630
0 8 15 13 5064
1 3 0 2 2316
1 3 0 4 138
1 3 0 6 3238
1 5 0 2 2226
1 5 0 4 1322
1 5 0 6 486
1 9 0 2 7700
1 9 0 4 3824
1 9 0 6 2834
1 3 1 3 4006
1 3 1 5 896
1 3 1 7 3638
1 5 1 3 752
1 5 1 5 508
1 5 1 7 6030
1 9 1 3 424
1 9 1 5 3748
1 9 1 7 2684
1 3 2 0 2986
1 3 2 4 50
1 3 2 6 2390
1 5 2 0 3746
1 5 2 4 9170
1 5 2 6 6870
1 9 2 0 3922
1 9 2 4 294
1 9 2 6 2628
1 3 3 1 3366
1 3 3 5 904
1 3 3 7 1484
1 5 3 1 4238
1 5 3 5 5600
1 5 3 7 11118
1 9 3 1 5894
1 9 3 5 3834
1 9 3 7 3562
1 3 4 0 2458
1 3 4 2 9206
1 3 4 6 8384
1 5 4 0 8560
1 5 4 2 6734
1 5 4 6 4470
1 9 4 0 130
1 9 4 2 6184
1 9 4 6 3888
1 3 5 1 1004
1 3 5 3 3180
1 3 5 7 1018
1 5 5 1 1486
1 5 5 3 824
1 5 5 7 1338
1 9 5 1 864
1 9 5 3 5272
1 9 5 7 854
1 3 6 0 1238
1 3 6 2 11518
1 3 6 4 6072
1 5 6 0 930
1 5 6 2 3158
1 5 6 4 1688
1 9 6 0 202
1 9 6 2 5162
1 9 6 4 1230
1 3 7 1 4888
1 3 7 3 5286
1 3 7 5 2128
1 5 7 1 2596
1 5 7 3 4734
1 5 7 5 7626
1 9 7 1 3234
1 9 7 3 3472
1 9 7 5 8526
1 3 8 10 4380
1 3 8 12 2412
1 3 8 14 1802
1 5 8 10 456
1 5 8 12 102
1 5 8 14 2112
1 9 8 10 3968
1 9 8 12 1378
1 9 8 14 4300
1 3 9 11 6698
1 3 9 13 756
1 3 9 15 3280
1 5 9 11 1658
1 5 9 13 258
1 5 9 15 3016
1 9 9 11 7672
1 9 9 13 2418
1 9 9 15 1212
1 3 10 8 3452
1 3 10 12 4348
1 3 10 14 6724
1 5 10 8 9370
1 5 10 12 9374
1 5 10 14 1782
1 9 10 8 2950
1 9 10 12 7498
1 9 10 14 2146
1 3 11 9 6372
1 3 11 13 4676
1 3 11 15 1928
1 5 11 9 4038
1 5 11 13 532
1 5 11 15 4820
1 9 11 9 4004
1 9 11 13 7616
1 9 11 15 4708
1 3 12 8 5184
1 3 12 10 1876
1 3 12 14 2292
1 5 12 8 3150
1 5 12 10 2992
1 5 12 14 788
1 9 12 8 256
1 9 12 10 944
1 9 12 14 1716
1 3 13 9 308
1 3 13 11 1460
1 3 13 15 4530
1 5 13 9 3022
1 5 13 11 4374
1 5 13 15 920
1 9 13 9 6146
1 9 13 11 6704
1 9 13 15 2464
1 3 14 8 9372
1 3 14 10 800
1 3 14 12 4748
1 5 14 8 7944
1 5 14 10 5950
1 5 14 12 6004
1 9 14 8 726
1 9 14 10 2524
1 9 14 12 8406
1 3 15 9 5512
1 3 15 11 3960
1 3 15 13 924
1 5 15 9 34
1 5 15 11 5804
1 5 15 13 5418
1 9 15 9 1096
1 9 15 11 7336
1 9 15 13 1344
2 6 0 2 6340
2 6 0 4 328
2 6 0 6 4530
2 10 0 2 366
2 10 0 4 1846
2 10 0 6 5724
2 6 1 3 3866
2 6 1 5 4112
2 6 1 7 1954
2 10 1 3 7150
2 10 1 5 1648
2 10 1 7 5968
2 6 2 0 514
2 6 2 4 1530
2 6 2 6 1000
2 10 2 0 3304
2 10 2 4 708
2 10 2 6 9982
2 6 3 1 1560
2 6 3 5 4186
2 6 3 7 390
2 10 3 1 1178
2 10 3 5 1844
2 10 3 7 1482
2 6 4 0 3450
2 6 4 2 5504
2 6 4 6 1260
2 10 4 0 236
2 10 4 2 5190
2 10 4 6 1220
2 6 5 1 1452
2 6 5 3 418
2 6 5 7 2592
2 10 5 1 3166
2 10 5 3 472
2 10 5 7 9004
2 6 6 0 6998
2 6 6 2 6274
2 6 6 4 3664
2 10 6 0 2346
2 10 6 2 994
2 10 6 4 5124
2 6 7 1 2652
2 6 7 3 1566
2 6 7 5 4544
2 10 7 1 1046
2 10 7 3 414
2 10 7 5 1604
2 6 8 10 5282
2 6 8 12 2542
2 6 8 14 4928
2 10 8 10 638
2 10 8 12 1972
2 10 8 14 1442
2 6 9 11 6768
2 6 9 13 3460
2 6 9 15 338
2 10 9 11 3254
2 10 9 13 1912
2 10 9 15 6644
2 6 10 8 7608
2 6 10 12 3652
2 6 10 14 1636
2 10 10 8 5090
2 10 10 12 194
2 10 10 14 1754
2 6 11 9 1488
2 6 11 13 1224
2 6 11 15 5276
2 10 11 9 6494
2 10 11 13 3920
2 10 11 15 2338
2 6 12 8 2446
2 6 12 10 952
2 6 12 14 256
2 10 12 8 7020
2 10 12 10 2222
2 10 12 14 84
2 6 13 9 1726
2 6 13 11 5630
2 6 13 15 3580
2 10 13 9 2722
2 10 13 11 3706
2 10 13 15 4402
2 6 14 8 2662
2 6 14 10 1066
2 6 14 12 1736
2 10 14 8 558
2 10 14 10 4732
2 10 14 12 2926
2 6 15 9 10712
2 6 15 11 2916
2 6 15 13 1250
2 10 15 9 10504
2 10 15 11 4248
2 10 15 13 260
3 7 0 2 4204
3 7 0 4 24
3 7 0 6 1666
3 11 0 2 2592
3 11 0 4 716
3 11 0 6 4846
3 7 1 3 510
3 7 1 5 2006
3 7 1 7 942
3 11 1 3 1510
3 11 1 5 2184
3 11 1 7 2356
3 7 2 0 2604
3 7 2 4 5588
3 7 2 6 3148
3 11 2 0 1586
3 11 2 4 4170
3 11 2 6 2602
3 7 3 1 4976
3 7 3 5 9244
3 7 3 7 4666
3 11 3 1 442
3 11 3 5 988
3 11 3 7 596
3 7 4 0 4996
3 7 4 2 3080
3 7 4 6 5044
3 11 4 0 3450
3 11 4 2 3840
3 11 4 6 5122
3 7 5 1 1178
3 7 5 3 1778
3 7 5 7 320
3 11 5 1 3972
3 11 5 3 3610
3 11 5 7 4884
3 7 6 0 4260
3 7 6 2 3278
3 7 6 4 4180
3 11 6 0 8898
3 11 6 2 2132
3 11 6 4 2696
3 7 7 1 2470
3 7 7 3 8706
3 7 7 5 2558
3 11 7 1 7474
3 11 7 3 4682
3 11 7 5 10858
3 7 8 10 3702
3 7 8 12 1020
3 7 8 14 1106
3 11 8 10 2458
3 11 8 12 5528
3 11 8 14 4920
3 7 9 11 1922
3 7 9 13 1218
3 7 9 15 508
3 11 9 11 3520
3 11 9 13 2908
3 11 9 15 2624
3 7 10 8 736
3 7 10 12 3888
3 7 10 14 540
3 11 10 8 610
3 11 10 12 3484
3 11 10 14 3708
3 7 11 9 6166
3 7 11 13 7496
3 7 11 15 236
3 11 11 9 2178
3 11 11 13 272
3 11 11 15 732
3 7 12 8 5236
3 7 12 10 310
3 7 12 14 2236
3 11 12 8 8344
3 11 12 10 3612
3 11 12 14 540
3 7 13 9 492
3 7 13 11 3244
3 7 13 15 3644
3 11 13 9 4216
3 11 13 11 2706
3 11 13 15 5446
3 7 14 8 2976
3 7 14 10 4548
3 7 14 12 1972
3 11 14 8 338
3 11 14 10 60
3 11 14 12 1086
3 7 15 9 1836
3 7 15 11 1364
3 7 15 13 1572
3 11 15 9 3794
3 11 15 11 894
3 11 15 13 4412
4 6 0 2 4310
4 6 0 4 5832
4 6 0 6 2850
4 12 0 2 3668
4 12 0 4 5678
4 12 0 6 3326
4 6 1 3 760
4 6 1 5 1668
4 6 1 7 4194
4 12 1 3 1982
4 12 1 5 1952
4 12 1 7 2660
4 6 2 0 512
4 6 2 4 1124
4 6 2 6 2438
4 12 2 0 3766
4 12 2 4 1150
4 12 2 6 8170
4 6 3 1 8080
4 6 3 5 1184
4 6 3 7 8410
4 12 3 1 1172
4 12 3 5 1830
4 12 3 7 8632
4 6 4 0 906
4 6 4 2 2734
4 6 4 6 4484
4 12 4 0 758
4 12 4 2 6048
4 12 4 6 3768
4 6 5 1 866
4 6 5 3 1182
4 6 5 7 644
4 12 5 1 6114
4 12 5 3 3310
4 12 5 7 1388
4 6 6 0 4198
4 6 6 2 552
4 6 6 4 1202
4 12 6 0 174
4 12 6 2 416
4 12 6 4 406
4 6 7 1 2466
4 6 7 3 1776
4 6 7 5 2034
4 12 7 1 2904
4 12 7 3 2734
4 12 7 5 1728
4 6 8 10 1514
4 6 8 12 3112
4 6 8 14 6558
4 12 8 10 350
4 12 8 12 218
4 12 8 14 3542
4 6 9 11 2898
4 6 9 13 6282
4 6 9 15 5256
4 12 9 11 2166
4 12 9 13 3430
4 12 9 15 3478
4 6 10 8 1510
4 6 10 12 10264
4 6 10 14 1616
4 12 10 8 3136
4 12 10 12 5222
4 12 10 14 4716
4 6 11 9 7078
4 6 11 13 556
4 6 11 15 236
4 12 11 9 2290
4 12 11 13 4046
4 12 11 15 136
4 6 12 8 2856
4 6 12 10 704
4 6 12 14 4282
4 12 12 8 4834
4 12 12 10 5316
4 12 12 14 5416
4 6 13 9 1350
4 6 13 11 1118
4 6 13 15 1944
4 12 13 9 1786
4 12 13 11 3978
4 12 13 15 5512
4 6 14 8 408
4 6 14 10 1442
4 6 14 12 2624
4 12 14 8 390
4 12 14 10 8316
4 12 14 12 1878
4 6 15 9 332
4 6 15 11 4580
4 6 15 13 848
4 12 15 9 104
4 12 15 11 5470
4 12 15 13 8
5 7 0 2 2440
5 7 0 4 8016
5 7 0 6 7830
5 13 0 2 1522
5 13 0 4 2502
5 13 0 6 1886
5 7 1 3 7596
5 7 1 5 1164
5 7 1 7 7196
5 13 1 3 2302
5 13 1 5 6014
5 13 1 7 582
5 7 2 0 4656
5 7 2 4 1518
5 7 2 6 6094
5 13 2 0 3952
5 13 2 4 9244
5 13 2 6 1960
5 7 3 1 922
5 7 3 5 2772
5 7 3 7 1122
5 13 3 1 2526
5 13 3 5 12420
5 13 3 7 2638
5 7 4 0 4262
5 7 4 2 6214
5 7 4 6 12094
5 13 4 0 7816
5 13 4 2 4142
5 13 4 6 240
5 7 5 1 336
5 7 5 3 5152
5 7 5 7 3890
5 13 5 1 2352
5 13 5 3 852
5 13 5 7 4586
5 7 6 0 7514
5 7 6 2 5046
5 7 6 4 3934
5 13 6 0 6402
5 13 6 2 3642
5 13 6 4 1782
5 7 7 1 1510
5 7 7 3 5060
5 7 7 5 4792
5 13 7 1 8738
5 13 7 3 638
5 13 7 5 4806
5 7 8 10 368
5 7 8 12 4324
5 7 8 14 4000
5 13 8 10 2440
5 13 8 12 2420
5 13 8 14 5778
5 7 9 11 3540
5 7 9 13 1656
5 7 9 15 3180
5 13 9 11 10784
5 13 9 13 5420
5 13 9 15 1582
5 7 10 8 582
5 7 10 12 5216
5 7 10 14 5294
5 13 10 8 1070
5 13 10 12 230
5 13 10 14 4738
5 7 11 9 7150
5 7 11 13 3422
5 7 11 15 8690
5 13 11 9 1672
5 13 11 13 7174
5 13 11 15 2280
5 7 12 8 868
5 7 12 10 1384
5 7 12 14 6476
5 13 12 8 5896
5 13 12 10 1916
5 13 12 14 5560
5 7 13 9 2924
5 7 13 11 2960
5 7 13 15 10104
5 13 13 9 9598
5 13 13 11 4012
5 13 13 15 2330
5 7 14 8 1172
5 7 14 10 580
5 7 14 12 4890
5 13 14 8 3876
5 13 14 10 6192
5 13 14 12 1228
5 7 15 9 3434
5 7 15 11 3122
5 7 15 13 2110
5 13 15 9 2188
5 13 15 11 3278
5 13 15 13 1492
6 14 0 2 5560
6 14 0 4 246
6 14 0 6 3526
6 14 1 3 2436
6 14 1 5 3290
6 14 1 7 2092
6 14 2 0 4156
6 14 2 4 7808
6 14 2 6 1540
6 14 3 1 6468
6 14 3 5 6168
6 14 3 7 5374
6 14 4 0 2482
6 14 4 2 3790
6 14 4 6 3288
6 14 5 1 13148
6 14 5 3 742
6 14 5 7 4782
6 14 6 0 6660
6 14 6 2 4584
6 14 6 4 3004
6 14 7 1 5210
6 14 7 3 4280
6 14 7 5 6156
6 14 8 10 4336
6 14 8 12 1320
6 14 8 14 1848
6 14 9 11 4830
6 14 9 13 6282
6 14 9 15 3320
6 14 10 8 1378
6 14 10 12 546
6 14 10 14 1878
6 14 11 9 1712
6 14 11 13 918
6 14 11 15 3982
6 14 12 8 1968
6 14 12 10 5498
6 14 12 14 972
6 14 13 9 1202
6 14 13 11 316
6 14 13 15 876
6 14 14 8 3962
6 14 14 10 3136
6 14 14 12 286
6 14 15 9 334
6 14 15 11 2768
6 14 15 13 2692
7 15 0 2 1628
7 15 0 4 3952
7 15 0 6 354
7 15 1 3 1272
7 15 1 5 5686
7 15 1 7 3628
7 15 2 0 3764
7 15 2 4 4948
7 15 2 6 2176
7 15 3 1 5526
7 15 3 5 1466
7 15 3 7 7188
7 15 4 0 9036
7 15 4 2 4202
7 15 4 6 962
7 15 5 1 3064
7 15 5 3 8078
7 15 5 7 3036
7 15 6 0 1440
7 15 6 2 3650
7 15 6 4 1732
7 15 7 1 1916
7 15 7 3 6840
7 15 7 5 2092
7 15 8 10 8498
7 15 8 12 3312
7 15 8 14 1102
7 15 9 11 304
7 15 9 13 224
7 15 9 15 7778
7 15 10 8 3540
7 15 10 12 3574
7 15 10 14 4704
7 15 11 9 5952
7 15 11 13 3758
7 15 11 15 1792
7 15 12 8 1498
7 15 12 10 184
7 15 12 14 4634
7 15 13 9 4820
7 15 13 11 7962
7 15 13 15 1332
7 15 14 8 5972
7 15 14 10 1728
7 15 14 12 1178
7 15 15 9 1692
7 15 15 11 4916
7 15 15 13 3528
8 10 0 2 224
8 10 0 4 6742
8 10 0 6 3330
8 12 0 2 274
8 12 0 4 3164
8 12 0 6 612
8 10 1 3 6542
8 10 1 5 4086
8 10 1 7 3252
8 12 1 3 2210
8 12 1 5 1456
8 12 1 7 644
8 10 2 0 1888
8 10 2 4 856
8 10 2 6 3216
8 12 2 0 140
8 12 2 4 4044
8 12 2 6 8306
8 10 3 1 1612
8 10 3 5 8776
8 10 3 7 1576
8 12 3 1 4380
8 12 3 5 11254
8 12 3 7 3680
8 10 4 0 1062
8 10 4 2 6532
8 10 4 6 3024
8 12 4 0 10512
8 12 4 2 1928
8 12 4 6 7062
8 10 5 1 7238
8 10 5 3 7374
8 10 5 7 1448
8 12 5 1 3824
8 12 5 3 6988
8 12 5 7 2440
8 10 6 0 2578
8 10 6 2 3790
8 10 6 4 5074
8 12 6 0 340
8 12 6 2 5058
8 12 6 4 3274
8 10 7 1 10314
8 10 7 3 3404
8 10 7 5 874
8 12 7 1 1664
8 12 7 3 1970
8 12 7 5 3792
8 10 8 10 4594
8 10 8 12 120
8 10 8 14 582
8 12 8 10 4392
8 12 8 12 4572
8 12 8 14 4350
8 10 9 11 8336
8 10 9 13 4302
8 10 9 15 232
8 12 9 11 1296
8 12 9 13 1326
8 12 9 15 2402
8 10 10 8 768
8 10 10 12 632
8 10 10 14 1576
8 12 10 8 6154
8 12 10 12 8824
8 12 10 14 2224
8 10 11 9 3246
8 10 11 13 2292
8 10 11 15 7326
8 12 11 9 7274
8 12 11 13 7582
8 12 11 15 964
8 10 12 8 2004
8 10 12 10 2214
8 10 12 14 5840
8 12 12 8 1314
8 12 12 10 2924
8 12 12 14 5120
8 10 13 9 1380
8 10 13 11 1672
8 10 13 15 2332
8 12 13 9 4282
8 12 13 11 8546
8 12 13 15 1446
8 10 14 8 1936
8 10 14 10 3050
8 10 14 12 858
8 12 14 8 3114
8 12 14 10 5176
8 12 14 12 2824
8 10 15 9 324
8 10 15 11 642
8 10 15 13 4364
8 12 15 9 2738
8 12 15 11 1458
8 12 15 13 1000
9 11 0 2 2320
9 11 0 4 1258
9 11 0 6 1356
9 13 0 2 328
9 13 0 4 1872
9 13 0 6 1196
9 11 1 3 5490
9 11 1 5 2928
9 11 1 7 1252
9 13 1 3 1932
9 13 1 5 2438
9 13 1 7 2076
9 11 2 0 2524
9 11 2 4 7708
9 11 2 6 558
9 13 2 0 1520
9 13 2 4 6644
9 13 2 6 2816
9 11 3 1 7540
9 11 3 5 2642
9 11 3 7 3438
9 13 3 1 902
9 13 3 5 1438
9 13 3 7 2700
9 11 4 0 4088
9 11 4 2 2676
9 11 4 6 346
9 13 4 0 3280
9 13 4 2 9324
9 13 4 6 804
9 11 5 1 7764
9 11 5 3 166
9 11 5 7 224
9 13 5 1 4788
9 13 5 3 1972
9 13 5 7 1878
9 11 6 0 1098
9 11 6 2 2320
9 11 6 4 7534
9 13 6 0 3266
9 13 6 2 2906
9 13 6 4 8556
9 11 7 1 1812
9 11 7 3 904
9 11 7 5 2066
9 13 7 1 1420
9 13 7 3 3278
9 13 7 5 2460
9 11 8 10 2388
9 11 8 12 6172
9 11 8 14 2464
9 13 8 10 7794
9 13 8 12 2744
9 13 8 14 4310
9 11 9 11 3582
9 11 9 13 4892
9 11 9 15 3862
9 13 9 11 1906
9 13 9 13 950
9 13 9 15 5116
9 11 10 8 804
9 11 10 12 302
9 11 10 14 1702
9 13 10 8 2372
9 13 10 12 7396
9 13 10 14 4684
9 11 11 9 2460
9 11 11 13 3000
9 11 11 15 1732
9 13 11 9 2434
9 13 11 13 7362
9 13 11 15 168
9 11 12 8 1338
9 11 12 10 1384
9 11 12 14 1462
9 13 12 8 1950
9 13 12 10 5888
9 13 12 14 6460
9 11 13 9 1184
9 11 13 11 766
9 11 13 15 4244
9 13 13 9 178
9 13 13 11 4630
9 13 13 15 9174
9 11 14 8 436
9 11 14 10 4198
9 11 14 12 2034
9 13 14 8 774
9 13 14 10 340
9 13 14 12 966
9 11 15 9 5042
9 11 15 11 1440
9 11 15 13 4820
9 13 15 9 2336
9 13 15 11 1694
9 13 15 13 2804
10 14 0 2 4094
10 14 0 4 10846
10 14 0 6 2188
10 14 1 3 2486
10 14 1 5 2854
10 14 1 7 1736
10 14 2 0 2866
10 14 2 4 2360
10 14 2 6 4384
10 14 3 1 2706
10 14 3 5 2008
10 14 3 7 3796
10 14 4 0 3278
10 14 4 2 6028
10 14 4 6 2706
10 14 5 1 4886
10 14 5 3 1762
10 14 5 7 6872
10 14 6 0 1060
10 14 6 2 2604
10 14 6 4 142
10 14 7 1 1804
10 14 7 3 4704
10 14 7 5 930
10 14 8 10 5048
10 14 8 12 1086
10 14 8 14 7574
10 14 9 11 1526
10 14 9 13 2936
10 14 9 15 402
10 14 10 8 782
10 14 10 12 3246
10 14 10 14 2476
10 14 11 9 9380
10 14 11 13 3244
10 14 11 15 4954
10 14 12 8 1434
10 14 12 10 6430
10 14 12 14 8232
10 14 13 9 5306
10 14 13 11 6312
10 14 13 15 1452
10 14 14 8 5440
10 14 14 10 294
10 14 14 12 3358
10 14 15 9 2174
10 14 15 11 3878
10 14 15 13 556
11 15 0 2 990
11 15 0 4 2178
11 15 0 6 7914
11 15 1 3 2632
11 15 1 5 7410
11 15 1 7 3328
11 15 2 0 2944
11 15 2 4 9134
11 15 2 6 1698
11 15 3 1 386
11 15 3 5 1520
11 15 3 7 2096
11 15 4 0 840
11 15 4 2 1844
11 15 4 6 176
11 15 5 1 4390
11 15 5 3 6588
11 15 5 7 2958
11 15 6 0 1236
11 15 6 2 6248
11 15 6 4 6302
11 15 7 1 624
11 15 7 3 1568
11 15 7 5 1134
11 15 8 10 7748
11 15 8 12 1938
11 15 8 14 2222
11 15 9 11 34
11 15 9 13 4010
11 15 9 15 1788
11 15 10 8 2470
11 15 10 12 2240
11 15 10 14 662
11 15 11 9 3112
11 15 11 13 718
11 15 11 15 662
11 15 12 8 3142
11 15 12 10 6186
11 15 12 14 14
11 15 13 9 3302
11 15 13 11 20
11 15 13 15 796
11 15 14 8 6958
11 15 14 10 1458
11 15 14 12 9000
11 15 15 9 422
11 15 15 11 1730
11 15 15 13 4234
12 14 0 2 3248
12 14 0 4 1100
12 14 0 6 1294
12 14 1 3 5748
12 14 1 5 4304
12 14 1 7 2220
12 14 2 0 2320
12 14 2 4 630
12 14 2 6 1066
12 14 3 1 2176
12 14 3 5 1664
12 14 3 7 974
12 14 4 0 742
12 14 4 2 262
12 14 4 6 1220
12 14 5 1 38
12 14 5 3 11716
12 14 5 7 4678
12 14 6 0 8946
12 14 6 2 222
12 14 6 4 5450
12 14 7 1 2434
12 14 7 3 5532
12 14 7 5 1082
12 14 8 10 9286
12 14 8 12 4420
12 14 8 14 3550
12 14 9 11 1144
12 14 9 13 1754
12 14 9 15 2008
12 14 10 8 812
12 14 10 12 1970
12 14 10 14 26
12 14 11 9 6174
12 14 11 13 2286
12 14 11 15 628
12 14 12 8 5640
12 14 12 10 7092
12 14 12 14 6446
12 14 13 9 832
12 14 13 11 2286
12 14 13 15 714
12 14 14 8 2808
12 14 14 10 342
12 14 14 12 282
12 14 15 9 3722
12 14 15 11 1970
12 14 15 13 1004
13 15 0 2 334
13 15 0 4 414
13 15 0 6 3784
13 15 1 3 1902
13 15 1 5 4492
13 15 1 7 1358
13 15 2 0 1262
13 15 2 4 400
13 15 2 6 4996
13 15 3 1 454
13 15 3 5 2972
13 15 3 7 4666
13 15 4 0 8220
13 15 4 2 1920
13 15 4 6 1754
13 15 5 1 310
13 15 5 3 3872
13 15 5 7 318
13 15 6 0 8236
13 15 6 2 398
13 15 6 4 7416
13 15 7 1 8306
13 15 7 3 2754
13 15 7 5 4400
13 15 8 10 6254
13 15 8 12 12
13 15 8 14 296
13 15 9 11 3130
13 15 9 13 1002
13 15 9 15 2684
13 15 10 8 9096
13 15 10 12 2338
13 15 10 14 298
13 15 11 9 1992
13 15 11 13 5582
13 15 11 15 8720
13 15 12 8 3362
13 15 12 10 3314
13 15 12 14 5968
13 15 13 9 5918
13 15 13 11 2812
13 15 13 15 1130
13 15 14 8 684
13 15 14 10 7570
13 15 14 12 3294
13 15 15 9 2940
13 15 15 11 3206
13 15 15 13 1140
