# KEY left=0x72 right=0xdb
# GOOD_PAIRS_BEGIN count=2
# GOOD_PAIR 0x08 0x8a
# GOOD_PAIR 0x0a 0x88
# GOOD_PAIRS_END
0 2 0 2 394
0 2 0 4 4342
0 2 0 6 2744
0 4 0 2 2916
0 4 0 4 4322
0 4 0 6 466
0 8 0 2 4270
0 8 0 4 2142
0 8 0 6 1778
0 2 1 3 1028
0 2 1 5 3278
0 2 1 7 1530
0 4 1 3 406
0 4 1 5 1654
0 4 1 7 6616
0 8 1 3 1268
0 8 1 5 3094
0 8 1 7 488
0 2 2 0 394
0 2 2 4 3666
0 2 2 6 4452
0 4 2 0 3462
0 4 2 4 6218
0 4 2 6 4730
0 8 2 0 278
0 8 2 4 3252
0 8 2 6 1802
0 2 3 1 3504
0 2 3 5 142
0 2 3 7 5120
0 4 3 1 1372
0 4 3 5 3642
0 4 3 7 1604
0 8 3 1 11394
0 8 3 5 3234
0 8 3 7 1196
0 2 4 0 1208
0 2 4 2 2506
0 2 4 6 2712
0 4 4 0 8354
0 4 4 2 12
0 4 4 6 446
0 8 4 0 702
0 8 4 2 4178
0 8 4 6 3948
0 2 5 1 1764
0 2 5 3 2156
0 2 5 7 914
0 4 5 1 4104
0 4 5 3 1346
0 4 5 7 4170
0 8 5 1 3170
0 8 5 3 1756
0 8 5 7 1926
0 2 6 0 4284
0 2 6 2 2062
0 2 6 4 444
0 4 6 0 88
0 4 6 2 932
0 4 6 4 1738
0 8 6 0 5390
0 8 6 2 1888
0 8 6 4 838
0 2 7 1 1530
0 2 7 3 406
0 2 7 5 3482
0 4 7 1 2874
0 4 7 3 786
0 4 7 5 3302
0 8 7 1 3668
0 8 7 3 312
0 8 7 5 3018
0 2 8 10 2660
0 2 8 12 1264
0 2 8 14 4624
0 4 8 10 5634
0 4 8 12 2038
0 4 8 14 2476
0 8 8 10 8918
0 8 8 12 3112
0 8 8 14 3410
0 2 9 11 4920
0 2 9 13 10204
0 2 9 15 1356
0 4 9 11 5800
0 4 9 13 6192
0 4 9 15 10486
0 8 9 11 3408
0 8 9 13 2204
0 8 9 15 1926
0 2 10 8 4990
0 2 10 12 3394
0 2 10 14 2996
0 4 10 8 1840
0 4 10 12 4780
0 4 10 14 1668
0 8 10 8 5882
0 8 10 12 374
0 8 10 14 5742
0 2 11 9 6344
0 2 11 13 1134
0 2 11 15 38
0 4 11 9 4506
0 4 11 13 2696
0 4 11 15 2524
0 8 11 9 240
0 8 11 13 5310
0 8 11 15 2548
0 2 12 8 2492
0 2 12 10 2026
0 2 12 14 128
0 4 12 8 5650
0 4 12 10 5534
0 4 12 14 2688
0 8 12 8 2444
0 8 12 10 5470
0 8 12 14 4282
0 2 13 9 924
0 2 13 11 648
0 2 13 15 3472
0 4 13 9 1946
0 4 13 11 1696
0 4 13 15 2504
0 8 13 9 1926
0 8 13 11 6800
0 8 13 15 434
0 2 14 8 2620
0 2 14 10 162
0 2 14 12 9596
0 4 14 8 616
0 4 14 10 4010
0 4 14 12 210
0 8 14 8 3296
0 8 14 10 4358
0 8 14 12 4492
0 2 15 9 4046
0 2 15 11 3166
0 2 15 13 1024
0 4 15 9 5050
0 4 15 11 810
0 4 15 13 864
0 8 15 9 2836
0 8 15 11 410
0 8 15 13 2196
1 3 0 2 6076
1 3 0 4 5120
1 3 0 6 736
1 5 0 2 758
1 5 0 4 1634
1 5 0 6 7524
1 9 0 2 3082
1 9 0 4 4156
1 9 0 6 1884
1 3 1 3 5162
1 3 1 5 6632
1 3 1 7 5542
1 5 1 3 1808
1 5 1 5 2524
1 5 1 7 2708
1 9 1 3 7804
1 9 1 5 1572
1 9 1 7 344
1 3 2 0 1562
1 3 2 4 5270
1 3 2 6 782
1 5 2 0 5620
1 5 2 4 11336
1 5 2 6 314
1 9 2 0 6876
1 9 2 4 3830
1 9 2 6 5860
1 3 3 1 5950
1 3 3 5 1610
1 3 3 7 1784
1 5 3 1 4658
1 5 3 5 2312
1 5 3 7 6960
1 9 3 1 4124
1 9 3 5 6868
1 9 3 7 690
1 3 4 0 2308
1 3 4 2 4226
1 3 4 6 404
1 5 4 0 7004
1 5 4 2 2570
1 5 4 6 3054
1 9 4 0 5300
1 9 4 2 7722
1 9 4 6 7024
1 3 5 1 2648
1 3 5 3 4366
1 3 5 7 1620
1 5 5 1 1912
1 5 5 3 752
1 5 5 7 3610
1 9 5 1 476
1 9 5 3 288
1 9 5 7 2046
1 3 6 0 1432
1 3 6 2 10780
1 3 6 4 8518
1 5 6 0 4554
1 5 6 2 1762
1 5 6 4 1376
1 9 6 0 1478
1 9 6 2 510
1 9 6 4 2904
1 3 7 1 32
1 3 7 3 5888
1 3 7 5 674
1 5 7 1 396
1 5 7 3 4516
1 5 7 5 602
1 9 7 1 2976
1 9 7 3 32
1 9 7 5 3592
1 3 8 10 1254
1 3 8 12 5950
1 3 8 14 6190
1 5 8 10 1370
1 5 8 12 5844
1 5 8 14 4474
1 9 8 10 340
1 9 8 12 7344
1 9 8 14 1902
1 3 9 11 3912
1 3 9 13 654
1 3 9 15 4698
1 5 9 11 5496
1 5 9 13 1816
1 5 9 15 1988
1 9 9 11 1550
1 9 9 13 626
1 9 9 15 1032
1 3 10 8 5074
1 3 10 12 2076
1 3 10 14 3496
1 5 10 8 924
1 5 10 12 128
1 5 10 14 6236
1 9 10 8 6032
1 9 10 12 872
1 9 10 14 1964
1 3 11 9 1336
1 3 11 13 804
1 3 11 15 1124
1 5 11 9 366
1 5 11 13 832
1 5 11 15 3670
1 9 11 9 10110
1 9 11 13 3080
1 9 11 15 6530
1 3 12 8 2802
1 3 12 10 2460
1 3 12 14 3754
1 5 12 8 738
1 5 12 10 604
1 5 12 14 3972
1 9 12 8 3986
1 9 12 10 2032
1 9 12 14 906
1 3 13 9 2122
1 3 13 11 2270
1 3 13 15 6218
1 5 13 9 5008
1 5 13 11 4152
1 5 13 15 2082
1 9 13 9 2432
1 9 13 11 3218
1 9 13 15 990
1 3 14 8 2588
1 3 14 10 4950
1 3 14 12 3784
1 5 14 8 2050
1 5 14 10 1034
1 5 14 12 6424
1 9 14 8 3142
1 9 14 10 4876
1 9 14 12 6924
1 3 15 9 628
1 3 15 11 938
1 3 15 13 464
1 5 15 9 4280
1 5 15 11 5832
1 5 15 13 3334
1 9 15 9 334
1 9 15 11 7384
1 9 15 13 4170
2 6 0 2 1018
2 6 0 4 838
2 6 0 6 634
2 10 0 2 1160
2 10 0 4 744
2 10 0 6 1694
2 6 1 3 1984
2 6 1 5 672
2 6 1 7 3396
2 10 1 3 3734
2 10 1 5 5764
2 10 1 7 1736
2 6 2 0 3540
2 6 2 4 4122
2 6 2 6 4030
2 10 2 0 358
2 10 2 4 4072
2 10 2 6 3358
2 6 3 1 1690
2 6 3 5 4960
2 6 3 7 3960
2 10 3 1 11888
2 10 3 5 184
2 10 3 7 306
2 6 4 0 356
2 6 4 2 3828
2 6 4 6 3200
2 10 4 0 5062
2 10 4 2 1364
2 10 4 6 4980
2 6 5 1 5076
2 6 5 3 1054
2 6 5 7 4944
2 10 5 1 5828
2 10 5 3 7498
2 10 5 7 180
2 6 6 0 3974
2 6 6 2 1930
2 6 6 4 3862
2 10 6 0 516
2 10 6 2 2176
2 10 6 4 6116
2 6 7 1 3178
2 6 7 3 556
2 6 7 5 2186
2 10 7 1 4110
2 10 7 3 520
2 10 7 5 5438
2 6 8 10 1058
2 6 8 12 310
2 6 8 14 4658
2 10 8 10 636
2 10 8 12 1292
2 10 8 14 5198
2 6 9 11 2728
2 6 9 13 64
2 6 9 15 242
2 10 9 11 11012
2 10 9 13 2122
2 10 9 15 7488
2 6 10 8 2592
2 6 10 12 3608
2 6 10 14 3972
2 10 10 8 580
2 10 10 12 3576
2 10 10 14 4442
2 6 11 9 6032
2 6 11 13 4008
2 6 11 15 2270
2 10 11 9 932
2 10 11 13 7872
2 10 11 15 2314
2 6 12 8 1528
2 6 12 10 3008
2 6 12 14 5158
2 10 12 8 7634
2 10 12 10 6120
2 10 12 14 3018
2 6 13 9 426
2 6 13 11 7252
2 6 13 15 3420
2 10 13 9 4716
2 10 13 11 2370
2 10 13 15 8036
2 6 14 8 3676
2 6 14 10 1678
2 6 14 12 472
2 10 14 8 2330
2 10 14 10 8614
2 10 14 12 2148
2 6 15 9 4262
2 6 15 11 3288
2 6 15 13 1886
2 10 15 9 1052
2 10 15 11 1220
2 10 15 13 5336
3 7 0 2 6578
3 7 0 4 6014
3 7 0 6 4100
3 11 0 2 786
3 11 0 4 4414
3 11 0 6 722
3 7 1 3 1504
3 7 1 5 9942
3 7 1 7 4560
3 11 1 3 6014
3 11 1 5 16
3 11 1 7 5986
3 7 2 0 1060
3 7 2 4 648
3 7 2 6 4838
3 11 2 0 236
3 11 2 4 2798
3 11 2 6 270
3 7 3 1 6116
3 7 3 5 9004
3 7 3 7 1420
3 11 3 1 1420
3 11 3 5 5938
3 11 3 7 3410
3 7 4 0 8026
3 7 4 2 3824
3 7 4 6 5032
3 11 4 0 1592
3 11 4 2 48
3 11 4 6 1004
3 7 5 1 1038
3 7 5 3 4172
3 7 5 7 4486
3 11 5 1 584
3 11 5 3 2538
3 11 5 7 4720
3 7 6 0 5576
3 7 6 2 1842
3 7 6 4 2466
3 11 6 0 1792
3 11 6 2 6814
3 11 6 4 2516
3 7 7 1 3920
3 7 7 3 2190
3 7 7 5 8146
3 11 7 1 2112
3 11 7 3 2124
3 11 7 5 5584
3 7 8 10 3392
3 7 8 12 564
3 7 8 14 3580
3 11 8 10 1702
3 11 8 12 4564
3 11 8 14 1452
3 7 9 11 1452
3 7 9 13 5148
3 7 9 15 8050
3 11 9 11 1736
3 11 9 13 1362
3 11 9 15 1080
3 7 10 8 184
3 7 10 12 404
3 7 10 14 5000
3 11 10 8 4132
3 11 10 12 7008
3 11 10 14 2366
3 7 11 9 7694
3 7 11 13 976
3 7 11 15 3752
3 11 11 9 1450
3 11 11 13 288
3 11 11 15 2802
3 7 12 8 842
3 7 12 10 9140
3 7 12 14 2012
3 11 12 8 2386
3 11 12 10 50
3 11 12 14 1750
3 7 13 9 3462
3 7 13 11 2948
3 7 13 15 2086
3 11 13 9 8092
3 11 13 11 4198
3 11 13 15 606
3 7 14 8 5716
3 7 14 10 1382
3 7 14 12 1762
3 11 14 8 144
3 11 14 10 5232
3 11 14 12 754
3 7 15 9 5382
3 7 15 11 1166
3 7 15 13 518
3 11 15 9 3354
3 11 15 11 3418
3 11 15 13 3856
4 6 0 2 3612
4 6 0 4 508
4 6 0 6 5352
4 12 0 2 4662
4 12 0 4 1668
4 12 0 6 1030
4 6 1 3 8850
4 6 1 5 268
4 6 1 7 4204
4 12 1 3 252
4 12 1 5 1390
4 12 1 7 82
4 6 2 0 3282
4 6 2 4 6138
4 6 2 6 9262
4 12 2 0 6030
4 12 2 4 1504
4 12 2 6 5506
4 6 3 1 78
4 6 3 5 2394
4 6 3 7 10966
4 12 3 1 328
4 12 3 5 1296
4 12 3 7 3948
4 6 4 0 3250
4 6 4 2 664
4 6 4 6 3442
4 12 4 0 1330
4 12 4 2 3942
4 12 4 6 2294
4 6 5 1 5258
4 6 5 3 6124
4 6 5 7 576
4 12 5 1 2992
4 12 5 3 2864
4 12 5 7 4982
4 6 6 0 1522
4 6 6 2 3784
4 6 6 4 4584
4 12 6 0 7462
4 12 6 2 2056
4 12 6 4 1518
4 6 7 1 2728
4 6 7 3 614
4 6 7 5 1192
4 12 7 1 218
4 12 7 3 32
4 12 7 5 1460
4 6 8 10 1304
4 6 8 12 1324
4 6 8 14 152
4 12 8 10 918
4 12 8 12 1108
4 12 8 14 66
4 6 9 11 880
4 6 9 13 946
4 6 9 15 8350
4 12 9 11 2400
4 12 9 13 3296
4 12 9 15 2856
4 6 10 8 1804
4 6 10 12 2052
4 6 10 14 8034
4 12 10 8 3558
4 12 10 12 4088
4 12 10 14 4430
4 6 11 9 5556
4 6 11 13 1084
4 6 11 15 5510
4 12 11 9 346
4 12 11 13 4236
4 12 11 15 1608
4 6 12 8 4166
4 6 12 10 4104
4 6 12 14 158
4 12 12 8 3180
4 12 12 10 166
4 12 12 14 3334
4 6 13 9 80
4 6 13 11 3186
4 6 13 15 6462
4 12 13 9 3196
4 12 13 11 2880
4 12 13 15 2798
4 6 14 8 6792
4 6 14 10 5470
4 6 14 12 5038
4 12 14 8 6384
4 12 14 10 1118
4 12 14 12 696
4 6 15 9 4408
4 6 15 11 6992
4 6 15 13 5928
4 12 15 9 9498
4 12 15 11 6036
4 12 15 13 1830
5 7 0 2 3220
5 7 0 4 4278
5 7 0 6 932
5 13 0 2 384
5 13 0 4 4782
5 13 0 6 6406
5 7 1 3 3450
5 7 1 5 6174
5 7 1 7 2290
5 13 1 3 830
5 13 1 5 2786
5 13 1 7 3252
5 7 2 0 5662
5 7 2 4 642
5 7 2 6 74
5 13 2 0 2512
5 13 2 4 3624
5 13 2 6 2816
5 7 3 1 3456
5 7 3 5 2072
5 7 3 7 2992
5 13 3 1 3056
5 13 3 5 5188
5 13 3 7 1202
5 7 4 0 2156
5 7 4 2 4278
5 7 4 6 2068
5 13 4 0 4034
5 13 4 2 3568
5 13 4 6 3296
5 7 5 1 2418
5 7 5 3 3656
5 7 5 7 3170
5 13 5 1 990
5 13 5 3 722
5 13 5 7 768
5 7 6 0 6886
5 7 6 2 436
5 7 6 4 3526
5 13 6 0 2012
5 13 6 2 450
5 13 6 4 746
5 7 7 1 2958
5 7 7 3 940
5 7 7 5 630
5 13 7 1 9072
5 13 7 3 4994
5 13 7 5 5936
5 7 8 10 218
5 7 8 12 696
5 7 8 14 330
5 13 8 10 4850
5 13 8 12 2704
5 13 8 14 4588
5 7 9 11 960
5 7 9 13 328
5 7 9 15 1110
5 13 9 11 3344
5 13 9 13 2026
5 13 9 15 2786
5 7 10 8 1158
5 7 10 12 8518
5 7 10 14 3376
5 13 10 8 1950
5 13 10 12 3120
5 13 10 14 1558
5 7 11 9 3560
5 7 11 13 4206
5 7 11 15 1512
5 13 11 9 1552
5 13 11 13 5110
5 13 11 15 1798
5 7 12 8 5596
5 7 12 10 4280
5 7 12 14 4560
5 13 12 8 106
5 13 12 10 4094
5 13 12 14 892
5 7 13 9 904
5 7 13 11 1454
5 7 13 15 4982
5 13 13 9 6840
5 13 13 11 1946
5 13 13 15 4156
5 7 14 8 2260
5 7 14 10 2390
5 7 14 12 490
5 13 14 8 1176
5 13 14 10 2830
5 13 14 12 7650
5 7 15 9 992
5 7 15 11 56
5 7 15 13 936
5 13 15 9 3090
5 13 15 11 7500
5 13 15 13 4100
6 14 0 2 2508
6 14 0 4 2278
6 14 0 6 5752
6 14 1 3 2530
6 14 1 5 5250
6 14 1 7 1882
6 14 2 0 3890
6 14 2 4 4168
6 14 2 6 3336
6 14 3 1 10748
6 14 3 5 4122
6 14 3 7 748
6 14 4 0 4186
6 14 4 2 6854
6 14 4 6 2774
6 14 5 1 652
6 14 5 3 1826
6 14 5 7 1624
6 14 6 0 2690
6 14 6 2 5908
6 14 6 4 3482
6 14 7 1 740
6 14 7 3 8692
6 14 7 5 954
6 14 8 10 3502
6 14 8 12 3192
6 14 8 14 5140
6 14 9 11 1254
6 14 9 13 9070
6 14 9 15 2564
6 14 10 8 2074
6 14 10 12 4240
6 14 10 14 28
6 14 11 9 3212
6 14 11 13 1978
6 14 11 15 3050
6 14 12 8 2636
6 14 12 10 136
6 14 12 14 3884
6 14 13 9 3728
6 14 13 11 5416
6 14 13 15 2636
6 14 14 8 3282
6 14 14 10 2036
6 14 14 12 1254
6 14 15 9 392
6 14 15 11 4152
6 14 15 13 3454
7 15 0 2 6022
7 15 0 4 8352
7 15 0 6 102
7 15 1 3 1568
7 15 1 5 42
7 15 1 7 1240
7 15 2 0 124
7 15 2 4 3432
7 15 2 6 1442
7 15 3 1 2804
7 15 3 5 1326
7 15 3 7 466
7 15 4 0 1264
7 15 4 2 992
7 15 4 6 3430
7 15 5 1 8616
7 15 5 3 5324
7 15 5 7 2148
7 15 6 0 7408
7 15 6 2 2302
7 15 6 4 5378
7 15 7 1 6918
7 15 7 3 6606
7 15 7 5 4198
7 15 8 10 1186
7 15 8 12 1588
7 15 8 14 1488
7 15 9 11 6918
7 15 9 13 7756
7 15 9 15 3834
7 15 10 8 4100
7 15 10 12 2150
7 15 10 14 6126
7 15 11 9 7050
7 15 11 13 2640
7 15 11 15 756
7 15 12 8 354
7 15 12 10 2322
7 15 12 14 6166
7 15 13 9 2884
7 15 13 11 6720
7 15 13 15 4624
7 15 14 8 3410
7 15 14 10 822
7 15 14 12 1112
7 15 15 9 4088
7 15 15 11 1730
7 15 15 13 4000
8 10 0 2 1072
8 10 0 4 4192
8 10 0 6 3210
8 12 0 2 1998
8 12 0 4 5122
8 12 0 6 3882
8 10 1 3 3852
8 10 1 5 7656
8 10 1 7 770
8 12 1 3 314
8 12 1 5 2380
8 12 1 7 1396
8 10 2 0 3498
8 10 2 4 926
8 10 2 6 1336
8 12 2 0 5170
8 12 2 4 5108
8 12 2 6 2830
8 10 3 1 2508
8 10 3 5 4338
8 10 3 7 770
8 12 3 1 1582
8 12 3 5 2522
8 12 3 7 5052
8 10 4 0 3074
8 10 4 2 5742
8 10 4 6 1956
8 12 4 0 2110
8 12 4 2 3748
8 12 4 6 5430
8 10 5 1 1584
8 10 5 3 5298
8 10 5 7 4934
8 12 5 1 1708
8 12 5 3 3892
8 12 5 7 6158
8 10 6 0 3392
8 10 6 2 2516
8 10 6 4 1084
8 12 6 0 5688
8 12 6 2 1382
8 12 6 4 6202
8 10 7 1 3714
8 10 7 3 736
8 10 7 5 1104
8 12 7 1 3548
8 12 7 3 8862
8 12 7 5 2642
8 10 8 10 1042
8 10 8 12 436
8 10 8 14 1370
8 12 8 10 962
8 12 8 12 1340
8 12 8 14 1124
8 10 9 11 3778
8 10 9 13 192
8 10 9 15 338
8 12 9 11 4116
8 12 9 13 892
8 12 9 15 3800
8 10 10 8 4242
8 10 10 12 3898
8 10 10 14 6474
8 12 10 8 4446
8 12 10 12 3794
8 12 10 14 720
8 10 11 9 8874
8 10 11 13 4318
8 10 11 15 762
8 12 11 9 1956
8 12 11 13 2896
8 12 11 15 2398
8 10 12 8 4932
8 10 12 10 2568
8 10 12 14 1746
8 12 12 8 650
8 12 12 10 2566
8 12 12 14 3948
8 10 13 9 7992
8 10 13 11 4652
8 10 13 15 8028
8 12 13 9 3152
8 12 13 11 1686
8 12 13 15 4724
8 10 14 8 1054
8 10 14 10 1842
8 10 14 12 938
8 12 14 8 2382
8 12 14 10 5692
8 12 14 12 3722
8 10 15 9 2600
8 10 15 11 706
8 10 15 13 1906
8 12 15 9 1112
8 12 15 11 5046
8 12 15 13 5544
9 11 0 2 6398
9 11 0 4 712
9 11 0 6 250
9 13 0 2 3292
9 13 0 4 4792
9 13 0 6 198
9 11 1 3 1026
9 11 1 5 240
9 11 1 7 8536
9 13 1 3 1472
9 13 1 5 5006
9 13 1 7 1666
9 11 2 0 4342
9 11 2 4 2568
9 11 2 6 1028
9 13 2 0 1010
9 13 2 4 4346
9 13 2 6 314
9 11 3 1 3362
9 11 3 5 3346
9 11 3 7 2910
9 13 3 1 1270
9 13 3 5 3908
9 13 3 7 4144
9 11 4 0 5490
9 11 4 2 96
9 11 4 6 1708
9 13 4 0 6094
9 13 4 2 6580
9 13 4 6 1632
9 11 5 1 2026
9 11 5 3 950
9 11 5 7 1520
9 13 5 1 5610
9 13 5 3 5172
9 13 5 7 5146
9 11 6 0 2182
9 11 6 2 3012
9 11 6 4 1420
9 13 6 0 3280
9 13 6 2 4004
9 13 6 4 3562
9 11 7 1 6064
9 11 7 3 5804
9 11 7 5 7584
9 13 7 1 4066
9 13 7 3 630
9 13 7 5 3644
9 11 8 10 4232
9 11 8 12 2596
9 11 8 14 7320
9 13 8 10 2046
9 13 8 12 1790
9 13 8 14 3844
9 11 9 11 3786
9 11 9 13 1996
9 11 9 15 4578
9 13 9 11 4166
9 13 9 13 4324
9 13 9 15 3632
9 11 10 8 6240
9 11 10 12 4748
9 11 10 14 176
9 13 10 8 7142
9 13 10 12 11156
9 13 10 14 360
9 11 11 9 3856
9 11 11 13 2092
9 11 11 15 4166
9 13 11 9 8976
9 13 11 13 2368
9 13 11 15 1232
9 11 12 8 7408
9 11 12 10 6616
9 11 12 14 1666
9 13 12 8 528
9 13 12 10 578
9 13 12 14 156
9 11 13 9 4712
9 11 13 11 3240
9 11 13 15 3258
9 13 13 9 3506
9 13 13 11 3822
9 13 13 15 248
9 11 14 8 2784
9 11 14 10 594
9 11 14 12 4506
9 13 14 8 3700
9 13 14 10 1428
9 13 14 12 5370
9 11 15 9 428
9 11 15 11 7660
9 11 15 13 1196
9 13 15 9 3452
9 13 15 11 1632
9 13 15 13 808
10 14 0 2 6856
10 14 0 4 590
10 14 0 6 4116
10 14 1 3 6356
10 14 1 5 5210
10 14 1 7 1844
10 14 2 0 2432
10 14 2 4 32
10 14 2 6 1610
10 14 3 1 4848
10 14 3 5 9664
10 14 3 7 336
10 14 4 0 1994
10 14 4 2 6454
10 14 4 6 40
10 14 5 1 2122
10 14 5 3 1376
10 14 5 7 214
10 14 6 0 2086
10 14 6 2 808
10 14 6 4 9584
10 14 7 1 2824
10 14 7 3 4286
10 14 7 5 2764
10 14 8 10 2040
10 14 8 12 270
10 14 8 14 558
10 14 9 11 754
10 14 9 13 5428
10 14 9 15 3802
10 14 10 8 4024
10 14 10 12 1902
10 14 10 14 4500
10 14 11 9 7178
10 14 11 13 820
10 14 11 15 960
10 14 12 8 7914
10 14 12 10 886
10 14 12 14 3528
10 14 13 9 3124
10 14 13 11 3838
10 14 13 15 9480
10 14 14 8 3096
10 14 14 10 1066
10 14 14 12 5730
10 14 15 9 7992
10 14 15 11 5880
10 14 15 13 1352
11 15 0 2 4002
11 15 0 4 278
11 15 0 6 3366
11 15 1 3 1998
11 15 1 5 2438
11 15 1 7 10
11 15 2 0 8372
11 15 2 4 764
11 15 2 6 3414
11 15 3 1 2074
11 15 3 5 658
11 15 3 7 10008
11 15 4 0 4310
11 15 4 2 1458
11 15 4 6 4100
11 15 5 1 140
11 15 5 3 5110
11 15 5 7 1790
11 15 6 0 1546
11 15 6 2 3032
11 15 6 4 3962
11 15 7 1 5080
11 15 7 3 4564
11 15 7 5 992
11 15 8 10 4192
11 15 8 12 5116
11 15 8 14 2082
11 15 9 11 3236
11 15 9 13 540
11 15 9 15 3172
11 15 10 8 8566
11 15 10 12 3330
11 15 10 14 184
11 15 11 9 1114
11 15 11 13 4476
11 15 11 15 7848
11 15 12 8 4144
11 15 12 10 4298
11 15 12 14 4978
11 15 13 9 2846
11 15 13 11 2110
11 15 13 15 6198
11 15 14 8 2308
11 15 14 10 3018
11 15 14 12 2434
11 15 15 9 6642
11 15 15 11 8460
11 15 15 13 3406
12 14 0 2 8668
12 14 0 4 2368
12 14 0 6 1336
12 14 1 3 298
12 14 1 5 3976
12 14 1 7 7576
12 14 2 0 7700
12 14 2 4 5166
12 14 2 6 610
12 14 3 1 812
12 14 3 5 5086
12 14 3 7 7342
12 14 4 0 3858
12 14 4 2 3664
12 14 4 6 4638
12 14 5 1 1352
12 14 5 3 6258
12 14 5 7 414
12 14 6 0 1970
12 14 6 2 3796
12 14 6 4 5808
12 14 7 1 1784
12 14 7 3 3000
12 14 7 5 2614
12 14 8 10 1994
12 14 8 12 4148
12 14 8 14 3206
12 14 9 11 2424
12 14 9 13 952
12 14 9 15 1162
12 14 10 8 1758
12 14 10 12 3054
12 14 10 14 124
12 14 11 9 1874
12 14 11 13 8
12 14 11 15 5748
12 14 12 8 466
12 14 12 10 3300
12 14 12 14 530
12 14 13 9 1842
12 14 13 11 7054
12 14 13 15 5730
12 14 14 8 8908
12 14 14 10 8222
12 14 14 12 3332
12 14 15 9 2310
12 14 15 11 1268
12 14 15 13 202
13 15 0 2 152
13 15 0 4 7204
13 15 0 6 1654
13 15 1 3 6546
13 15 1 5 262
13 15 1 7 1302
13 15 2 0 2282
13 15 2 4 404
13 15 2 6 3324
13 15 3 1 1662
13 15 3 5 164
13 15 3 7 2678
13 15 4 0 1700
13 15 4 2 2448
13 15 4 6 1234
13 15 5 1 2544
13 15 5 3 2150
13 15 5 7 4024
13 15 6 0 1094
13 15 6 2 4152
13 15 6 4 3016
13 15 7 1 3734
13 15 7 3 5644
13 15 7 5 3832
13 15 8 10 10094
13 15 8 12 9196
13 15 8 14 436
13 15 9 11 2610
13 15 9 13 4374
13 15 9 15 302
13 15 10 8 4440
13 15 10 12 122
13 15 10 14 4622
13 15 11 9 3540
13 15 11 13 4346
13 15 11 15 4646
13 15 12 8 4978
13 15 12 10 7332
13 15 12 14 6382
13 15 13 9 1544
13 15 13 11 2108
13 15 13 15 724
13 15 14 8 6750
13 15 14 10 2400
13 15 14 12 1774
13 15 15 9 4708
13 15 15 11 3406
13 15 15 13 1394
