# KEY left=0x2b right=0xd0
# GOOD_PAIRS_BEGIN count=2
# GOOD_PAIR 0xc1 0xe3
# GOOD_PAIR 0xc3 0xe1
# GOOD_PAIRS_END
0 2 0 2 2792
0 2 0 4 5124
0 2 0 6 3090
0 4 0 2 3214
0 4 0 4 3146
0 4 0 6 62
0 8 0 2 2220
0 8 0 4 3018
0 8 0 6 5428
0 2 1 3 2608
0 2 1 5 5658
0 2 1 7 7262
0 4 1 3 2732
0 4 1 5 6802
0 4 1 7 812
0 8 1 3 946
0 8 1 5 3558
0 8 1 7 6026
0 2 2 0 2912
0 2 2 4 2684
0 2 2 6 816
0 4 2 0 4144
0 4 2 4 1142
0 4 2 6 4020
0 8 2 0 5112
0 8 2 4 6684
0 8 2 6 596
0 2 3 1 2588
0 2 3 5 464
0 2 3 7 1838
0 4 3 1 3742
0 4 3 5 4344
0 4 3 7 2502
0 8 3 1 742
0 8 3 5 446
0 8 3 7 3736
0 2 4 0 830
0 2 4 2 5832
0 2 4 6 4844
0 4 4 0 2036
0 4 4 2 2394
0 4 4 6 4318
0 8 4 0 884
0 8 4 2 1292
0 8 4 6 4120
0 2 5 1 3402
0 2 5 3 2174
0 2 5 7 4896
0 4 5 1 6990
0 4 5 3 760
0 4 5 7 5222
0 8 5 1 6440
0 8 5 3 2572
0 8 5 7 1762
0 2 6 0 4704
0 2 6 2 4526
0 2 6 4 114
0 4 6 0 3688
0 4 6 2 1170
0 4 6 4 6518
0 8 6 0 3532
0 8 6 2 3188
0 8 6 4 3512
0 2 7 1 7702
0 2 7 3 5938
0 2 7 5 672
0 4 7 1 8862
0 4 7 3 148
0 4 7 5 258
0 8 7 1 5020
0 8 7 3 3136
0 8 7 5 8344
0 2 8 10 3844
0 2 8 12 6388
0 2 8 14 2498
0 4 8 10 3748
0 4 8 12 2844
0 4 8 14 3998
0 8 8 10 1190
0 8 8 12 1926
0 8 8 14 4
0 2 9 11 1874
0 2 9 13 11092
0 2 9 15 2452
0 4 9 11 140
0 4 9 13 2148
0 4 9 15 4508
0 8 9 11 5172
0 8 9 13 7722
0 8 9 15 3404
0 2 10 8 9962
0 2 10 12 1594
0 2 10 14 4198
0 4 10 8 3952
0 4 10 12 1938
0 4 10 14 3002
0 8 10 8 2518
0 8 10 12 5774
0 8 10 14 2214
0 2 11 9 5498
0 2 11 13 2874
0 2 11 15 2550
0 4 11 9 3538
0 4 11 13 2938
0 4 11 15 4592
0 8 11 9 1730
0 8 11 13 244
0 8 11 15 2996
0 2 12 8 1736
0 2 12 10 2116
0 2 12 14 278
0 4 12 8 16
0 4 12 10 8418
0 4 12 14 1686
0 8 12 8 1550
0 8 12 10 1194
0 8 12 14 3640
0 2 13 9 4658
0 2 13 11 362
0 2 13 15 2850
0 4 13 9 5668
0 4 13 11 9076
0 4 13 15 3010
0 8 13 9 14
0 8 13 11 7266
0 8 13 15 3020
0 2 14 8 5696
0 2 14 10 3910
0 2 14 12 2424
0 4 14 8 8756
0 4 14 10 4306
0 4 14 12 1612
0 8 14 8 278
0 8 14 10 6054
0 8 14 12 3462
0 2 15 9 10330
0 2 15 11 742
0 2 15 13 4074
0 4 15 9 4158
0 4 15 11 486
0 4 15 13 2450
0 8 15 9 834
0 8 15 11 5868
0 8 15 13 1488
1 3 0 2 238
1 3 0 4 4382
1 3 0 6 248
1 5 0 2 2552
1 5 0 4 2722
1 5 0 6 408
1 9 0 2 2986
1 9 0 4 7792
1 9 0 6 4896
1 3 1 3 4658
1 3 1 5 2342
1 3 1 7 2726
1 5 1 3 2306
1 5 1 5 5588
1 5 1 7 3234
1 9 1 3 2964
1 9 1 5 626
1 9 1 7 4332
1 3 2 0 2608
1 3 2 4 2582
1 3 2 6 172
1 5 2 0 4906
1 5 2 4 224
1 5 2 6 7494
1 9 2 0 7352
1 9 2 4 484
1 9 2 6 578
1 3 3 1 1858
1 3 3 5 1264
1 3 3 7 6842
1 5 3 1 914
1 5 3 5 2448
1 5 3 7 168
1 9 3 1 1672
1 9 3 5 4404
1 9 3 7 2698
1 3 4 0 1612
1 3 4 2 4646
1 3 4 6 3904
1 5 4 0 2336
1 5 4 2 1736
1 5 4 6 1628
1 9 4 0 5332
1 9 4 2 2386
1 9 4 6 296
1 3 5 1 5360
1 3 5 3 760
1 3 5 7 2974
1 5 5 1 320
1 5 5 3 3426
1 5 5 7 320
1 9 5 1 1364
1 9 5 3 1024
1 9 5 7 432
1 3 6 0 924
1 3 6 2 634
1 3 6 4 3126
1 5 6 0 1304
1 5 6 2 9460
1 5 6 4 6678
1 9 6 0 2036
1 9 6 2 2304
1 9 6 4 3640
1 3 7 1 4546
1 3 7 3 1748
1 3 7 5 3494
1 5 7 1 2974
1 5 7 3 1452
1 5 7 5 1124
1 9 7 1 802
1 9 7 3 8996
1 9 7 5 5476
1 3 8 10 7564
1 3 8 12 1116
1 3 8 14 6852
1 5 8 10 6330
1 5 8 12 5762
1 5 8 14 4390
1 9 8 10 6180
1 9 8 12 1338
1 9 8 14 8108
1 3 9 11 9080
1 3 9 13 1544
1 3 9 15 4968
1 5 9 11 4950
1 5 9 13 3738
1 5 9 15 3334
1 9 9 11 574
1 9 9 13 4232
1 9 9 15 1772
1 3 10 8 236
1 3 10 12 1758
1 3 10 14 182
1 5 10 8 2804
1 5 10 12 656
1 5 10 14 4482
1 9 10 8 3252
1 9 10 12 968
1 9 10 14 1314
1 3 11 9 2382
1 3 11 13 3524
1 3 11 15 3178
1 5 11 9 1238
1 5 11 13 5996
1 5 11 15 4658
1 9 11 9 1110
1 9 11 13 2064
1 9 11 15 4664
1 3 12 8 150
1 3 12 10 7166
1 3 12 14 1484
1 5 12 8 1056
1 5 12 10 10696
1 5 12 14 940
1 9 12 8 2028
1 9 12 10 4058
1 9 12 14 700
1 3 13 9 1350
1 3 13 11 1734
1 3 13 15 188
1 5 13 9 1610
1 5 13 11 4240
1 5 13 15 6198
1 9 13 9 2382
1 9 13 11 2040
1 9 13 15 3696
1 3 14 8 94
1 3 14 10 200
1 3 14 12 1334
1 5 14 8 1260
1 5 14 10 1678
1 5 14 12 3096
1 9 14 8 1714
1 9 14 10 78
1 9 14 12 224
1 3 15 9 168
1 3 15 11 1342
1 3 15 13 3308
1 5 15 9 1980
1 5 15 11 4774
1 5 15 13 2102
1 9 15 9 342
1 9 15 11 3714
1 9 15 13 2066
2 6 0 2 5050
2 6 0 4 5548
2 6 0 6 3014
2 10 0 2 2338
2 10 0 4 2468
2 10 0 6 2114
2 6 1 3 1570
2 6 1 5 8400
2 6 1 7 1044
2 10 1 3 1082
2 10 1 5 6732
2 10 1 7 1346
2 6 2 0 1412
2 6 2 4 6420
2 6 2 6 3168
2 10 2 0 3490
2 10 2 4 2912
2 10 2 6 3972
2 6 3 1 1014
2 6 3 5 3262
2 6 3 7 3548
2 10 3 1 1762
2 10 3 5 5936
2 10 3 7 460
2 6 4 0 1290
2 6 4 2 4518
2 6 4 6 2874
2 10 4 0 1720
2 10 4 2 402
2 10 4 6 3838
2 6 5 1 5908
2 6 5 3 2098
2 6 5 7 4902
2 10 5 1 6966
2 10 5 3 3608
2 10 5 7 696
2 6 6 0 6406
2 6 6 2 3744
2 6 6 4 3814
2 10 6 0 5780
2 10 6 2 1920
2 10 6 4 4078
2 6 7 1 74
2 6 7 3 4166
2 6 7 5 4776
2 10 7 1 3476
2 10 7 3 3014
2 10 7 5 2774
2 6 8 10 220
2 6 8 12 1962
2 6 8 14 2292
2 10 8 10 2516
2 10 8 12 164
2 10 8 14 7212
2 6 9 11 2880
2 6 9 13 4550
2 6 9 15 3938
2 10 9 11 3564
2 10 9 13 5718
2 10 9 15 1024
2 6 10 8 296
2 6 10 12 4594
2 6 10 14 3038
2 10 10 8 1000
2 10 10 12 1378
2 10 10 14 7142
2 6 11 9 4436
2 6 11 13 1184
2 6 11 15 2510
2 10 11 9 2930
2 10 11 13 3116
2 10 11 15 1996
2 6 12 8 3900
2 6 12 10 8082
2 6 12 14 6416
2 10 12 8 2618
2 10 12 10 6788
2 10 12 14 566
2 6 13 9 2516
2 6 13 11 3702
2 6 13 15 2900
2 10 13 9 6940
2 10 13 11 1712
2 10 13 15 7508
2 6 14 8 592
2 6 14 10 508
2 6 14 12 1220
2 10 14 8 318
2 10 14 10 1526
2 10 14 12 2914
2 6 15 9 8122
2 6 15 11 3184
2 6 15 13 1420
2 10 15 9 6144
2 10 15 11 9924
2 10 15 13 1952
3 7 0 2 6336
3 7 0 4 1068
3 7 0 6 8482
3 11 0 2 402
3 11 0 4 5496
3 11 0 6 2518
3 7 1 3 4030
3 7 1 5 38
3 7 1 7 1416
3 11 1 3 1336
3 11 1 5 1782
3 11 1 7 2210
3 7 2 0 6040
3 7 2 4 7620
3 7 2 6 7332
3 11 2 0 1226
3 11 2 4 5824
3 11 2 6 1516
3 7 3 1 2918
3 7 3 5 1100
3 7 3 7 350
3 11 3 1 2906
3 11 3 5 3462
3 11 3 7 6738
3 7 4 0 7674
3 7 4 2 2302
3 7 4 6 5444
3 11 4 0 6364
3 11 4 2 3612
3 11 4 6 426
3 7 5 1 1648
3 7 5 3 916
3 7 5 7 5974
3 11 5 1 5298
3 11 5 3 2762
3 11 5 7 6690
3 7 6 0 2344
3 7 6 2 6932
3 7 6 4 6270
3 11 6 0 1354
3 11 6 2 5274
3 11 6 4 2234
3 7 7 1 964
3 7 7 3 1956
3 7 7 5 5648
3 11 7 1 376
3 11 7 3 2484
3 11 7 5 2624
3 7 8 10 658
3 7 8 12 1054
3 7 8 14 3198
3 11 8 10 3550
3 11 8 12 7276
3 11 8 14 3254
3 7 9 11 2204
3 7 9 13 924
3 7 9 15 6006
3 11 9 11 2048
3 11 9 13 1522
3 11 9 15 4726
3 7 10 8 7856
3 7 10 12 1562
3 7 10 14 4396
3 11 10 8 3408
3 11 10 12 1404
3 11 10 14 5000
3 7 11 9 1914
3 7 11 13 1642
3 7 11 15 2568
3 11 11 9 928
3 11 11 13 1534
3 11 11 15 8376
3 7 12 8 1968
3 7 12 10 2588
3 7 12 14 1590
3 11 12 8 840
3 11 12 10 1172
3 11 12 14 3786
3 7 13 9 620
3 7 13 11 2262
3 7 13 15 1020
3 11 13 9 1028
3 11 13 11 8686
3 11 13 15 592
3 7 14 8 2614
3 7 14 10 3086
3 7 14 12 3956
3 11 14 8 700
3 11 14 10 3060
3 11 14 12 732
3 7 15 9 1240
3 7 15 11 3182
3 7 15 13 3336
3 11 15 9 3780
3 11 15 11 3606
3 11 15 13 11596
4 6 0 2 6024
4 6 0 4 786
4 6 0 6 2660
4 12 0 2 1596
4 12 0 4 1166
4 12 0 6 1572
4 6 1 3 6000
4 6 1 5 5102
4 6 1 7 4590
4 12 1 3 236
4 12 1 5 3424
4 12 1 7 3260
4 6 2 0 4216
4 6 2 4 5680
4 6 2 6 4010
4 12 2 0 7724
4 12 2 4 1716
4 12 2 6 1504
4 6 3 1 3714
4 6 3 5 8160
4 6 3 7 164
4 12 3 1 374
4 12 3 5 2164
4 12 3 7 7058
4 6 4 0 4790
4 6 4 2 2088
4 6 4 6 3282
4 12 4 0 1258
4 12 4 2 7012
4 12 4 6 1470
4 6 5 1 4062
4 6 5 3 11002
4 6 5 7 3636
4 12 5 1 744
4 12 5 3 9514
4 12 5 7 1238
4 6 6 0 8520
4 6 6 2 4012
4 6 6 4 3170
4 12 6 0 2402
4 12 6 2 2350
4 12 6 4 3020
4 6 7 1 8524
4 6 7 3 5086
4 6 7 5 862
4 12 7 1 2046
4 12 7 3 700
4 12 7 5 7062
4 6 8 10 3832
4 6 8 12 4904
4 6 8 14 3268
4 12 8 10 2058
4 12 8 12 696
4 12 8 14 2082
4 6 9 11 2900
4 6 9 13 5246
4 6 9 15 8402
4 12 9 11 604
4 12 9 13 9082
4 12 9 15 634
4 6 10 8 564
4 6 10 12 2156
4 6 10 14 6282
4 12 10 8 9718
4 12 10 12 8292
4 12 10 14 546
4 6 11 9 1034
4 6 11 13 1674
4 6 11 15 5868
4 12 11 9 7046
4 12 11 13 4564
4 12 11 15 2656
4 6 12 8 6588
4 6 12 10 2324
4 6 12 14 6332
4 12 12 8 1366
4 12 12 10 2578
4 12 12 14 5266
4 6 13 9 4116
4 6 13 11 1352
4 6 13 15 1536
4 12 13 9 3816
4 12 13 11 5880
4 12 13 15 5376
4 6 14 8 472
4 6 14 10 4654
4 6 14 12 1438
4 12 14 8 476
4 12 14 10 2298
4 12 14 12 3246
4 6 15 9 6028
4 6 15 11 4114
4 6 15 13 5240
4 12 15 9 6932
4 12 15 11 300
4 12 15 13 5702
5 7 0 2 636
5 7 0 4 1420
5 7 0 6 586
5 13 0 2 1324
5 13 0 4 1186
5 13 0 6 1084
5 7 1 3 1838
5 7 1 5 2120
5 7 1 7 5544
5 13 1 3 100
5 13 1 5 214
5 13 1 7 3058
5 7 2 0 8008
5 7 2 4 10418
5 7 2 6 6488
5 13 2 0 2952
5 13 2 4 3198
5 13 2 6 4418
5 7 3 1 1644
5 7 3 5 2462
5 7 3 7 2870
5 13 3 1 4260
5 13 3 5 1568
5 13 3 7 4506
5 7 4 0 7286
5 7 4 2 130
5 7 4 6 374
5 13 4 0 1510
5 13 4 2 5828
5 13 4 6 10480
5 7 5 1 4148
5 7 5 3 1702
5 7 5 7 658
5 13 5 1 1360
5 13 5 3 3108
5 13 5 7 84
5 7 6 0 4844
5 7 6 2 3172
5 7 6 4 8298
5 13 6 0 4510
5 13 6 2 4612
5 13 6 4 1064
5 7 7 1 2626
5 7 7 3 5890
5 7 7 5 2374
5 13 7 1 3320
5 13 7 3 1008
5 13 7 5 2496
5 7 8 10 3930
5 7 8 12 1048
5 7 8 14 3216
5 13 8 10 4128
5 13 8 12 9602
5 13 8 14 3176
5 7 9 11 6652
5 7 9 13 204
5 7 9 15 3064
5 13 9 11 4568
5 13 9 13 1302
5 13 9 15 728
5 7 10 8 6204
5 7 10 12 1952
5 7 10 14 7652
5 13 10 8 1936
5 13 10 12 682
5 13 10 14 1272
5 7 11 9 1674
5 7 11 13 3024
5 7 11 15 1434
5 13 11 9 810
5 13 11 13 4206
5 13 11 15 1426
5 7 12 8 2610
5 7 12 10 6794
5 7 12 14 3944
5 13 12 8 1930
5 13 12 10 814
5 13 12 14 9194
5 7 13 9 2726
5 7 13 11 804
5 7 13 15 1854
5 13 13 9 1650
5 13 13 11 444
5 13 13 15 5722
5 7 14 8 1284
5 7 14 10 2194
5 7 14 12 7214
5 13 14 8 8042
5 13 14 10 946
5 13 14 12 90
5 7 15 9 6252
5 7 15 11 3220
5 7 15 13 4924
5 13 15 9 222
5 13 15 11 1224
5 13 15 13 3638
6 14 0 2 9186
6 14 0 4 3330
6 14 0 6 1940
6 14 1 3 10
6 14 1 5 844
6 14 1 7 6860
6 14 2 0 5312
6 14 2 4 2182
6 14 2 6 4804
6 14 3 1 380
6 14 3 5 2172
6 14 3 7 326
6 14 4 0 3802
6 14 4 2 696
6 14 4 6 6176
6 14 5 1 1190
6 14 5 3 914
6 14 5 7 6150
6 14 6 0 4706
6 14 6 2 1388
6 14 6 4 1756
6 14 7 1 3222
6 14 7 3 962
6 14 7 5 5088
6 14 8 10 1688
6 14 8 12 652
6 14 8 14 9754
6 14 9 11 106
6 14 9 13 3776
6 14 9 15 2508
6 14 10 8 2682
6 14 10 12 5650
6 14 10 14 1688
6 14 11 9 4308
6 14 11 13 4344
6 14 11 15 58
6 14 12 8 6442
6 14 12 10 1424
6 14 12 14 3248
6 14 13 9 3552
6 14 13 11 1952
6 14 13 15 5992
6 14 14 8 4656
6 14 14 10 642
6 14 14 12 1002
6 14 15 9 1510
6 14 15 11 2704
6 14 15 13 3614
7 15 0 2 4596
7 15 0 4 1934
7 15 0 6 6916
7 15 1 3 2716
7 15 1 5 2102
7 15 1 7 3292
7 15 2 0 1000
7 15 2 4 5824
7 15 2 6 372
7 15 3 1 2642
7 15 3 5 2780
7 15 3 7 1738
7 15 4 0 3182
7 15 4 2 1200
7 15 4 6 2966
7 15 5 1 5418
7 15 5 3 1770
7 15 5 7 4270
7 15 6 0 250
7 15 6 2 2094
7 15 6 4 4514
7 15 7 1 2908
7 15 7 3 850
7 15 7 5 3634
7 15 8 10 1644
7 15 8 12 140
7 15 8 14 266
7 15 9 11 930
7 15 9 13 4530
7 15 9 15 3654
7 15 10 8 3976
7 15 10 12 536
7 15 10 14 34
7 15 11 9 346
7 15 11 13 4458
7 15 11 15 2710
7 15 12 8 558
7 15 12 10 1790
7 15 12 14 640
7 15 13 9 3544
7 15 13 11 222
7 15 13 15 1176
7 15 14 8 1812
7 15 14 10 194
7 15 14 12 2188
7 15 15 9 2110
7 15 15 11 3982
7 15 15 13 2718
8 10 0 2 3734
8 10 0 4 1704
8 10 0 6 2836
8 12 0 2 7338
8 12 0 4 4760
8 12 0 6 3686
8 10 1 3 4298
8 10 1 5 260
8 10 1 7 726
8 12 1 3 1676
8 12 1 5 7320
8 12 1 7 8416
8 10 2 0 1346
8 10 2 4 9718
8 10 2 6 728
8 12 2 0 44
8 12 2 4 3334
8 12 2 6 2418
8 10 3 1 5032
8 10 3 5 4742
8 10 3 7 2442
8 12 3 1 3358
8 12 3 5 5536
8 12 3 7 1914
8 10 4 0 2196
8 10 4 2 6474
8 10 4 6 830
8 12 4 0 4082
8 12 4 2 2002
8 12 4 6 5496
8 10 5 1 524
8 10 5 3 4416
8 10 5 7 420
8 12 5 1 508
8 12 5 3 4724
8 12 5 7 888
8 10 6 0 1038
8 10 6 2 636
8 10 6 4 528
8 12 6 0 804
8 12 6 2 5782
8 12 6 4 3570
8 10 7 1 4396
8 10 7 3 5082
8 10 7 5 8166
8 12 7 1 3818
8 12 7 3 4800
8 12 7 5 2436
8 10 8 10 1376
8 10 8 12 2088
8 10 8 14 70
8 12 8 10 382
8 12 8 12 5114
8 12 8 14 4842
8 10 9 11 7320
8 10 9 13 2664
8 10 9 15 3088
8 12 9 11 266
8 12 9 13 360
8 12 9 15 1460
8 10 10 8 2434
8 10 10 12 1406
8 10 10 14 3540
8 12 10 8 118
8 12 10 12 4990
8 12 10 14 6698
8 10 11 9 1218
8 10 11 13 3528
8 10 11 15 11498
8 12 11 9 3798
8 12 11 13 1714
8 12 11 15 2170
8 10 12 8 10082
8 10 12 10 2724
8 10 12 14 4900
8 12 12 8 3184
8 12 12 10 5060
8 12 12 14 4826
8 10 13 9 118
8 10 13 11 464
8 10 13 15 3158
8 12 13 9 5726
8 12 13 11 2880
8 12 13 15 5396
8 10 14 8 1006
8 10 14 10 2302
8 10 14 12 1012
8 12 14 8 3180
8 12 14 10 3912
8 12 14 12 1534
8 10 15 9 9464
8 10 15 11 1022
8 10 15 13 2434
8 12 15 9 5184
8 12 15 11 3238
8 12 15 13 1922
9 11 0 2 908
9 11 0 4 1470
9 11 0 6 8526
9 13 0 2 548
9 13 0 4 4268
9 13 0 6 4732
9 11 1 3 2382
9 11 1 5 2222
9 11 1 7 1732
9 13 1 3 6226
9 13 1 5 1740
9 13 1 7 6586
9 11 2 0 668
9 11 2 4 2988
9 11 2 6 6040
9 13 2 0 2098
9 13 2 4 7768
9 13 2 6 4442
9 11 3 1 4326
9 11 3 5 1420
9 11 3 7 50
9 13 3 1 7604
9 13 3 5 7902
9 13 3 7 2270
9 11 4 0 634
9 11 4 2 1428
9 11 4 6 4422
9 13 4 0 498
9 13 4 2 5946
9 13 4 6 1448
9 11 5 1 726
9 11 5 3 3720
9 11 5 7 1948
9 13 5 1 1328
9 13 5 3 6774
9 13 5 7 972
9 11 6 0 5334
9 11 6 2 4754
9 11 6 4 242
9 13 6 0 6662
9 13 6 2 3468
9 13 6 4 2080
9 11 7 1 446
9 11 7 3 2528
9 11 7 5 2340
9 13 7 1 5370
9 13 7 3 3096
9 13 7 5 974
9 11 8 10 1642
9 11 8 12 382
9 11 8 14 4666
9 13 8 10 9280
9 13 8 12 646
9 13 8 14 1672
9 11 9 11 4518
9 11 9 13 1402
9 11 9 15 908
9 13 9 11 6934
9 13 9 13 1536
9 13 9 15 30
9 11 10 8 2288
9 11 10 12 148
9 11 10 14 2936
9 13 10 8 966
9 13 10 12 300
9 13 10 14 3006
9 11 11 9 9466
9 11 11 13 1034
9 11 11 15 4524
9 13 11 9 806
9 13 11 13 1176
9 13 11 15 3212
9 11 12 8 3458
9 11 12 10 1786
9 11 12 14 4784
9 13 12 8 2576
9 13 12 10 6922
9 13 12 14 1588
9 11 13 9 6082
9 11 13 11 410
9 11 13 15 2872
9 13 13 9 914
9 13 13 11 2378
9 13 13 15 162
9 11 14 8 2432
9 11 14 10 6500
9 11 14 12 5262
9 13 14 8 380
9 13 14 10 2498
9 13 14 12 11130
9 11 15 9 334
9 11 15 11 2216
9 11 15 13 6106
9 13 15 9 1408
9 13 15 11 1430
9 13 15 13 3062
10 14 0 2 3676
10 14 0 4 720
10 14 0 6 5248
10 14 1 3 7746
10 14 1 5 3668
10 14 1 7 3706
10 14 2 0 12052
10 14 2 4 2296
10 14 2 6 4554
10 14 3 1 6936
10 14 3 5 3270
10 14 3 7 3566
10 14 4 0 1440
10 14 4 2 1070
10 14 4 6 98
10 14 5 1 3306
10 14 5 3 2122
10 14 5 7 728
10 14 6 0 14
10 14 6 2 9416
10 14 6 4 2696
10 14 7 1 1830
10 14 7 3 8950
10 14 7 5 6838
10 14 8 10 4526
10 14 8 12 7888
10 14 8 14 2080
10 14 9 11 2552
10 14 9 13 254
10 14 9 15 716
10 14 10 8 2002
10 14 10 12 4208
10 14 10 14 4442
10 14 11 9 1624
10 14 11 13 1254
10 14 11 15 2712
10 14 12 8 3136
10 14 12 10 5348
10 14 12 14 282
10 14 13 9 1030
10 14 13 11 1606
10 14 13 15 6784
10 14 14 8 6530
10 14 14 10 5880
10 14 14 12 874
10 14 15 9 642
10 14 15 11 5860
10 14 15 13 4506
11 15 0 2 7550
11 15 0 4 6160
11 15 0 6 2960
11 15 1 3 6168
11 15 1 5 5656
11 15 1 7 1056
11 15 2 0 3970
11 15 2 4 7404
11 15 2 6 2622
11 15 3 1 1092
11 15 3 5 1170
11 15 3 7 2502
11 15 4 0 126
11 15 4 2 916
11 15 4 6 2142
11 15 5 1 3738
11 15 5 3 1862
11 15 5 7 346
11 15 6 0 382
11 15 6 2 4660
11 15 6 4 1660
11 15 7 1 2450
11 15 7 3 3672
11 15 7 5 8
11 15 8 10 2832
11 15 8 12 5774
11 15 8 14 1708
11 15 9 11 1472
11 15 9 13 1740
11 15 9 15 3542
11 15 10 8 1494
11 15 10 12 8212
11 15 10 14 6230
11 15 11 9 2432
11 15 11 13 716
11 15 11 15 3274
11 15 12 8 172
11 15 12 10 9502
11 15 12 14 4690
11 15 13 9 926
11 15 13 11 4250
11 15 13 15 9490
11 15 14 8 1754
11 15 14 10 1206
11 15 14 12 992
11 15 15 9 1866
11 15 15 11 3150
11 15 15 13 3940
12 14 0 2 2440
12 14 0 4 528
12 14 0 6 7362
12 14 1 3 6962
12 14 1 5 2126
12 14 1 7 2120
12 14 2 0 9594
12 14 2 4 532
12 14 2 6 742
12 14 3 1 9120
12 14 3 5 7128
12 14 3 7 4852
12 14 4 0 2624
12 14 4 2 2686
12 14 4 6 3912
12 14 5 1 238
12 14 5 3 814
12 14 5 7 904
12 14 6 0 2492
12 14 6 2 1486
12 14 6 4 2048
12 14 7 1 3090
12 14 7 3 5034
12 14 7 5 1768
12 14 8 10 2432
12 14 8 12 1742
12 14 8 14 8696
12 14 9 11 330
12 14 9 13 3450
12 14 9 15 3010
12 14 10 8 2296
12 14 10 12 48
12 14 10 14 5868
12 14 11 9 4394
12 14 11 13 9546
12 14 11 15 954
12 14 12 8 2816
12 14 12 10 926
12 14 12 14 6730
12 14 13 9 3762
12 14 13 11 1152
12 14 13 15 1186
12 14 14 8 8086
12 14 14 10 554
12 14 14 12 682
12 14 15 9 2200
12 14 15 11 6162
12 14 15 13 1418
13 15 0 2 712
13 15 0 4 32
13 15 0 6 2652
13 15 1 3 1948
13 15 1 5 7104
13 15 1 7 3498
13 15 2 0 3992
13 15 2 4 896
13 15 2 6 8758
13 15 3 1 466
13 15 3 5 4048
13 15 3 7 910
13 15 4 0 2630
13 15 4 2 4934
13 15 4 6 4380
13 15 5 1 2252
13 15 5 3 5736
13 15 5 7 2826
13 15 6 0 1294
13 15 6 2 3010
13 15 6 4 6348
13 15 7 1 1346
13 15 7 3 190
13 15 7 5 3152
13 15 8 10 1100
13 15 8 12 9272
13 15 8 14 1792
13 15 9 11 4126
13 15 9 13 1622
13 15 9 15 5322
13 15 10 8 3628
13 15 10 12 3542
13 15 10 14 4906
13 15 11 9 550
13 15 11 13 3942
13 15 11 15 642
13 15 12 8 518
13 15 12 10 2614
13 15 12 14 2986
13 15 13 9 344
13 15 13 11 5836
13 15 13 15 4302
13 15 14 8 248
13 15 14 10 918
13 15 14 12 2336
13 15 15 9 1216
13 15 15 11 3130
13 15 15 13 688
