0 2 0 2 3060
0 2 0 4 3162
0 2 0 6 3278
0 4 0 2 140
0 4 0 4 1568
0 4 0 6 1878
0 8 0 2 1014
0 8 0 4 334
0 8 0 6 686
0 2 1 3 40
0 2 1 5 1248
0 2 1 7 1340
0 4 1 3 1204
0 4 1 5 1018
0 4 1 7 1310
0 8 1 3 76
0 8 1 5 2280
0 8 1 7 782
0 2 2 0 348
0 2 2 4 1966
0 2 2 6 3806
0 4 2 0 5306
0 4 2 4 3324
0 4 2 6 150
0 8 2 0 3810
0 8 2 4 3036
0 8 2 6 436
0 2 3 1 848
0 2 3 5 1876
0 2 3 7 2312
0 4 3 1 658
0 4 3 5 850
0 4 3 7 1976
0 8 3 1 3966
0 8 3 5 2602
0 8 3 7 2650
0 2 4 0 1854
0 2 4 2 3084
0 2 4 6 556
0 4 4 0 180
0 4 4 2 2968
0 4 4 6 360
0 8 4 0 264
0 8 4 2 1028
0 8 4 6 96
0 2 5 1 398
0 2 5 3 1804
0 2 5 7 3030
0 4 5 1 2650
0 4 5 3 3128
0 4 5 7 3338
0 8 5 1 2000
0 8 5 3 2078
0 8 5 7 1348
0 2 6 0 1938
0 2 6 2 2208
0 2 6 4 822
0 4 6 0 2382
0 4 6 2 1394
0 4 6 4 1262
0 8 6 0 1164
0 8 6 2 494
0 8 6 4 1050
0 2 7 1 2840
0 2 7 3 1034
0 2 7 5 632
0 4 7 1 1254
0 4 7 3 1126
0 4 7 5 2426
0 8 7 1 94
0 8 7 3 72
0 8 7 5 2012
0 2 8 10 2838
0 2 8 12 1738
0 2 8 14 318
0 4 8 10 2516
0 4 8 12 186
0 4 8 14 1538
0 8 8 10 1284
0 8 8 12 3038
0 8 8 14 2166
0 2 9 11 404
0 2 9 13 5782
0 2 9 15 4048
0 4 9 11 1922
0 4 9 13 2594
0 4 9 15 1112
0 8 9 11 1900
0 8 9 13 1346
0 8 9 15 846
0 2 10 8 96
0 2 10 12 3154
0 2 10 14 782
0 4 10 8 1292
0 4 10 12 2454
0 4 10 14 50
0 8 10 8 1238
0 8 10 12 5508
0 8 10 14 116
0 2 11 9 678
0 2 11 13 562
0 2 11 15 1680
0 4 11 9 3924
0 4 11 13 42
0 4 11 15 1680
0 8 11 9 2398
0 8 11 13 2908
0 8 11 15 970
0 2 12 8 574
0 2 12 10 1266
0 2 12 14 1730
0 4 12 8 534
0 4 12 10 1432
0 4 12 14 1972
0 8 12 8 1738
0 8 12 10 2862
0 8 12 14 1300
0 2 13 9 518
0 2 13 11 164
0 2 13 15 566
0 4 13 9 2210
0 4 13 11 4236
0 4 13 15 518
0 8 13 9 1310
0 8 13 11 474
0 8 13 15 1768
0 2 14 8 1308
0 2 14 10 522
0 2 14 12 4754
0 4 14 8 2878
0 4 14 10 1722
0 4 14 12 2852
0 8 14 8 1038
0 8 14 10 1178
0 8 14 12 2894
0 2 15 9 2210
0 2 15 11 482
0 2 15 13 846
0 4 15 9 2820
0 4 15 11 4242
0 4 15 13 450
0 8 15 9 2058
0 8 15 11 248
0 8 15 13 1306
1 3 0 2 1302
1 3 0 4 306
1 3 0 6 1118
1 5 0 2 1744
1 5 0 4 2816
1 5 0 6 1898
1 9 0 2 1082
1 9 0 4 480
1 9 0 6 4188
1 3 1 3 3362
1 3 1 5 2962
1 3 1 7 562
1 5 1 3 10
1 5 1 5 3656
1 5 1 7 1520
1 9 1 3 66
1 9 1 5 502
1 9 1 7 1374
1 3 2 0 1198
1 3 2 4 1726
1 3 2 6 488
1 5 2 0 2696
1 5 2 4 1198
1 5 2 6 1462
1 9 2 0 4162
1 9 2 4 792
1 9 2 6 2898
1 3 3 1 84
1 3 3 5 802
1 3 3 7 2118
1 5 3 1 804
1 5 3 5 2058
1 5 3 7 1634
1 9 3 1 2484
1 9 3 5 2512
1 9 3 7 2
1 3 4 0 2472
1 3 4 2 1552
1 3 4 6 134
1 5 4 0 2202
1 5 4 2 2536
1 5 4 6 1038
1 9 4 0 116
1 9 4 2 2250
1 9 4 6 1554
1 3 5 1 722
1 3 5 3 2674
1 3 5 7 3002
1 5 5 1 1930
1 5 5 3 3258
1 5 5 7 530
1 9 5 1 392
1 9 5 3 1668
1 9 5 7 4174
1 3 6 0 3580
1 3 6 2 2028
1 3 6 4 874
1 5 6 0 1564
1 5 6 2 1550
1 5 6 4 600
1 9 6 0 750
1 9 6 2 920
1 9 6 4 928
1 3 7 1 38
1 3 7 3 1860
1 3 7 5 2482
1 5 7 1 630
1 5 7 3 878
1 5 7 5 1602
1 9 7 1 1358
1 9 7 3 2748
1 9 7 5 3002
1 3 8 10 696
1 3 8 12 758
1 3 8 14 2030
1 5 8 10 1152
1 5 8 12 1696
1 5 8 14 1410
1 9 8 10 214
1 9 8 12 2644
1 9 8 14 1074
1 3 9 11 2220
1 3 9 13 1036
1 3 9 15 632
1 5 9 11 1264
1 5 9 13 1168
1 5 9 15 1552
1 9 9 11 1296
1 9 9 13 368
1 9 9 15 522
1 3 10 8 2930
1 3 10 12 740
1 3 10 14 648
1 5 10 8 926
1 5 10 12 806
1 5 10 14 2178
1 9 10 8 2276
1 9 10 12 608
1 9 10 14 600
1 3 11 9 404
1 3 11 13 808
1 3 11 15 3436
1 5 11 9 2356
1 5 11 13 986
1 5 11 15 1504
1 9 11 9 1148
1 9 11 13 1612
1 9 11 15 2014
1 3 12 8 1468
1 3 12 10 6082
1 3 12 14 194
1 5 12 8 3274
1 5 12 10 30
1 5 12 14 558
1 9 12 8 3560
1 9 12 10 1112
1 9 12 14 6138
1 3 13 9 1080
1 3 13 11 1324
1 3 13 15 2090
1 5 13 9 496
1 5 13 11 1640
1 5 13 15 1606
1 9 13 9 994
1 9 13 11 898
1 9 13 15 272
1 3 14 8 4048
1 3 14 10 514
1 3 14 12 4870
1 5 14 8 1894
1 5 14 10 2384
1 5 14 12 600
1 9 14 8 426
1 9 14 10 4384
1 9 14 12 2174
1 3 15 9 2136
1 3 15 11 1388
1 3 15 13 3356
1 5 15 9 1276
1 5 15 11 1542
1 5 15 13 1470
1 9 15 9 790
1 9 15 11 1558
1 9 15 13 18
2 6 0 2 1100
2 6 0 4 384
2 6 0 6 138
2 10 0 2 1116
2 10 0 4 922
2 10 0 6 1528
2 6 1 3 124
2 6 1 5 2374
2 6 1 7 2472
2 10 1 3 866
2 10 1 5 3066
2 10 1 7 768
2 6 2 0 702
2 6 2 4 3308
2 6 2 6 2472
2 10 2 0 400
2 10 2 4 1064
2 10 2 6 3540
2 6 3 1 288
2 6 3 5 3516
2 6 3 7 358
2 10 3 1 778
2 10 3 5 1218
2 10 3 7 2016
2 6 4 0 342
2 6 4 2 3746
2 6 4 6 2568
2 10 4 0 1832
2 10 4 2 2260
2 10 4 6 2678
2 6 5 1 2830
2 6 5 3 898
2 6 5 7 1826
2 10 5 1 420
2 10 5 3 760
2 10 5 7 2876
2 6 6 0 740
2 6 6 2 970
2 6 6 4 2088
2 10 6 0 1512
2 10 6 2 2694
2 10 6 4 1874
2 6 7 1 558
2 6 7 3 470
2 6 7 5 438
2 10 7 1 38
2 10 7 3 108
2 10 7 5 1586
2 6 8 10 2098
2 6 8 12 200
2 6 8 14 1124
2 10 8 10 558
2 10 8 12 1796
2 10 8 14 2894
2 6 9 11 2776
2 6 9 13 1204
2 6 9 15 1956
2 10 9 11 712
2 10 9 13 1424
2 10 9 15 12
2 6 10 8 1208
2 6 10 12 792
2 6 10 14 4244
2 10 10 8 836
2 10 10 12 312
2 10 10 14 1114
2 6 11 9 1476
2 6 11 13 2612
2 6 11 15 1336
2 10 11 9 298
2 10 11 13 522
2 10 11 15 188
2 6 12 8 1788
2 6 12 10 1372
2 6 12 14 414
2 10 12 8 2324
2 10 12 10 676
2 10 12 14 1026
2 6 13 9 502
2 6 13 11 14
2 6 13 15 1588
2 10 13 9 854
2 10 13 11 130
2 10 13 15 6
2 6 14 8 252
2 6 14 10 4282
2 6 14 12 1148
2 10 14 8 1038
2 10 14 10 1538
2 10 14 12 1138
2 6 15 9 2168
2 6 15 11 4742
2 6 15 13 2640
2 10 15 9 2082
2 10 15 11 1140
2 10 15 13 1022
3 7 0 2 3126
3 7 0 4 1270
3 7 0 6 2348
3 11 0 2 902
3 11 0 4 2722
3 11 0 6 990
3 7 1 3 2086
3 7 1 5 104
3 7 1 7 616
3 11 1 3 2228
3 11 1 5 632
3 11 1 7 3292
3 7 2 0 724
3 7 2 4 724
3 7 2 6 662
3 11 2 0 1986
3 11 2 4 930
3 11 2 6 1750
3 7 3 1 1972
3 7 3 5 5144
3 7 3 7 58
3 11 3 1 326
3 11 3 5 72
3 11 3 7 618
3 7 4 0 1530
3 7 4 2 2224
3 7 4 6 798
3 11 4 0 796
3 11 4 2 3218
3 11 4 6 668
3 7 5 1 1702
3 7 5 3 66
3 7 5 7 2392
3 11 5 1 2242
3 11 5 3 974
3 11 5 7 2210
3 7 6 0 1222
3 7 6 2 1582
3 7 6 4 4328
3 11 6 0 1312
3 11 6 2 772
3 11 6 4 852
3 7 7 1 1638
3 7 7 3 1280
3 7 7 5 5734
3 11 7 1 1188
3 11 7 3 1584
3 11 7 5 1182
3 7 8 10 640
3 7 8 12 1496
3 7 8 14 4424
3 11 8 10 1122
3 11 8 12 350
3 11 8 14 1960
3 7 9 11 1790
3 7 9 13 1802
3 7 9 15 2488
3 11 9 11 3346
3 11 9 13 226
3 11 9 15 1662
3 7 10 8 1296
3 7 10 12 552
3 7 10 14 1224
3 11 10 8 2374
3 11 10 12 656
3 11 10 14 1290
3 7 11 9 594
3 7 11 13 2396
3 7 11 15 3026
3 11 11 9 1146
3 11 11 13 912
3 11 11 15 1442
3 7 12 8 2018
3 7 12 10 1618
3 7 12 14 900
3 11 12 8 390
3 11 12 10 614
3 11 12 14 96
3 7 13 9 2
3 7 13 11 3118
3 7 13 15 436
3 11 13 9 2656
3 11 13 11 312
3 11 13 15 1870
3 7 14 8 2538
3 7 14 10 432
3 7 14 12 3216
3 11 14 8 2878
3 11 14 10 1004
3 11 14 12 1734
3 7 15 9 2912
3 7 15 11 968
3 7 15 13 996
3 11 15 9 1646
3 11 15 11 2708
3 11 15 13 2772
4 6 0 2 4444
4 6 0 4 1640
4 6 0 6 1422
4 12 0 2 250
4 12 0 4 2722
4 12 0 6 1522
4 6 1 3 3872
4 6 1 5 2926
4 6 1 7 424
4 12 1 3 2104
4 12 1 5 1022
4 12 1 7 1848
4 6 2 0 2154
4 6 2 4 1202
4 6 2 6 408
4 12 2 0 2918
4 12 2 4 2856
4 12 2 6 2442
4 6 3 1 1052
4 6 3 5 1032
4 6 3 7 3822
4 12 3 1 1678
4 12 3 5 810
4 12 3 7 1462
4 6 4 0 1556
4 6 4 2 2696
4 6 4 6 400
4 12 4 0 3310
4 12 4 2 210
4 12 4 6 1128
4 6 5 1 450
4 6 5 3 2058
4 6 5 7 1430
4 12 5 1 2206
4 12 5 3 1110
4 12 5 7 754
4 6 6 0 2718
4 6 6 2 1554
4 6 6 4 1414
4 12 6 0 40
4 12 6 2 614
4 12 6 4 2172
4 6 7 1 3264
4 6 7 3 582
4 6 7 5 1184
4 12 7 1 184
4 12 7 3 3044
4 12 7 5 3160
4 6 8 10 3592
4 6 8 12 2222
4 6 8 14 1496
4 12 8 10 828
4 12 8 12 2560
4 12 8 14 2012
4 6 9 11 1556
4 6 9 13 958
4 6 9 15 1790
4 12 9 11 2008
4 12 9 13 448
4 12 9 15 1332
4 6 10 8 2444
4 6 10 12 3470
4 6 10 14 2504
4 12 10 8 1900
4 12 10 12 1232
4 12 10 14 1164
4 6 11 9 960
4 6 11 13 208
4 6 11 15 826
4 12 11 9 794
4 12 11 13 182
4 12 11 15 1276
4 6 12 8 1094
4 6 12 10 816
4 6 12 14 3026
4 12 12 8 1596
4 12 12 10 3440
4 12 12 14 728
4 6 13 9 3210
4 6 13 11 456
4 6 13 15 1604
4 12 13 9 12
4 12 13 11 3216
4 12 13 15 66
4 6 14 8 2178
4 6 14 10 464
4 6 14 12 818
4 12 14 8 1070
4 12 14 10 2526
4 12 14 12 636
4 6 15 9 948
4 6 15 11 1436
4 6 15 13 850
4 12 15 9 3868
4 12 15 11 3544
4 12 15 13 2034
5 7 0 2 996
5 7 0 4 54
5 7 0 6 978
5 13 0 2 560
5 13 0 4 1706
5 13 0 6 810
5 7 1 3 296
5 7 1 5 272
5 7 1 7 2062
5 13 1 3 590
5 13 1 5 900
5 13 1 7 1596
5 7 2 0 3392
5 7 2 4 532
5 7 2 6 240
5 13 2 0 1782
5 13 2 4 2602
5 13 2 6 1514
5 7 3 1 960
5 7 3 5 624
5 7 3 7 4040
5 13 3 1 2348
5 13 3 5 556
5 13 3 7 2282
5 7 4 0 712
5 7 4 2 300
5 7 4 6 2748
5 13 4 0 110
5 13 4 2 1900
5 13 4 6 1586
5 7 5 1 1852
5 7 5 3 3342
5 7 5 7 3538
5 13 5 1 6872
5 13 5 3 388
5 13 5 7 852
5 7 6 0 116
5 7 6 2 1494
5 7 6 4 504
5 13 6 0 1010
5 13 6 2 376
5 13 6 4 324
5 7 7 1 3578
5 7 7 3 466
5 7 7 5 1418
5 13 7 1 1660
5 13 7 3 1858
5 13 7 5 112
5 7 8 10 2056
5 7 8 12 1300
5 7 8 14 854
5 13 8 10 288
5 13 8 12 2328
5 13 8 14 254
5 7 9 11 4836
5 7 9 13 188
5 7 9 15 384
5 13 9 11 2360
5 13 9 13 1788
5 13 9 15 1264
5 7 10 8 824
5 7 10 12 954
5 7 10 14 490
5 13 10 8 1586
5 13 10 12 214
5 13 10 14 2828
5 7 11 9 1770
5 7 11 13 1954
5 7 11 15 906
5 13 11 9 394
5 13 11 13 2318
5 13 11 15 2054
5 7 12 8 986
5 7 12 10 16
5 7 12 14 440
5 13 12 8 1200
5 13 12 10 176
5 13 12 14 5162
5 7 13 9 400
5 7 13 11 142
5 7 13 15 38
5 13 13 9 2534
5 13 13 11 2104
5 13 13 15 5054
5 7 14 8 1146
5 7 14 10 2096
5 7 14 12 1128
5 13 14 8 4320
5 13 14 10 2630
5 13 14 12 3070
5 7 15 9 2190
5 7 15 11 436
5 7 15 13 410
5 13 15 9 152
5 13 15 11 336
5 13 15 13 640
6 14 0 2 3082
6 14 0 4 34
6 14 0 6 782
6 14 1 3 1130
6 14 1 5 242
6 14 1 7 244
6 14 2 0 376
6 14 2 4 2018
6 14 2 6 1362
6 14 3 1 232
6 14 3 5 1824
6 14 3 7 1128
6 14 4 0 2240
6 14 4 2 2010
6 14 4 6 554
6 14 5 1 2912
6 14 5 3 830
6 14 5 7 3194
6 14 6 0 1676
6 14 6 2 628
6 14 6 4 2036
6 14 7 1 1732
6 14 7 3 2334
6 14 7 5 390
6 14 8 10 2050
6 14 8 12 728
6 14 8 14 630
6 14 9 11 1708
6 14 9 13 256
6 14 9 15 918
6 14 10 8 348
6 14 10 12 1864
6 14 10 14 1612
6 14 11 9 3452
6 14 11 13 30
6 14 11 15 722
6 14 12 8 1282
6 14 12 10 996
6 14 12 14 50
6 14 13 9 4378
6 14 13 11 2278
6 14 13 15 2608
6 14 14 8 2768
6 14 14 10 1598
6 14 14 12 1678
6 14 15 9 2096
6 14 15 11 706
6 14 15 13 4798
7 15 0 2 1876
7 15 0 4 1340
7 15 0 6 1970
7 15 1 3 1372
7 15 1 5 2828
7 15 1 7 312
7 15 2 0 892
7 15 2 4 130
7 15 2 6 1172
7 15 3 1 3660
7 15 3 5 5292
7 15 3 7 2218
7 15 4 0 136
7 15 4 2 5852
7 15 4 6 4970
7 15 5 1 486
7 15 5 3 1012
7 15 5 7 200
7 15 6 0 2164
7 15 6 2 1468
7 15 6 4 2312
7 15 7 1 394
7 15 7 3 710
7 15 7 5 36
7 15 8 10 1314
7 15 8 12 1638
7 15 8 14 2044
7 15 9 11 78
7 15 9 13 2076
7 15 9 15 2896
7 15 10 8 4124
7 15 10 12 1838
7 15 10 14 1160
7 15 11 9 1438
7 15 11 13 4908
7 15 11 15 918
7 15 12 8 298
7 15 12 10 2788
7 15 12 14 5096
7 15 13 9 658
7 15 13 11 978
7 15 13 15 1502
7 15 14 8 306
7 15 14 10 632
7 15 14 12 178
7 15 15 9 1502
7 15 15 11 2532
7 15 15 13 390
8 10 0 2 2800
8 10 0 4 646
8 10 0 6 2960
8 12 0 2 500
8 12 0 4 1776
8 12 0 6 900
8 10 1 3 1806
8 10 1 5 3642
8 10 1 7 2046
8 12 1 3 1602
8 12 1 5 2258
8 12 1 7 2338
8 10 2 0 3818
8 10 2 4 2004
8 10 2 6 570
8 12 2 0 2446
8 12 2 4 24
8 12 2 6 2452
8 10 3 1 2046
8 10 3 5 2992
8 10 3 7 1730
8 12 3 1 1536
8 12 3 5 2132
8 12 3 7 1618
8 10 4 0 1376
8 10 4 2 1534
8 10 4 6 366
8 12 4 0 870
8 12 4 2 2250
8 12 4 6 594
8 10 5 1 3296
8 10 5 3 348
8 10 5 7 408
8 12 5 1 2414
8 12 5 3 1278
8 12 5 7 3808
8 10 6 0 1244
8 10 6 2 918
8 10 6 4 540
8 12 6 0 1692
8 12 6 2 4450
8 12 6 4 108
8 10 7 1 516
8 10 7 3 1188
8 10 7 5 462
8 12 7 1 654
8 12 7 3 2286
8 12 7 5 610
8 10 8 10 904
8 10 8 12 3438
8 10 8 14 628
8 12 8 10 1326
8 12 8 12 1470
8 12 8 14 3060
8 10 9 11 1706
8 10 9 13 2772
8 10 9 15 464
8 12 9 11 1780
8 12 9 13 1530
8 12 9 15 1230
8 10 10 8 1306
8 10 10 12 3572
8 10 10 14 984
8 12 10 8 786
8 12 10 12 1004
8 12 10 14 3116
8 10 11 9 866
8 10 11 13 1052
8 10 11 15 1312
8 12 11 9 1204
8 12 11 13 526
8 12 11 15 174
8 10 12 8 326
8 10 12 10 924
8 10 12 14 3452
8 12 12 8 2976
8 12 12 10 646
8 12 12 14 372
8 10 13 9 838
8 10 13 11 1452
8 10 13 15 476
8 12 13 9 1326
8 12 13 11 2418
8 12 13 15 2860
8 10 14 8 2888
8 10 14 10 1634
8 10 14 12 2864
8 12 14 8 2934
8 12 14 10 1300
8 12 14 12 1134
8 10 15 9 412
8 10 15 11 4314
8 10 15 13 2600
8 12 15 9 1446
8 12 15 11 268
8 12 15 13 1326
9 11 0 2 102
9 11 0 4 2860
9 11 0 6 2122
9 13 0 2 4588
9 13 0 4 394
9 13 0 6 448
9 11 1 3 538
9 11 1 5 3228
9 11 1 7 1164
9 13 1 3 1662
9 13 1 5 1694
9 13 1 7 1854
9 11 2 0 2202
9 11 2 4 2682
9 11 2 6 44
9 13 2 0 3246
9 13 2 4 842
9 13 2 6 3876
9 11 3 1 436
9 11 3 5 2002
9 11 3 7 5190
9 13 3 1 534
9 13 3 5 4572
9 13 3 7 2476
9 11 4 0 958
9 11 4 2 2316
9 11 4 6 478
9 13 4 0 476
9 13 4 2 1610
9 13 4 6 2460
9 11 5 1 4242
9 11 5 3 2072
9 11 5 7 1194
9 13 5 1 2638
9 13 5 3 2598
9 13 5 7 1338
9 11 6 0 1838
9 11 6 2 1932
9 11 6 4 650
9 13 6 0 1988
9 13 6 2 408
9 13 6 4 2278
9 11 7 1 1240
9 11 7 3 890
9 11 7 5 2274
9 13 7 1 920
9 13 7 3 1368
9 13 7 5 1092
9 11 8 10 1154
9 11 8 12 1804
9 11 8 14 3538
9 13 8 10 1222
9 13 8 12 8
9 13 8 14 998
9 11 9 11 64
9 11 9 13 1052
9 11 9 15 350
9 13 9 11 3022
9 13 9 13 186
9 13 9 15 622
9 11 10 8 538
9 11 10 12 6398
9 11 10 14 3342
9 13 10 8 2936
9 13 10 12 2826
9 13 10 14 3318
9 11 11 9 1182
9 11 11 13 314
9 11 11 15 620
9 13 11 9 120
9 13 11 13 2012
9 13 11 15 230
9 11 12 8 1394
9 11 12 10 124
9 11 12 14 476
9 13 12 8 504
9 13 12 10 2790
9 13 12 14 568
9 11 13 9 2932
9 11 13 11 1710
9 11 13 15 3180
9 13 13 9 542
9 13 13 11 1034
9 13 13 15 914
9 11 14 8 3454
9 11 14 10 520
9 11 14 12 516
9 13 14 8 3608
9 13 14 10 352
9 13 14 12 1728
9 11 15 9 2014
9 11 15 11 1362
9 11 15 13 2978
9 13 15 9 292
9 13 15 11 736
9 13 15 13 4192
10 14 0 2 3118
10 14 0 4 2432
10 14 0 6 1520
10 14 1 3 2812
10 14 1 5 922
10 14 1 7 1636
10 14 2 0 638
10 14 2 4 2152
10 14 2 6 2910
10 14 3 1 2744
10 14 3 5 1686
10 14 3 7 1414
10 14 4 0 2780
10 14 4 2 1630
10 14 4 6 254
10 14 5 1 2868
10 14 5 3 3516
10 14 5 7 1656
10 14 6 0 352
10 14 6 2 906
10 14 6 4 2624
10 14 7 1 688
10 14 7 3 1218
10 14 7 5 1450
10 14 8 10 2146
10 14 8 12 306
10 14 8 14 916
10 14 9 11 1664
10 14 9 13 1278
10 14 9 15 1384
10 14 10 8 142
10 14 10 12 2018
10 14 10 14 952
10 14 11 9 3074
10 14 11 13 684
10 14 11 15 174
10 14 12 8 278
10 14 12 10 546
10 14 12 14 1070
10 14 13 9 418
10 14 13 11 1850
10 14 13 15 2480
10 14 14 8 2016
10 14 14 10 876
10 14 14 12 2782
10 14 15 9 1528
10 14 15 11 2002
10 14 15 13 1672
11 15 0 2 1770
11 15 0 4 122
11 15 0 6 2030
11 15 1 3 462
11 15 1 5 116
11 15 1 7 1224
11 15 2 0 4302
11 15 2 4 812
11 15 2 6 1528
11 15 3 1 726
11 15 3 5 1266
11 15 3 7 386
11 15 4 0 306
11 15 4 2 478
11 15 4 6 3540
11 15 5 1 2488
11 15 5 3 2310
11 15 5 7 3110
11 15 6 0 2384
11 15 6 2 304
11 15 6 4 558
11 15 7 1 2244
11 15 7 3 1830
11 15 7 5 960
11 15 8 10 26
11 15 8 12 1086
11 15 8 14 1230
11 15 9 11 4416
11 15 9 13 378
11 15 9 15 838
11 15 10 8 1566
11 15 10 12 2288
11 15 10 14 4774
11 15 11 9 1356
11 15 11 13 806
11 15 11 15 1314
11 15 12 8 536
11 15 12 10 246
11 15 12 14 1924
11 15 13 9 1068
11 15 13 11 1682
11 15 13 15 128
11 15 14 8 1628
11 15 14 10 202
11 15 14 12 1776
11 15 15 9 54
11 15 15 11 2044
11 15 15 13 752
12 14 0 2 2336
12 14 0 4 720
12 14 0 6 1204
12 14 1 3 1210
12 14 1 5 3088
12 14 1 7 1686
12 14 2 0 2810
12 14 2 4 2338
12 14 2 6 5234
12 14 3 1 2774
12 14 3 5 1714
12 14 3 7 664
12 14 4 0 2060
12 14 4 2 272
12 14 4 6 940
12 14 5 1 1058
12 14 5 3 2176
12 14 5 7 784
12 14 6 0 848
12 14 6 2 188
12 14 6 4 1654
12 14 7 1 1142
12 14 7 3 2256
12 14 7 5 1500
12 14 8 10 3976
12 14 8 12 458
12 14 8 14 800
12 14 9 11 2520
12 14 9 13 2972
12 14 9 15 2686
12 14 10 8 2408
12 14 10 12 3704
12 14 10 14 166
12 14 11 9 456
12 14 11 13 274
12 14 11 15 674
12 14 12 8 826
12 14 12 10 1630
12 14 12 14 3294
12 14 13 9 2422
12 14 13 11 744
12 14 13 15 2618
12 14 14 8 154
12 14 14 10 896
12 14 14 12 2224
12 14 15 9 4080
12 14 15 11 3364
12 14 15 13 488
13 15 0 2 508
13 15 0 4 2518
13 15 0 6 2250
13 15 1 3 328
13 15 1 5 676
13 15 1 7 196
13 15 2 0 386
13 15 2 4 2226
13 15 2 6 1048
13 15 3 1 2726
13 15 3 5 1568
13 15 3 7 446
13 15 4 0 1482
13 15 4 2 5154
13 15 4 6 3312
13 15 5 1 1086
13 15 5 3 3798
13 15 5 7 4946
13 15 6 0 334
13 15 6 2 2112
13 15 6 4 2212
13 15 7 1 274
13 15 7 3 3400
13 15 7 5 3146
13 15 8 10 1244
13 15 8 12 654
13 15 8 14 162
13 15 9 11 230
13 15 9 13 998
13 15 9 15 4026
13 15 10 8 2808
13 15 10 12 256
13 15 10 14 882
13 15 11 9 2556
13 15 11 13 2406
13 15 11 15 868
13 15 12 8 2370
13 15 12 10 3046
13 15 12 14 238
13 15 13 9 42
13 15 13 11 1070
13 15 13 15 2680
13 15 14 8 156
13 15 14 10 2170
13 15 14 12 2632
13 15 15 9 2018
13 15 15 11 1890
13 15 15 13 362
