0 2 0 2 1578
0 2 0 4 1374
0 2 0 6 20
0 4 0 2 116
0 4 0 4 3870
0 4 0 6 1734
0 8 0 2 56
0 8 0 4 1100
0 8 0 6 754
0 2 1 3 2142
0 2 1 5 922
0 2 1 7 1352
0 4 1 3 2504
0 4 1 5 2456
0 4 1 7 2608
0 8 1 3 1660
0 8 1 5 1746
0 8 1 7 3334
0 2 2 0 440
0 2 2 4 2878
0 2 2 6 1474
0 4 2 0 186
0 4 2 4 166
0 4 2 6 5320
0 8 2 0 248
0 8 2 4 1544
0 8 2 6 1282
0 2 3 1 2348
0 2 3 5 610
0 2 3 7 562
0 4 3 1 952
0 4 3 5 898
0 4 3 7 0
0 8 3 1 1996
0 8 3 5 1158
0 8 3 7 726
0 2 4 0 966
0 2 4 2 732
0 2 4 6 6930
0 4 4 0 206
0 4 4 2 1100
0 4 4 6 1716
0 8 4 0 234
0 8 4 2 1066
0 8 4 6 966
0 2 5 1 424
0 2 5 3 12
0 2 5 7 2762
0 4 5 1 1246
0 4 5 3 46
0 4 5 7 1612
0 8 5 1 98
0 8 5 3 600
0 8 5 7 1544
0 2 6 0 288
0 2 6 2 298
0 2 6 4 2
0 4 6 0 718
0 4 6 2 784
0 4 6 4 3718
0 8 6 0 2668
0 8 6 2 2668
0 8 6 4 450
0 2 7 1 250
0 2 7 3 402
0 2 7 5 574
0 4 7 1 332
0 4 7 3 3968
0 4 7 5 1670
0 8 7 1 2572
0 8 7 3 1894
0 8 7 5 724
0 2 8 10 890
0 2 8 12 668
0 2 8 14 1782
0 4 8 10 2020
0 4 8 12 4584
0 4 8 14 1818
0 8 8 10 414
0 8 8 12 3842
0 8 8 14 1698
0 2 9 11 1106
0 2 9 13 778
0 2 9 15 2304
0 4 9 11 700
0 4 9 13 2950
0 4 9 15 1688
0 8 9 11 1720
0 8 9 13 238
0 8 9 15 754
0 2 10 8 3298
0 2 10 12 4470
0 2 10 14 3900
0 4 10 8 122
0 4 10 12 4146
0 4 10 14 1816
0 8 10 8 2212
0 8 10 12 1436
0 8 10 14 160
0 2 11 9 704
0 2 11 13 500
0 2 11 15 2458
0 4 11 9 722
0 4 11 13 2458
0 4 11 15 74
0 8 11 9 3454
0 8 11 13 1120
0 8 11 15 2880
0 2 12 8 518
0 2 12 10 2546
0 2 12 14 896
0 4 12 8 1240
0 4 12 10 2124
0 4 12 14 1006
0 8 12 8 38
0 8 12 10 2532
0 8 12 14 244
0 2 13 9 1410
0 2 13 11 822
0 2 13 15 572
0 4 13 9 144
0 4 13 11 208
0 4 13 15 2424
0 8 13 9 1020
0 8 13 11 612
0 8 13 15 1630
0 2 14 8 1304
0 2 14 10 3306
0 2 14 12 2324
0 4 14 8 824
0 4 14 10 2756
0 4 14 12 710
0 8 14 8 4396
0 8 14 10 442
0 8 14 12 388
0 2 15 9 1494
0 2 15 11 2320
0 2 15 13 1860
0 4 15 9 546
0 4 15 11 280
0 4 15 13 1284
0 8 15 9 2414
0 8 15 11 324
0 8 15 13 176
1 3 0 2 290
1 3 0 4 1026
1 3 0 6 932
1 5 0 2 1224
1 5 0 4 1114
1 5 0 6 792
1 9 0 2 78
1 9 0 4 2578
1 9 0 6 1692
1 3 1 3 406
1 3 1 5 296
1 3 1 7 4816
1 5 1 3 898
1 5 1 5 1404
1 5 1 7 1226
1 9 1 3 868
1 9 1 5 966
1 9 1 7 566
1 3 2 0 3138
1 3 2 4 442
1 3 2 6 3682
1 5 2 0 1220
1 5 2 4 546
1 5 2 6 2354
1 9 2 0 1528
1 9 2 4 1682
1 9 2 6 1570
1 3 3 1 1608
1 3 3 5 3270
1 3 3 7 68
1 5 3 1 1034
1 5 3 5 2602
1 5 3 7 4054
1 9 3 1 1882
1 9 3 5 1060
1 9 3 7 2060
1 3 4 0 3336
1 3 4 2 510
1 3 4 6 2572
1 5 4 0 3728
1 5 4 2 1526
1 5 4 6 960
1 9 4 0 140
1 9 4 2 678
1 9 4 6 2988
1 3 5 1 1772
1 3 5 3 450
1 3 5 7 1166
1 5 5 1 234
1 5 5 3 2016
1 5 5 7 2580
1 9 5 1 1384
1 9 5 3 4760
1 9 5 7 3514
1 3 6 0 2024
1 3 6 2 1684
1 3 6 4 1616
1 5 6 0 4384
1 5 6 2 2392
1 5 6 4 230
1 9 6 0 2218
1 9 6 2 2880
1 9 6 4 3440
1 3 7 1 2076
1 3 7 3 1436
1 3 7 5 96
1 5 7 1 472
1 5 7 3 20
1 5 7 5 2546
1 9 7 1 2690
1 9 7 3 3416
1 9 7 5 1554
1 3 8 10 3808
1 3 8 12 1902
1 3 8 14 2262
1 5 8 10 1070
1 5 8 12 528
1 5 8 14 2690
1 9 8 10 1474
1 9 8 12 486
1 9 8 14 886
1 3 9 11 1266
1 3 9 13 782
1 3 9 15 3188
1 5 9 11 358
1 5 9 13 130
1 5 9 15 3468
1 9 9 11 122
1 9 9 13 2578
1 9 9 15 2004
1 3 10 8 2486
1 3 10 12 4098
1 3 10 14 4726
1 5 10 8 2362
1 5 10 12 1418
1 5 10 14 5096
1 9 10 8 3444
1 9 10 12 932
1 9 10 14 408
1 3 11 9 244
1 3 11 13 3330
1 3 11 15 966
1 5 11 9 4132
1 5 11 13 1706
1 5 11 15 702
1 9 11 9 1660
1 9 11 13 670
1 9 11 15 1122
1 3 12 8 706
1 3 12 10 2586
1 3 12 14 578
1 5 12 8 1976
1 5 12 10 2448
1 5 12 14 260
1 9 12 8 532
1 9 12 10 668
1 9 12 14 1278
1 3 13 9 1532
1 3 13 11 2322
1 3 13 15 1346
1 5 13 9 1108
1 5 13 11 1034
1 5 13 15 1436
1 9 13 9 54
1 9 13 11 660
1 9 13 15 484
1 3 14 8 876
1 3 14 10 72
1 3 14 12 1882
1 5 14 8 2646
1 5 14 10 1894
1 5 14 12 1162
1 9 14 8 1680
1 9 14 10 584
1 9 14 12 2318
1 3 15 9 1698
1 3 15 11 3150
1 3 15 13 164
1 5 15 9 2770
1 5 15 11 1102
1 5 15 13 650
1 9 15 9 1852
1 9 15 11 1966
1 9 15 13 1540
2 6 0 2 3222
2 6 0 4 212
2 6 0 6 376
2 10 0 2 2342
2 10 0 4 996
2 10 0 6 830
2 6 1 3 828
2 6 1 5 1896
2 6 1 7 2060
2 10 1 3 1486
2 10 1 5 2012
2 10 1 7 684
2 6 2 0 1676
2 6 2 4 452
2 6 2 6 2522
2 10 2 0 3896
2 10 2 4 1272
2 10 2 6 2090
2 6 3 1 666
2 6 3 5 590
2 6 3 7 1326
2 10 3 1 4996
2 10 3 5 1462
2 10 3 7 2102
2 6 4 0 2770
2 6 4 2 3976
2 6 4 6 504
2 10 4 0 1836
2 10 4 2 2636
2 10 4 6 388
2 6 5 1 2348
2 6 5 3 1008
2 6 5 7 2226
2 10 5 1 690
2 10 5 3 588
2 10 5 7 1066
2 6 6 0 334
2 6 6 2 1176
2 6 6 4 1838
2 10 6 0 974
2 10 6 2 604
2 10 6 4 178
2 6 7 1 3578
2 6 7 3 1328
2 6 7 5 1426
2 10 7 1 1304
2 10 7 3 712
2 10 7 5 3692
2 6 8 10 1628
2 6 8 12 938
2 6 8 14 2506
2 10 8 10 872
2 10 8 12 1248
2 10 8 14 1138
2 6 9 11 3234
2 6 9 13 314
2 6 9 15 1252
2 10 9 11 1422
2 10 9 13 3364
2 10 9 15 4248
2 6 10 8 1756
2 6 10 12 1854
2 6 10 14 618
2 10 10 8 3598
2 10 10 12 2724
2 10 10 14 2758
2 6 11 9 4788
2 6 11 13 2294
2 6 11 15 292
2 10 11 9 1286
2 10 11 13 3308
2 10 11 15 1272
2 6 12 8 1290
2 6 12 10 6394
2 6 12 14 2328
2 10 12 8 2808
2 10 12 10 3010
2 10 12 14 554
2 6 13 9 872
2 6 13 11 2478
2 6 13 15 340
2 10 13 9 2076
2 10 13 11 890
2 10 13 15 2698
2 6 14 8 2172
2 6 14 10 992
2 6 14 12 210
2 10 14 8 2222
2 10 14 10 1046
2 10 14 12 924
2 6 15 9 1958
2 6 15 11 1046
2 6 15 13 2368
2 10 15 9 1764
2 10 15 11 3254
2 10 15 13 5100
3 7 0 2 3038
3 7 0 4 2494
3 7 0 6 2440
3 11 0 2 1194
3 11 0 4 702
3 11 0 6 784
3 7 1 3 356
3 7 1 5 2746
3 7 1 7 496
3 11 1 3 3456
3 11 1 5 3824
3 11 1 7 1192
3 7 2 0 634
3 7 2 4 1670
3 7 2 6 230
3 11 2 0 670
3 11 2 4 532
3 11 2 6 1248
3 7 3 1 240
3 7 3 5 908
3 7 3 7 2232
3 11 3 1 1488
3 11 3 5 198
3 11 3 7 2298
3 7 4 0 2502
3 7 4 2 2610
3 7 4 6 2444
3 11 4 0 1786
3 11 4 2 752
3 11 4 6 3212
3 7 5 1 1574
3 7 5 3 6
3 7 5 7 3620
3 11 5 1 1002
3 11 5 3 1806
3 11 5 7 164
3 7 6 0 86
3 7 6 2 1078
3 7 6 4 1002
3 11 6 0 4678
3 11 6 2 96
3 11 6 4 2882
3 7 7 1 120
3 7 7 3 1496
3 7 7 5 382
3 11 7 1 546
3 11 7 3 1724
3 11 7 5 824
3 7 8 10 1686
3 7 8 12 2266
3 7 8 14 778
3 11 8 10 2626
3 11 8 12 32
3 11 8 14 604
3 7 9 11 1586
3 7 9 13 1024
3 7 9 15 1310
3 11 9 11 2000
3 11 9 13 1218
3 11 9 15 1136
3 7 10 8 198
3 7 10 12 1688
3 7 10 14 1046
3 11 10 8 672
3 11 10 12 2176
3 11 10 14 650
3 7 11 9 2654
3 7 11 13 1774
3 7 11 15 130
3 11 11 9 2624
3 11 11 13 2634
3 11 11 15 4860
3 7 12 8 1718
3 7 12 10 2664
3 7 12 14 110
3 11 12 8 4036
3 11 12 10 1866
3 11 12 14 1536
3 7 13 9 1120
3 7 13 11 2842
3 7 13 15 1512
3 11 13 9 1422
3 11 13 11 1466
3 11 13 15 1118
3 7 14 8 2664
3 7 14 10 58
3 7 14 12 670
3 11 14 8 2096
3 11 14 10 1642
3 11 14 12 886
3 7 15 9 4648
3 7 15 11 638
3 7 15 13 816
3 11 15 9 3832
3 11 15 11 1970
3 11 15 13 1562
4 6 0 2 1080
4 6 0 4 2208
4 6 0 6 16
4 12 0 2 1324
4 12 0 4 780
4 12 0 6 978
4 6 1 3 2586
4 6 1 5 1106
4 6 1 7 4318
4 12 1 3 1258
4 12 1 5 2704
4 12 1 7 1894
4 6 2 0 1088
4 6 2 4 1548
4 6 2 6 1778
4 12 2 0 950
4 12 2 4 1992
4 12 2 6 508
4 6 3 1 4052
4 6 3 5 1308
4 6 3 7 2534
4 12 3 1 732
4 12 3 5 410
4 12 3 7 698
4 6 4 0 2852
4 6 4 2 2196
4 6 4 6 1306
4 12 4 0 1254
4 12 4 2 1426
4 12 4 6 2410
4 6 5 1 282
4 6 5 3 2450
4 6 5 7 896
4 12 5 1 1962
4 12 5 3 862
4 12 5 7 714
4 6 6 0 76
4 6 6 2 1870
4 6 6 4 1118
4 12 6 0 1866
4 12 6 2 132
4 12 6 4 5180
4 6 7 1 2298
4 6 7 3 1586
4 6 7 5 112
4 12 7 1 268
4 12 7 3 2868
4 12 7 5 2030
4 6 8 10 540
4 6 8 12 4030
4 6 8 14 2858
4 12 8 10 1584
4 12 8 12 1570
4 12 8 14 84
4 6 9 11 3198
4 6 9 13 1914
4 6 9 15 1116
4 12 9 11 352
4 12 9 13 3574
4 12 9 15 722
4 6 10 8 688
4 6 10 12 4794
4 6 10 14 2006
4 12 10 8 5228
4 12 10 12 2966
4 12 10 14 1826
4 6 11 9 3140
4 6 11 13 104
4 6 11 15 2716
4 12 11 9 5058
4 12 11 13 1968
4 12 11 15 1766
4 6 12 8 3510
4 6 12 10 4534
4 6 12 14 2616
4 12 12 8 3376
4 12 12 10 1788
4 12 12 14 834
4 6 13 9 262
4 6 13 11 36
4 6 13 15 950
4 12 13 9 1976
4 12 13 11 802
4 12 13 15 4708
4 6 14 8 3680
4 6 14 10 2896
4 6 14 12 2856
4 12 14 8 92
4 12 14 10 1270
4 12 14 12 3248
4 6 15 9 1054
4 6 15 11 22
4 6 15 13 778
4 12 15 9 1026
4 12 15 11 3104
4 12 15 13 1438
5 7 0 2 2250
5 7 0 4 1874
5 7 0 6 1232
5 13 0 2 2598
5 13 0 4 3084
5 13 0 6 4676
5 7 1 3 1784
5 7 1 5 1552
5 7 1 7 1590
5 13 1 3 414
5 13 1 5 4622
5 13 1 7 2120
5 7 2 0 938
5 7 2 4 852
5 7 2 6 2386
5 13 2 0 156
5 13 2 4 2138
5 13 2 6 5236
5 7 3 1 1558
5 7 3 5 616
5 7 3 7 322
5 13 3 1 1670
5 13 3 5 1156
5 13 3 7 1186
5 7 4 0 2018
5 7 4 2 1694
5 7 4 6 2106
5 13 4 0 1482
5 13 4 2 2434
5 13 4 6 3098
5 7 5 1 790
5 7 5 3 6
5 7 5 7 1616
5 13 5 1 478
5 13 5 3 594
5 13 5 7 2608
5 7 6 0 394
5 7 6 2 798
5 7 6 4 1184
5 13 6 0 974
5 13 6 2 438
5 13 6 4 2492
5 7 7 1 3978
5 7 7 3 604
5 7 7 5 2536
5 13 7 1 1658
5 13 7 3 2020
5 13 7 5 932
5 7 8 10 112
5 7 8 12 1482
5 7 8 14 2998
5 13 8 10 1668
5 13 8 12 936
5 13 8 14 1438
5 7 9 11 406
5 7 9 13 322
5 7 9 15 62
5 13 9 11 3566
5 13 9 13 1528
5 13 9 15 1716
5 7 10 8 526
5 7 10 12 906
5 7 10 14 2590
5 13 10 8 4504
5 13 10 12 974
5 13 10 14 2186
5 7 11 9 1190
5 7 11 13 1832
5 7 11 15 62
5 13 11 9 782
5 13 11 13 1510
5 13 11 15 3976
5 7 12 8 2922
5 7 12 10 706
5 7 12 14 4840
5 13 12 8 40
5 13 12 10 390
5 13 12 14 2368
5 7 13 9 986
5 7 13 11 1762
5 7 13 15 220
5 13 13 9 182
5 13 13 11 1168
5 13 13 15 2168
5 7 14 8 142
5 7 14 10 2904
5 7 14 12 34
5 13 14 8 524
5 13 14 10 150
5 13 14 12 772
5 7 15 9 216
5 7 15 11 1850
5 7 15 13 292
5 13 15 9 922
5 13 15 11 452
5 13 15 13 1598
6 14 0 2 3628
6 14 0 4 1316
6 14 0 6 686
6 14 1 3 172
6 14 1 5 340
6 14 1 7 298
6 14 2 0 4838
6 14 2 4 412
6 14 2 6 2812
6 14 3 1 166
6 14 3 5 3708
6 14 3 7 970
6 14 4 0 2910
6 14 4 2 2472
6 14 4 6 1394
6 14 5 1 1760
6 14 5 3 1784
6 14 5 7 1206
6 14 6 0 1106
6 14 6 2 1482
6 14 6 4 1194
6 14 7 1 2094
6 14 7 3 7682
6 14 7 5 770
6 14 8 10 1902
6 14 8 12 4752
6 14 8 14 18
6 14 9 11 3294
6 14 9 13 1122
6 14 9 15 1610
6 14 10 8 1680
6 14 10 12 200
6 14 10 14 214
6 14 11 9 2544
6 14 11 13 1198
6 14 11 15 2734
6 14 12 8 108
6 14 12 10 4240
6 14 12 14 3696
6 14 13 9 1954
6 14 13 11 1974
6 14 13 15 1242
6 14 14 8 494
6 14 14 10 2656
6 14 14 12 618
6 14 15 9 1868
6 14 15 11 2796
6 14 15 13 262
7 15 0 2 758
7 15 0 4 1554
7 15 0 6 1148
7 15 1 3 966
7 15 1 5 3348
7 15 1 7 1980
7 15 2 0 1664
7 15 2 4 2476
7 15 2 6 920
7 15 3 1 4038
7 15 3 5 336
7 15 3 7 1296
7 15 4 0 2316
7 15 4 2 2184
7 15 4 6 474
7 15 5 1 2882
7 15 5 3 338
7 15 5 7 2644
7 15 6 0 2420
7 15 6 2 1508
7 15 6 4 1106
7 15 7 1 216
7 15 7 3 5224
7 15 7 5 814
7 15 8 10 2268
7 15 8 12 2092
7 15 8 14 2432
7 15 9 11 1990
7 15 9 13 780
7 15 9 15 292
7 15 10 8 396
7 15 10 12 1552
7 15 10 14 2818
7 15 11 9 736
7 15 11 13 1226
7 15 11 15 442
7 15 12 8 300
7 15 12 10 3118
7 15 12 14 142
7 15 13 9 2592
7 15 13 11 748
7 15 13 15 1124
7 15 14 8 3764
7 15 14 10 3270
7 15 14 12 2728
7 15 15 9 4914
7 15 15 11 3692
7 15 15 13 1910
8 10 0 2 1242
8 10 0 4 250
8 10 0 6 1010
8 12 0 2 3494
8 12 0 4 580
8 12 0 6 1916
8 10 1 3 1638
8 10 1 5 2598
8 10 1 7 900
8 12 1 3 1870
8 12 1 5 72
8 12 1 7 4736
8 10 2 0 64
8 10 2 4 2624
8 10 2 6 3088
8 12 2 0 828
8 12 2 4 616
8 12 2 6 558
8 10 3 1 2488
8 10 3 5 1346
8 10 3 7 192
8 12 3 1 1314
8 12 3 5 2042
8 12 3 7 404
8 10 4 0 3054
8 10 4 2 4146
8 10 4 6 4068
8 12 4 0 1256
8 12 4 2 3736
8 12 4 6 1682
8 10 5 1 3274
8 10 5 3 1976
8 10 5 7 638
8 12 5 1 640
8 12 5 3 592
8 12 5 7 514
8 10 6 0 590
8 10 6 2 1526
8 10 6 4 272
8 12 6 0 1440
8 12 6 2 342
8 12 6 4 1432
8 10 7 1 842
8 10 7 3 2114
8 10 7 5 248
8 12 7 1 2932
8 12 7 3 2308
8 12 7 5 3036
8 10 8 10 2186
8 10 8 12 1112
8 10 8 14 310
8 12 8 10 746
8 12 8 12 706
8 12 8 14 1080
8 10 9 11 1602
8 10 9 13 84
8 10 9 15 112
8 12 9 11 1556
8 12 9 13 2950
8 12 9 15 1740
8 10 10 8 1770
8 10 10 12 2022
8 10 10 14 1018
8 12 10 8 1886
8 12 10 12 4568
8 12 10 14 2136
8 10 11 9 62
8 10 11 13 3836
8 10 11 15 220
8 12 11 9 2368
8 12 11 13 378
8 12 11 15 2716
8 10 12 8 668
8 10 12 10 2502
8 10 12 14 1358
8 12 12 8 2270
8 12 12 10 3034
8 12 12 14 1396
8 10 13 9 942
8 10 13 11 1422
8 10 13 15 1530
8 12 13 9 2222
8 12 13 11 66
8 12 13 15 1214
8 10 14 8 3840
8 10 14 10 408
8 10 14 12 52
8 12 14 8 1068
8 12 14 10 2052
8 12 14 12 4256
8 10 15 9 1210
8 10 15 11 448
8 10 15 13 2938
8 12 15 9 1590
8 12 15 11 1042
8 12 15 13 728
9 11 0 2 782
9 11 0 4 2576
9 11 0 6 102
9 13 0 2 134
9 13 0 4 1378
9 13 0 6 442
9 11 1 3 3502
9 11 1 5 30
9 11 1 7 1334
9 13 1 3 4490
9 13 1 5 2380
9 13 1 7 610
9 11 2 0 1850
9 11 2 4 180
9 11 2 6 960
9 13 2 0 6158
9 13 2 4 360
9 13 2 6 850
9 11 3 1 2792
9 11 3 5 2496
9 11 3 7 862
9 13 3 1 2098
9 13 3 5 1720
9 13 3 7 346
9 11 4 0 1522
9 11 4 2 482
9 11 4 6 1232
9 13 4 0 1408
9 13 4 2 5078
9 13 4 6 3300
9 11 5 1 652
9 11 5 3 516
9 11 5 7 306
9 13 5 1 384
9 13 5 3 1230
9 13 5 7 594
9 11 6 0 364
9 11 6 2 3646
9 11 6 4 5128
9 13 6 0 522
9 13 6 2 6218
9 13 6 4 112
9 11 7 1 4142
9 11 7 3 656
9 11 7 5 6014
9 13 7 1 3954
9 13 7 3 3862
9 13 7 5 878
9 11 8 10 1574
9 11 8 12 1234
9 11 8 14 192
9 13 8 10 2712
9 13 8 12 4162
9 13 8 14 2972
9 11 9 11 876
9 11 9 13 224
9 11 9 15 864
9 13 9 11 1448
9 13 9 13 310
9 13 9 15 326
9 11 10 8 820
9 11 10 12 1660
9 11 10 14 2908
9 13 10 8 990
9 13 10 12 1876
9 13 10 14 1212
9 11 11 9 3660
9 11 11 13 2066
9 11 11 15 196
9 13 11 9 472
9 13 11 13 3098
9 13 11 15 554
9 11 12 8 4626
9 11 12 10 84
9 11 12 14 772
9 13 12 8 806
9 13 12 10 1296
9 13 12 14 1114
9 11 13 9 430
9 11 13 11 1470
9 11 13 15 514
9 13 13 9 1598
9 13 13 11 378
9 13 13 15 2350
9 11 14 8 2122
9 11 14 10 1842
9 11 14 12 1758
9 13 14 8 1014
9 13 14 10 1038
9 13 14 12 2188
9 11 15 9 722
9 11 15 11 1518
9 11 15 13 2180
9 13 15 9 2078
9 13 15 11 1480
9 13 15 13 1282
10 14 0 2 1290
10 14 0 4 1438
10 14 0 6 1254
10 14 1 3 2498
10 14 1 5 1972
10 14 1 7 3562
10 14 2 0 830
10 14 2 4 844
10 14 2 6 868
10 14 3 1 98
10 14 3 5 3794
10 14 3 7 3772
10 14 4 0 620
10 14 4 2 5196
10 14 4 6 1210
10 14 5 1 1056
10 14 5 3 356
10 14 5 7 2852
10 14 6 0 322
10 14 6 2 554
10 14 6 4 2202
10 14 7 1 2076
10 14 7 3 2664
10 14 7 5 670
10 14 8 10 1990
10 14 8 12 390
10 14 8 14 1938
10 14 9 11 1632
10 14 9 13 2508
10 14 9 15 3296
10 14 10 8 62
10 14 10 12 1408
10 14 10 14 3496
10 14 11 9 2286
10 14 11 13 3214
10 14 11 15 3706
10 14 12 8 1656
10 14 12 10 2412
10 14 12 14 26
10 14 13 9 1394
10 14 13 11 2048
10 14 13 15 108
10 14 14 8 248
10 14 14 10 2384
10 14 14 12 2952
10 14 15 9 1572
10 14 15 11 60
10 14 15 13 1622
11 15 0 2 918
11 15 0 4 1736
11 15 0 6 1840
11 15 1 3 184
11 15 1 5 1876
11 15 1 7 2508
11 15 2 0 690
11 15 2 4 1150
11 15 2 6 1214
11 15 3 1 2648
11 15 3 5 1436
11 15 3 7 1002
11 15 4 0 278
11 15 4 2 3166
11 15 4 6 2558
11 15 5 1 2316
11 15 5 3 3696
11 15 5 7 1824
11 15 6 0 860
11 15 6 2 716
11 15 6 4 378
11 15 7 1 1586
11 15 7 3 2890
11 15 7 5 542
11 15 8 10 648
11 15 8 12 1264
11 15 8 14 258
11 15 9 11 2282
11 15 9 13 1384
11 15 9 15 2370
11 15 10 8 4066
11 15 10 12 1006
11 15 10 14 222
11 15 11 9 1088
11 15 11 13 1344
11 15 11 15 788
11 15 12 8 744
11 15 12 10 774
11 15 12 14 1040
11 15 13 9 1002
11 15 13 11 2356
11 15 13 15 4774
11 15 14 8 2244
11 15 14 10 38
11 15 14 12 450
11 15 15 9 66
11 15 15 11 686
11 15 15 13 1542
12 14 0 2 44
12 14 0 4 64
12 14 0 6 3276
12 14 1 3 686
12 14 1 5 1662
12 14 1 7 2028
12 14 2 0 1092
12 14 2 4 2354
12 14 2 6 3660
12 14 3 1 1716
12 14 3 5 1406
12 14 3 7 594
12 14 4 0 2252
12 14 4 2 58
12 14 4 6 1240
12 14 5 1 720
12 14 5 3 1238
12 14 5 7 1448
12 14 6 0 2766
12 14 6 2 416
12 14 6 4 250
12 14 7 1 914
12 14 7 3 1160
12 14 7 5 866
12 14 8 10 1478
12 14 8 12 386
12 14 8 14 3660
12 14 9 11 3110
12 14 9 13 234
12 14 9 15 2864
12 14 10 8 1528
12 14 10 12 3360
12 14 10 14 1166
12 14 11 9 212
12 14 11 13 3170
12 14 11 15 3272
12 14 12 8 1274
12 14 12 10 1476
12 14 12 14 388
12 14 13 9 1996
12 14 13 11 1290
12 14 13 15 1930
12 14 14 8 2366
12 14 14 10 274
12 14 14 12 902
12 14 15 9 772
12 14 15 11 12
12 14 15 13 1964
13 15 0 2 912
13 15 0 4 1288
13 15 0 6 2710
13 15 1 3 1126
13 15 1 5 616
13 15 1 7 1938
13 15 2 0 48
13 15 2 4 1204
13 15 2 6 2896
13 15 3 1 2352
13 15 3 5 1020
13 15 3 7 4044
13 15 4 0 1142
13 15 4 2 1290
13 15 4 6 614
13 15 5 1 2602
13 15 5 3 1972
13 15 5 7 514
13 15 6 0 1208
13 15 6 2 280
13 15 6 4 146
13 15 7 1 2148
13 15 7 3 324
13 15 7 5 2736
13 15 8 10 2072
13 15 8 12 614
13 15 8 14 1806
13 15 9 11 200
13 15 9 13 1858
13 15 9 15 1260
13 15 10 8 2226
13 15 10 12 4944
13 15 10 14 520
13 15 11 9 1354
13 15 11 13 3518
13 15 11 15 518
13 15 12 8 418
13 15 12 10 940
13 15 12 14 2724
13 15 13 9 2498
13 15 13 11 1026
13 15 13 15 2184
13 15 14 8 5172
13 15 14 10 1122
13 15 14 12 2270
13 15 15 9 216
13 15 15 11 1690
13 15 15 13 2314
