0 2 0 2 1022
0 2 0 4 3326
0 2 0 6 1596
0 4 0 2 2738
0 4 0 4 588
0 4 0 6 134
0 8 0 2 156
0 8 0 4 876
0 8 0 6 4250
0 2 1 3 2078
0 2 1 5 126
0 2 1 7 114
0 4 1 3 146
0 4 1 5 1814
0 4 1 7 1182
0 8 1 3 1792
0 8 1 5 1966
0 8 1 7 874
0 2 2 0 2052
0 2 2 4 758
0 2 2 6 190
0 4 2 0 5562
0 4 2 4 1394
0 4 2 6 1954
0 8 2 0 914
0 8 2 4 282
0 8 2 6 1532
0 2 3 1 1014
0 2 3 5 1520
0 2 3 7 3750
0 4 3 1 2856
0 4 3 5 364
0 4 3 7 3968
0 8 3 1 332
0 8 3 5 5286
0 8 3 7 5228
0 2 4 0 460
0 2 4 2 1316
0 2 4 6 290
0 4 4 0 1436
0 4 4 2 2346
0 4 4 6 1514
0 8 4 0 980
0 8 4 2 1834
0 8 4 6 1036
0 2 5 1 1160
0 2 5 3 1056
0 2 5 7 448
0 4 5 1 1732
0 4 5 3 2140
0 4 5 7 964
0 8 5 1 2618
0 8 5 3 822
0 8 5 7 492
0 2 6 0 3214
0 2 6 2 684
0 2 6 4 3154
0 4 6 0 762
0 4 6 2 1656
0 4 6 4 1486
0 8 6 0 788
0 8 6 2 1324
0 8 6 4 2448
0 2 7 1 1408
0 2 7 3 2572
0 2 7 5 582
0 4 7 1 4112
0 4 7 3 242
0 4 7 5 2378
0 8 7 1 1912
0 8 7 3 1444
0 8 7 5 810
0 2 8 10 998
0 2 8 12 2422
0 2 8 14 380
0 4 8 10 906
0 4 8 12 700
0 4 8 14 1146
0 8 8 10 422
0 8 8 12 2538
0 8 8 14 1334
0 2 9 11 3200
0 2 9 13 2140
0 2 9 15 580
0 4 9 11 166
0 4 9 13 1296
0 4 9 15 4624
0 8 9 11 408
0 8 9 13 1154
0 8 9 15 2160
0 2 10 8 2870
0 2 10 12 4240
0 2 10 14 1674
0 4 10 8 1276
0 4 10 12 3390
0 4 10 14 812
0 8 10 8 4496
0 8 10 12 1402
0 8 10 14 378
0 2 11 9 3164
0 2 11 13 2152
0 2 11 15 3852
0 4 11 9 1928
0 4 11 13 2422
0 4 11 15 240
0 8 11 9 82
0 8 11 13 3882
0 8 11 15 1396
0 2 12 8 3724
0 2 12 10 1578
0 2 12 14 1232
0 4 12 8 780
0 4 12 10 344
0 4 12 14 2792
0 8 12 8 116
0 8 12 10 782
0 8 12 14 458
0 2 13 9 2214
0 2 13 11 286
0 2 13 15 354
0 4 13 9 448
0 4 13 11 2286
0 4 13 15 1824
0 8 13 9 2668
0 8 13 11 696
0 8 13 15 534
0 2 14 8 356
0 2 14 10 10
0 2 14 12 536
0 4 14 8 1398
0 4 14 10 1918
0 4 14 12 3208
0 8 14 8 2418
0 8 14 10 3900
0 8 14 12 1228
0 2 15 9 604
0 2 15 11 1646
0 2 15 13 3236
0 4 15 9 2652
0 4 15 11 3524
0 4 15 13 3386
0 8 15 9 2904
0 8 15 11 90
0 8 15 13 792
1 3 0 2 1342
1 3 0 4 1084
1 3 0 6 26
1 5 0 2 564
1 5 0 4 242
1 5 0 6 84
1 9 0 2 88
1 9 0 4 266
1 9 0 6 874
1 3 1 3 2976
1 3 1 5 2998
1 3 1 7 92
1 5 1 3 1306
1 5 1 5 2788
1 5 1 7 2068
1 9 1 3 536
1 9 1 5 526
1 9 1 7 2986
1 3 2 0 554
1 3 2 4 426
1 3 2 6 1242
1 5 2 0 1278
1 5 2 4 2730
1 5 2 6 1182
1 9 2 0 482
1 9 2 4 440
1 9 2 6 810
1 3 3 1 44
1 3 3 5 2996
1 3 3 7 946
1 5 3 1 1960
1 5 3 5 2026
1 5 3 7 454
1 9 3 1 112
1 9 3 5 272
1 9 3 7 4310
1 3 4 0 408
1 3 4 2 1516
1 3 4 6 1698
1 5 4 0 624
1 5 4 2 276
1 5 4 6 692
1 9 4 0 3546
1 9 4 2 2100
1 9 4 6 1280
1 3 5 1 1658
1 3 5 3 1542
1 3 5 7 78
1 5 5 1 546
1 5 5 3 1836
1 5 5 7 464
1 9 5 1 556
1 9 5 3 400
1 9 5 7 1522
1 3 6 0 828
1 3 6 2 3704
1 3 6 4 316
1 5 6 0 700
1 5 6 2 2362
1 5 6 4 4128
1 9 6 0 1890
1 9 6 2 1238
1 9 6 4 1812
1 3 7 1 2822
1 3 7 3 1324
1 3 7 5 1592
1 5 7 1 1520
1 5 7 3 296
1 5 7 5 1220
1 9 7 1 636
1 9 7 3 722
1 9 7 5 1672
1 3 8 10 116
1 3 8 12 384
1 3 8 14 114
1 5 8 10 1490
1 5 8 12 1100
1 5 8 14 820
1 9 8 10 478
1 9 8 12 1604
1 9 8 14 3956
1 3 9 11 1154
1 3 9 13 1028
1 3 9 15 1428
1 5 9 11 622
1 5 9 13 1098
1 5 9 15 2206
1 9 9 11 912
1 9 9 13 2416
1 9 9 15 800
1 3 10 8 5312
1 3 10 12 1082
1 3 10 14 1494
1 5 10 8 50
1 5 10 12 792
1 5 10 14 1972
1 9 10 8 482
1 9 10 12 758
1 9 10 14 1110
1 3 11 9 2368
1 3 11 13 1138
1 3 11 15 1842
1 5 11 9 1962
1 5 11 13 1278
1 5 11 15 214
1 9 11 9 532
1 9 11 13 1698
1 9 11 15 534
1 3 12 8 692
1 3 12 10 1170
1 3 12 14 60
1 5 12 8 878
1 5 12 10 1810
1 5 12 14 3224
1 9 12 8 4654
1 9 12 10 818
1 9 12 14 1484
1 3 13 9 190
1 3 13 11 1580
1 3 13 15 3446
1 5 13 9 932
1 5 13 11 2786
1 5 13 15 1272
1 9 13 9 1928
1 9 13 11 724
1 9 13 15 774
1 3 14 8 1076
1 3 14 10 1496
1 3 14 12 4640
1 5 14 8 1382
1 5 14 10 768
1 5 14 12 942
1 9 14 8 128
1 9 14 10 1732
1 9 14 12 212
1 3 15 9 1294
1 3 15 11 74
1 3 15 13 112
1 5 15 9 746
1 5 15 11 62
1 5 15 13 392
1 9 15 9 1708
1 9 15 11 5208
1 9 15 13 2346
2 6 0 2 944
2 6 0 4 926
2 6 0 6 2012
2 10 0 2 6410
2 10 0 4 58
2 10 0 6 570
2 6 1 3 1412
2 6 1 5 4544
2 6 1 7 86
2 10 1 3 1890
2 10 1 5 852
2 10 1 7 1864
2 6 2 0 358
2 6 2 4 1532
2 6 2 6 3360
2 10 2 0 576
2 10 2 4 1162
2 10 2 6 4996
2 6 3 1 1590
2 6 3 5 2606
2 6 3 7 1412
2 10 3 1 2506
2 10 3 5 614
2 10 3 7 1070
2 6 4 0 3672
2 6 4 2 1920
2 6 4 6 2756
2 10 4 0 1734
2 10 4 2 1572
2 10 4 6 1374
2 6 5 1 4434
2 6 5 3 878
2 6 5 7 156
2 10 5 1 1200
2 10 5 3 586
2 10 5 7 1294
2 6 6 0 1666
2 6 6 2 548
2 6 6 4 1736
2 10 6 0 1256
2 10 6 2 770
2 10 6 4 1086
2 6 7 1 1918
2 6 7 3 54
2 6 7 5 1408
2 10 7 1 28
2 10 7 3 3554
2 10 7 5 2354
2 6 8 10 302
2 6 8 12 2038
2 6 8 14 58
2 10 8 10 2988
2 10 8 12 736
2 10 8 14 3144
2 6 9 11 1334
2 6 9 13 2874
2 6 9 15 1094
2 10 9 11 2572
2 10 9 13 560
2 10 9 15 1560
2 6 10 8 2432
2 6 10 12 3872
2 6 10 14 354
2 10 10 8 678
2 10 10 12 1338
2 10 10 14 2330
2 6 11 9 2418
2 6 11 13 2284
2 6 11 15 3222
2 10 11 9 416
2 10 11 13 3138
2 10 11 15 4132
2 6 12 8 2336
2 6 12 10 3470
2 6 12 14 634
2 10 12 8 544
2 10 12 10 464
2 10 12 14 3092
2 6 13 9 1720
2 6 13 11 1078
2 6 13 15 644
2 10 13 9 2038
2 10 13 11 146
2 10 13 15 1826
2 6 14 8 1252
2 6 14 10 1336
2 6 14 12 2722
2 10 14 8 3430
2 10 14 10 386
2 10 14 12 3612
2 6 15 9 1384
2 6 15 11 320
2 6 15 13 2144
2 10 15 9 1068
2 10 15 11 442
2 10 15 13 514
3 7 0 2 1994
3 7 0 4 608
3 7 0 6 2474
3 11 0 2 1482
3 11 0 4 1364
3 11 0 6 410
3 7 1 3 3574
3 7 1 5 3064
3 7 1 7 1782
3 11 1 3 1428
3 11 1 5 3864
3 11 1 7 3484
3 7 2 0 2134
3 7 2 4 1058
3 7 2 6 714
3 11 2 0 598
3 11 2 4 2104
3 11 2 6 2114
3 7 3 1 34
3 7 3 5 2310
3 7 3 7 442
3 11 3 1 1848
3 11 3 5 982
3 11 3 7 2350
3 7 4 0 1018
3 7 4 2 2344
3 7 4 6 932
3 11 4 0 2840
3 11 4 2 1990
3 11 4 6 3672
3 7 5 1 1434
3 7 5 3 1452
3 7 5 7 874
3 11 5 1 3232
3 11 5 3 302
3 11 5 7 2
3 7 6 0 80
3 7 6 2 3810
3 7 6 4 278
3 11 6 0 76
3 11 6 2 2316
3 11 6 4 2370
3 7 7 1 1348
3 7 7 3 118
3 7 7 5 480
3 11 7 1 2254
3 11 7 3 2910
3 11 7 5 960
3 7 8 10 2532
3 7 8 12 2492
3 7 8 14 744
3 11 8 10 3008
3 11 8 12 1428
3 11 8 14 1422
3 7 9 11 306
3 7 9 13 3428
3 7 9 15 44
3 11 9 11 1786
3 11 9 13 60
3 11 9 15 2104
3 7 10 8 3262
3 7 10 12 3632
3 7 10 14 3290
3 11 10 8 174
3 11 10 12 188
3 11 10 14 366
3 7 11 9 214
3 7 11 13 1296
3 7 11 15 2540
3 11 11 9 2430
3 11 11 13 2162
3 11 11 15 542
3 7 12 8 1912
3 7 12 10 2588
3 7 12 14 1198
3 11 12 8 916
3 11 12 10 190
3 11 12 14 1602
3 7 13 9 1986
3 7 13 11 1556
3 7 13 15 524
3 11 13 9 228
3 11 13 11 2884
3 11 13 15 1690
3 7 14 8 2050
3 7 14 10 1162
3 7 14 12 776
3 11 14 8 1530
3 11 14 10 2460
3 11 14 12 968
3 7 15 9 1906
3 7 15 11 1132
3 7 15 13 1922
3 11 15 9 2124
3 11 15 11 1626
3 11 15 13 1620
4 6 0 2 292
4 6 0 4 3464
4 6 0 6 752
4 12 0 2 810
4 12 0 4 3236
4 12 0 6 374
4 6 1 3 414
4 6 1 5 2138
4 6 1 7 3620
4 12 1 3 364
4 12 1 5 1060
4 12 1 7 532
4 6 2 0 2832
4 6 2 4 1464
4 6 2 6 2532
4 12 2 0 1838
4 12 2 4 1116
4 12 2 6 2916
4 6 3 1 164
4 6 3 5 682
4 6 3 7 560
4 12 3 1 1206
4 12 3 5 3962
4 12 3 7 2866
4 6 4 0 22
4 6 4 2 560
4 6 4 6 2984
4 12 4 0 1908
4 12 4 2 2606
4 12 4 6 688
4 6 5 1 1854
4 6 5 3 2880
4 6 5 7 878
4 12 5 1 524
4 12 5 3 2184
4 12 5 7 4992
4 6 6 0 986
4 6 6 2 1450
4 6 6 4 3134
4 12 6 0 270
4 12 6 2 4516
4 12 6 4 1644
4 6 7 1 14
4 6 7 3 1872
4 6 7 5 1338
4 12 7 1 896
4 12 7 3 4268
4 12 7 5 1282
4 6 8 10 2322
4 6 8 12 1032
4 6 8 14 1214
4 12 8 10 3914
4 12 8 12 2644
4 12 8 14 1702
4 6 9 11 846
4 6 9 13 1910
4 6 9 15 376
4 12 9 11 2026
4 12 9 13 1460
4 12 9 15 2956
4 6 10 8 3208
4 6 10 12 1238
4 6 10 14 2700
4 12 10 8 4778
4 12 10 12 1080
4 12 10 14 3190
4 6 11 9 334
4 6 11 13 350
4 6 11 15 874
4 12 11 9 1414
4 12 11 13 314
4 12 11 15 1740
4 6 12 8 688
4 6 12 10 1954
4 6 12 14 1332
4 12 12 8 124
4 12 12 10 32
4 12 12 14 326
4 6 13 9 1470
4 6 13 11 2468
4 6 13 15 348
4 12 13 9 1616
4 12 13 11 102
4 12 13 15 472
4 6 14 8 490
4 6 14 10 230
4 6 14 12 978
4 12 14 8 1134
4 12 14 10 484
4 12 14 12 3046
4 6 15 9 1792
4 6 15 11 76
4 6 15 13 164
4 12 15 9 1800
4 12 15 11 1780
4 12 15 13 74
5 7 0 2 1350
5 7 0 4 2916
5 7 0 6 236
5 13 0 2 2074
5 13 0 4 338
5 13 0 6 874
5 7 1 3 2596
5 7 1 5 1292
5 7 1 7 3694
5 13 1 3 3610
5 13 1 5 744
5 13 1 7 584
5 7 2 0 1684
5 7 2 4 1048
5 7 2 6 2652
5 13 2 0 2970
5 13 2 4 2266
5 13 2 6 946
5 7 3 1 936
5 7 3 5 932
5 7 3 7 1678
5 13 3 1 1194
5 13 3 5 4450
5 13 3 7 592
5 7 4 0 3612
5 7 4 2 2984
5 7 4 6 244
5 13 4 0 820
5 13 4 2 182
5 13 4 6 754
5 7 5 1 80
5 7 5 3 2282
5 7 5 7 494
5 13 5 1 1432
5 13 5 3 1252
5 13 5 7 3918
5 7 6 0 3302
5 7 6 2 1122
5 7 6 4 1676
5 13 6 0 988
5 13 6 2 1074
5 13 6 4 2314
5 7 7 1 122
5 7 7 3 1334
5 7 7 5 2182
5 13 7 1 1966
5 13 7 3 3342
5 13 7 5 230
5 7 8 10 974
5 7 8 12 702
5 7 8 14 78
5 13 8 10 236
5 13 8 12 164
5 13 8 14 4412
5 7 9 11 2674
5 7 9 13 2364
5 7 9 15 2014
5 13 9 11 360
5 13 9 13 2458
5 13 9 15 184
5 7 10 8 1450
5 7 10 12 836
5 7 10 14 1276
5 13 10 8 3010
5 13 10 12 1350
5 13 10 14 398
5 7 11 9 1664
5 7 11 13 152
5 7 11 15 1790
5 13 11 9 1680
5 13 11 13 1354
5 13 11 15 2236
5 7 12 8 862
5 7 12 10 2574
5 7 12 14 1974
5 13 12 8 702
5 13 12 10 2690
5 13 12 14 294
5 7 13 9 2012
5 7 13 11 888
5 7 13 15 1836
5 13 13 9 304
5 13 13 11 1470
5 13 13 15 670
5 7 14 8 2780
5 7 14 10 1900
5 7 14 12 1338
5 13 14 8 1954
5 13 14 10 1866
5 13 14 12 328
5 7 15 9 5200
5 7 15 11 320
5 7 15 13 1486
5 13 15 9 2320
5 13 15 11 2646
5 13 15 13 146
6 14 0 2 1306
6 14 0 4 630
6 14 0 6 4812
6 14 1 3 342
6 14 1 5 100
6 14 1 7 2262
6 14 2 0 1130
6 14 2 4 480
6 14 2 6 1326
6 14 3 1 796
6 14 3 5 302
6 14 3 7 1690
6 14 4 0 3090
6 14 4 2 1984
6 14 4 6 336
6 14 5 1 4106
6 14 5 3 996
6 14 5 7 678
6 14 6 0 1172
6 14 6 2 3206
6 14 6 4 3436
6 14 7 1 2046
6 14 7 3 1368
6 14 7 5 96
6 14 8 10 312
6 14 8 12 4572
6 14 8 14 208
6 14 9 11 1668
6 14 9 13 1942
6 14 9 15 2366
6 14 10 8 644
6 14 10 12 2356
6 14 10 14 1750
6 14 11 9 1546
6 14 11 13 1174
6 14 11 15 2062
6 14 12 8 350
6 14 12 10 44
6 14 12 14 1610
6 14 13 9 2564
6 14 13 11 2672
6 14 13 15 186
6 14 14 8 1558
6 14 14 10 2786
6 14 14 12 160
6 14 15 9 4832
6 14 15 11 458
6 14 15 13 138
7 15 0 2 1262
7 15 0 4 512
7 15 0 6 1150
7 15 1 3 1088
7 15 1 5 2198
7 15 1 7 1420
7 15 2 0 2306
7 15 2 4 3410
7 15 2 6 1340
7 15 3 1 854
7 15 3 5 2060
7 15 3 7 2060
7 15 4 0 524
7 15 4 2 2108
7 15 4 6 3436
7 15 5 1 1408
7 15 5 3 1404
7 15 5 7 584
7 15 6 0 1298
7 15 6 2 1324
7 15 6 4 4254
7 15 7 1 982
7 15 7 3 1418
7 15 7 5 1850
7 15 8 10 688
7 15 8 12 1626
7 15 8 14 190
7 15 9 11 2596
7 15 9 13 2814
7 15 9 15 488
7 15 10 8 306
7 15 10 12 1250
7 15 10 14 538
7 15 11 9 3166
7 15 11 13 1510
7 15 11 15 164
7 15 12 8 194
7 15 12 10 1804
7 15 12 14 3242
7 15 13 9 1466
7 15 13 11 28
7 15 13 15 812
7 15 14 8 2242
7 15 14 10 120
7 15 14 12 2964
7 15 15 9 1420
7 15 15 11 1058
7 15 15 13 1806
8 10 0 2 1458
8 10 0 4 3564
8 10 0 6 2178
8 12 0 2 366
8 12 0 4 2810
8 12 0 6 1388
8 10 1 3 982
8 10 1 5 818
8 10 1 7 1878
8 12 1 3 1898
8 12 1 5 3384
8 12 1 7 2394
8 10 2 0 2854
8 10 2 4 816
8 10 2 6 1056
8 12 2 0 644
8 12 2 4 1056
8 12 2 6 514
8 10 3 1 2652
8 10 3 5 3134
8 10 3 7 208
8 12 3 1 2816
8 12 3 5 3568
8 12 3 7 1384
8 10 4 0 958
8 10 4 2 2312
8 10 4 6 1520
8 12 4 0 650
8 12 4 2 934
8 12 4 6 1026
8 10 5 1 522
8 10 5 3 332
8 10 5 7 934
8 12 5 1 2552
8 12 5 3 512
8 12 5 7 1922
8 10 6 0 4296
8 10 6 2 914
8 10 6 4 2306
8 12 6 0 2324
8 12 6 2 1048
8 12 6 4 710
8 10 7 1 3552
8 10 7 3 4620
8 10 7 5 1452
8 12 7 1 984
8 12 7 3 3510
8 12 7 5 3334
8 10 8 10 1222
8 10 8 12 370
8 10 8 14 2610
8 12 8 10 662
8 12 8 12 376
8 12 8 14 1420
8 10 9 11 150
8 10 9 13 1204
8 10 9 15 2056
8 12 9 11 262
8 12 9 13 752
8 12 9 15 3880
8 10 10 8 3912
8 10 10 12 326
8 10 10 14 664
8 12 10 8 4558
8 12 10 12 1006
8 12 10 14 770
8 10 11 9 942
8 10 11 13 2198
8 10 11 15 1678
8 12 11 9 28
8 12 11 13 640
8 12 11 15 1126
8 10 12 8 638
8 10 12 10 484
8 10 12 14 4228
8 12 12 8 3010
8 12 12 10 1894
8 12 12 14 1578
8 10 13 9 564
8 10 13 11 2272
8 10 13 15 1764
8 12 13 9 1754
8 12 13 11 3886
8 12 13 15 496
8 10 14 8 946
8 10 14 10 264
8 10 14 12 2116
8 12 14 8 3216
8 12 14 10 248
8 12 14 12 2258
8 10 15 9 3580
8 10 15 11 546
8 10 15 13 2254
8 12 15 9 2836
8 12 15 11 596
8 12 15 13 2420
9 11 0 2 1884
9 11 0 4 4570
9 11 0 6 1710
9 13 0 2 324
9 13 0 4 1878
9 13 0 6 1036
9 11 1 3 4164
9 11 1 5 1220
9 11 1 7 1928
9 13 1 3 3180
9 13 1 5 672
9 13 1 7 950
9 11 2 0 1010
9 11 2 4 1350
9 11 2 6 1282
9 13 2 0 4986
9 13 2 4 1868
9 13 2 6 74
9 11 3 1 614
9 11 3 5 2796
9 11 3 7 876
9 13 3 1 770
9 13 3 5 1118
9 13 3 7 1622
9 11 4 0 5292
9 11 4 2 1402
9 11 4 6 160
9 13 4 0 2782
9 13 4 2 1380
9 13 4 6 1624
9 11 5 1 2412
9 11 5 3 130
9 11 5 7 4028
9 13 5 1 34
9 13 5 3 936
9 13 5 7 924
9 11 6 0 1346
9 11 6 2 214
9 11 6 4 162
9 13 6 0 1404
9 13 6 2 260
9 13 6 4 1276
9 11 7 1 1698
9 11 7 3 964
9 11 7 5 2180
9 13 7 1 136
9 13 7 3 1462
9 13 7 5 852
9 11 8 10 3214
9 11 8 12 3330
9 11 8 14 288
9 13 8 10 1672
9 13 8 12 4326
9 13 8 14 1024
9 11 9 11 4820
9 11 9 13 2066
9 11 9 15 1510
9 13 9 11 4206
9 13 9 13 2068
9 13 9 15 2546
9 11 10 8 806
9 11 10 12 1150
9 11 10 14 882
9 13 10 8 2226
9 13 10 12 4190
9 13 10 14 484
9 11 11 9 3430
9 11 11 13 786
9 11 11 15 36
9 13 11 9 316
9 13 11 13 1566
9 13 11 15 1016
9 11 12 8 2812
9 11 12 10 378
9 11 12 14 2284
9 13 12 8 1860
9 13 12 10 4166
9 13 12 14 516
9 11 13 9 1430
9 11 13 11 2582
9 11 13 15 3072
9 13 13 9 1316
9 13 13 11 1150
9 13 13 15 2178
9 11 14 8 3222
9 11 14 10 4
9 11 14 12 414
9 13 14 8 340
9 13 14 10 1474
9 13 14 12 178
9 11 15 9 704
9 11 15 11 1568
9 11 15 13 2388
9 13 15 9 1510
9 13 15 11 148
9 13 15 13 1572
10 14 0 2 1746
10 14 0 4 1802
10 14 0 6 1442
10 14 1 3 1868
10 14 1 5 2364
10 14 1 7 3172
10 14 2 0 1370
10 14 2 4 2736
10 14 2 6 3132
10 14 3 1 968
10 14 3 5 1148
10 14 3 7 1166
10 14 4 0 1046
10 14 4 2 718
10 14 4 6 642
10 14 5 1 0
10 14 5 3 2290
10 14 5 7 22
10 14 6 0 708
10 14 6 2 274
10 14 6 4 58
10 14 7 1 2720
10 14 7 3 1364
10 14 7 5 772
10 14 8 10 1004
10 14 8 12 1380
10 14 8 14 1786
10 14 9 11 262
10 14 9 13 1020
10 14 9 15 3930
10 14 10 8 1410
10 14 10 12 748
10 14 10 14 482
10 14 11 9 3666
10 14 11 13 834
10 14 11 15 2132
10 14 12 8 2894
10 14 12 10 4130
10 14 12 14 1176
10 14 13 9 1082
10 14 13 11 702
10 14 13 15 798
10 14 14 8 140
10 14 14 10 1064
10 14 14 12 3072
10 14 15 9 1438
10 14 15 11 874
10 14 15 13 26
11 15 0 2 1218
11 15 0 4 2966
11 15 0 6 952
11 15 1 3 3938
11 15 1 5 124
11 15 1 7 3106
11 15 2 0 1988
11 15 2 4 4218
11 15 2 6 240
11 15 3 1 5752
11 15 3 5 3326
11 15 3 7 4244
11 15 4 0 4474
11 15 4 2 3408
11 15 4 6 142
11 15 5 1 1186
11 15 5 3 632
11 15 5 7 1086
11 15 6 0 80
11 15 6 2 1604
11 15 6 4 1342
11 15 7 1 1078
11 15 7 3 2924
11 15 7 5 2500
11 15 8 10 3402
11 15 8 12 928
11 15 8 14 208
11 15 9 11 2040
11 15 9 13 28
11 15 9 15 198
11 15 10 8 3504
11 15 10 12 2178
11 15 10 14 1814
11 15 11 9 572
11 15 11 13 1450
11 15 11 15 3056
11 15 12 8 3018
11 15 12 10 2350
11 15 12 14 4040
11 15 13 9 460
11 15 13 11 448
11 15 13 15 2384
11 15 14 8 2346
11 15 14 10 1920
11 15 14 12 260
11 15 15 9 4208
11 15 15 11 752
11 15 15 13 946
12 14 0 2 2190
12 14 0 4 2746
12 14 0 6 3836
12 14 1 3 778
12 14 1 5 2356
12 14 1 7 2046
12 14 2 0 146
12 14 2 4 252
12 14 2 6 4190
12 14 3 1 518
12 14 3 5 1674
12 14 3 7 2856
12 14 4 0 776
12 14 4 2 688
12 14 4 6 1602
12 14 5 1 450
12 14 5 3 2738
12 14 5 7 3976
12 14 6 0 2802
12 14 6 2 1204
12 14 6 4 758
12 14 7 1 96
12 14 7 3 182
12 14 7 5 2800
12 14 8 10 964
12 14 8 12 1782
12 14 8 14 2344
12 14 9 11 1516
12 14 9 13 3098
12 14 9 15 884
12 14 10 8 446
12 14 10 12 1034
12 14 10 14 398
12 14 11 9 2420
12 14 11 13 190
12 14 11 15 960
12 14 12 8 552
12 14 12 10 402
12 14 12 14 50
12 14 13 9 1922
12 14 13 11 174
12 14 13 15 1494
12 14 14 8 3516
12 14 14 10 2762
12 14 14 12 48
12 14 15 9 3816
12 14 15 11 2282
12 14 15 13 1734
13 15 0 2 1352
13 15 0 4 1422
13 15 0 6 3102
13 15 1 3 666
13 15 1 5 4762
13 15 1 7 2274
13 15 2 0 1298
13 15 2 4 1526
13 15 2 6 652
13 15 3 1 1660
13 15 3 5 3112
13 15 3 7 2424
13 15 4 0 514
13 15 4 2 2062
13 15 4 6 1862
13 15 5 1 370
13 15 5 3 500
13 15 5 7 4048
13 15 6 0 540
13 15 6 2 1786
13 15 6 4 410
13 15 7 1 2400
13 15 7 3 3708
13 15 7 5 134
13 15 8 10 2340
13 15 8 12 2148
13 15 8 14 2352
13 15 9 11 3428
13 15 9 13 244
13 15 9 15 1948
13 15 10 8 828
13 15 10 12 2636
13 15 10 14 3856
13 15 11 9 1016
13 15 11 13 1332
13 15 11 15 686
13 15 12 8 1914
13 15 12 10 1708
13 15 12 14 246
13 15 13 9 194
13 15 13 11 2572
13 15 13 15 2692
13 15 14 8 3640
13 15 14 10 2286
13 15 14 12 4474
13 15 15 9 700
13 15 15 11 1100
13 15 15 13 732
