0 2 0 2 1022
0 2 0 4 370
0 2 0 6 3198
0 4 0 2 2598
0 4 0 4 2572
0 4 0 6 3162
0 8 0 2 188
0 8 0 4 2692
0 8 0 6 2808
0 2 1 3 2422
0 2 1 5 2102
0 2 1 7 2212
0 4 1 3 834
0 4 1 5 1564
0 4 1 7 286
0 8 1 3 184
0 8 1 5 3222
0 8 1 7 1156
0 2 2 0 1910
0 2 2 4 1154
0 2 2 6 486
0 4 2 0 1388
0 4 2 4 570
0 4 2 6 1356
0 8 2 0 3514
0 8 2 4 1390
0 8 2 6 1006
0 2 3 1 910
0 2 3 5 252
0 2 3 7 7972
0 4 3 1 270
0 4 3 5 2582
0 4 3 7 1920
0 8 3 1 1714
0 8 3 5 108
0 8 3 7 716
0 2 4 0 2196
0 2 4 2 504
0 2 4 6 2
0 4 4 0 204
0 4 4 2 2710
0 4 4 6 864
0 8 4 0 1030
0 8 4 2 1826
0 8 4 6 440
0 2 5 1 356
0 2 5 3 270
0 2 5 7 1502
0 4 5 1 2832
0 4 5 3 1856
0 4 5 7 1782
0 8 5 1 828
0 8 5 3 500
0 8 5 7 4198
0 2 6 0 506
0 2 6 2 1430
0 2 6 4 2150
0 4 6 0 94
0 4 6 2 1368
0 4 6 4 696
0 8 6 0 1426
0 8 6 2 2718
0 8 6 4 2376
0 2 7 1 1344
0 2 7 3 388
0 2 7 5 1258
0 4 7 1 1416
0 4 7 3 1118
0 4 7 5 802
0 8 7 1 3200
0 8 7 3 1954
0 8 7 5 3500
0 2 8 10 256
0 2 8 12 2182
0 2 8 14 2124
0 4 8 10 1056
0 4 8 12 1502
0 4 8 14 3728
0 8 8 10 5662
0 8 8 12 6146
0 8 8 14 66
0 2 9 11 1758
0 2 9 13 4218
0 2 9 15 1736
0 4 9 11 2754
0 4 9 13 1272
0 4 9 15 536
0 8 9 11 1178
0 8 9 13 2992
0 8 9 15 2098
0 2 10 8 2356
0 2 10 12 134
0 2 10 14 1338
0 4 10 8 1832
0 4 10 12 1916
0 4 10 14 3324
0 8 10 8 2928
0 8 10 12 394
0 8 10 14 2276
0 2 11 9 3930
0 2 11 13 130
0 2 11 15 842
0 4 11 9 1424
0 4 11 13 882
0 4 11 15 1294
0 8 11 9 4096
0 8 11 13 2072
0 8 11 15 1286
0 2 12 8 2656
0 2 12 10 2410
0 2 12 14 1690
0 4 12 8 156
0 4 12 10 4172
0 4 12 14 2194
0 8 12 8 420
0 8 12 10 1084
0 8 12 14 3674
0 2 13 9 748
0 2 13 11 1502
0 2 13 15 420
0 4 13 9 2418
0 4 13 11 168
0 4 13 15 1302
0 8 13 9 218
0 8 13 11 4014
0 8 13 15 120
0 2 14 8 1112
0 2 14 10 114
0 2 14 12 1756
0 4 14 8 1512
0 4 14 10 1380
0 4 14 12 3076
0 8 14 8 2030
0 8 14 10 1014
0 8 14 12 490
0 2 15 9 702
0 2 15 11 2446
0 2 15 13 772
0 4 15 9 118
0 4 15 11 586
0 4 15 13 2430
0 8 15 9 1896
0 8 15 11 142
0 8 15 13 1662
1 3 0 2 1134
1 3 0 4 1060
1 3 0 6 388
1 5 0 2 758
1 5 0 4 914
1 5 0 6 2170
1 9 0 2 926
1 9 0 4 3272
1 9 0 6 2620
1 3 1 3 1694
1 3 1 5 2696
1 3 1 7 1182
1 5 1 3 2140
1 5 1 5 1766
1 5 1 7 154
1 9 1 3 216
1 9 1 5 1524
1 9 1 7 1048
1 3 2 0 3930
1 3 2 4 1690
1 3 2 6 1210
1 5 2 0 3340
1 5 2 4 2456
1 5 2 6 2256
1 9 2 0 418
1 9 2 4 2918
1 9 2 6 3636
1 3 3 1 4516
1 3 3 5 678
1 3 3 7 1314
1 5 3 1 1366
1 5 3 5 1926
1 5 3 7 380
1 9 3 1 32
1 9 3 5 1690
1 9 3 7 2772
1 3 4 0 496
1 3 4 2 1310
1 3 4 6 1438
1 5 4 0 1618
1 5 4 2 1272
1 5 4 6 40
1 9 4 0 1816
1 9 4 2 490
1 9 4 6 988
1 3 5 1 1144
1 3 5 3 30
1 3 5 7 1010
1 5 5 1 3058
1 5 5 3 1458
1 5 5 7 386
1 9 5 1 210
1 9 5 3 1588
1 9 5 7 3154
1 3 6 0 3582
1 3 6 2 216
1 3 6 4 3086
1 5 6 0 774
1 5 6 2 2006
1 5 6 4 222
1 9 6 0 1348
1 9 6 2 2104
1 9 6 4 254
1 3 7 1 2352
1 3 7 3 1028
1 3 7 5 218
1 5 7 1 870
1 5 7 3 1892
1 5 7 5 664
1 9 7 1 2714
1 9 7 3 1566
1 9 7 5 2250
1 3 8 10 3018
1 3 8 12 796
1 3 8 14 604
1 5 8 10 2212
1 5 8 12 798
1 5 8 14 1700
1 9 8 10 1904
1 9 8 12 766
1 9 8 14 3794
1 3 9 11 742
1 3 9 13 322
1 3 9 15 2902
1 5 9 11 1236
1 5 9 13 424
1 5 9 15 962
1 9 9 11 1202
1 9 9 13 352
1 9 9 15 144
1 3 10 8 2584
1 3 10 12 2994
1 3 10 14 2940
1 5 10 8 3862
1 5 10 12 2174
1 5 10 14 1006
1 9 10 8 3618
1 9 10 12 2452
1 9 10 14 438
1 3 11 9 1218
1 3 11 13 430
1 3 11 15 954
1 5 11 9 3850
1 5 11 13 116
1 5 11 15 1208
1 9 11 9 2560
1 9 11 13 604
1 9 11 15 1242
1 3 12 8 2044
1 3 12 10 678
1 3 12 14 3784
1 5 12 8 1460
1 5 12 10 1802
1 5 12 14 1118
1 9 12 8 2254
1 9 12 10 2124
1 9 12 14 400
1 3 13 9 88
1 3 13 11 508
1 3 13 15 34
1 5 13 9 1592
1 5 13 11 420
1 5 13 15 966
1 9 13 9 3138
1 9 13 11 1584
1 9 13 15 3132
1 3 14 8 1346
1 3 14 10 1368
1 3 14 12 970
1 5 14 8 1212
1 5 14 10 2456
1 5 14 12 5302
1 9 14 8 3654
1 9 14 10 2910
1 9 14 12 3436
1 3 15 9 1970
1 3 15 11 890
1 3 15 13 2738
1 5 15 9 492
1 5 15 11 1784
1 5 15 13 5436
1 9 15 9 1072
1 9 15 11 394
1 9 15 13 2976
2 6 0 2 2530
2 6 0 4 2762
2 6 0 6 3198
2 10 0 2 174
2 10 0 4 388
2 10 0 6 122
2 6 1 3 2576
2 6 1 5 2074
2 6 1 7 2918
2 10 1 3 2058
2 10 1 5 730
2 10 1 7 2692
2 6 2 0 2118
2 6 2 4 3754
2 6 2 6 1598
2 10 2 0 2068
2 10 2 4 2964
2 10 2 6 214
2 6 3 1 1794
2 6 3 5 1600
2 6 3 7 1040
2 10 3 1 3670
2 10 3 5 3574
2 10 3 7 316
2 6 4 0 492
2 6 4 2 952
2 6 4 6 1496
2 10 4 0 3602
2 10 4 2 4624
2 10 4 6 1326
2 6 5 1 374
2 6 5 3 2726
2 6 5 7 2386
2 10 5 1 1524
2 10 5 3 4580
2 10 5 7 1304
2 6 6 0 1546
2 6 6 2 2882
2 6 6 4 354
2 10 6 0 2014
2 10 6 2 2940
2 10 6 4 470
2 6 7 1 1256
2 6 7 3 4068
2 6 7 5 516
2 10 7 1 996
2 10 7 3 2202
2 10 7 5 2284
2 6 8 10 2502
2 6 8 12 1844
2 6 8 14 4090
2 10 8 10 1446
2 10 8 12 1052
2 10 8 14 2028
2 6 9 11 214
2 6 9 13 1492
2 6 9 15 328
2 10 9 11 2080
2 10 9 13 98
2 10 9 15 658
2 6 10 8 1832
2 6 10 12 3460
2 6 10 14 496
2 10 10 8 4168
2 10 10 12 996
2 10 10 14 926
2 6 11 9 2694
2 6 11 13 966
2 6 11 15 2206
2 10 11 9 1080
2 10 11 13 1402
2 10 11 15 692
2 6 12 8 1950
2 6 12 10 766
2 6 12 14 2838
2 10 12 8 1344
2 10 12 10 2286
2 10 12 14 526
2 6 13 9 3484
2 6 13 11 1444
2 6 13 15 1230
2 10 13 9 858
2 10 13 11 848
2 10 13 15 334
2 6 14 8 196
2 6 14 10 4584
2 6 14 12 2752
2 10 14 8 1326
2 10 14 10 3478
2 10 14 12 182
2 6 15 9 824
2 6 15 11 3404
2 6 15 13 2514
2 10 15 9 2062
2 10 15 11 2020
2 10 15 13 770
3 7 0 2 2658
3 7 0 4 2944
3 7 0 6 2114
3 11 0 2 268
3 11 0 4 1816
3 11 0 6 1028
3 7 1 3 1766
3 7 1 5 240
3 7 1 7 1318
3 11 1 3 1962
3 11 1 5 1334
3 11 1 7 116
3 7 2 0 1968
3 7 2 4 2232
3 7 2 6 772
3 11 2 0 1700
3 11 2 4 3602
3 11 2 6 2050
3 7 3 1 368
3 7 3 5 1862
3 7 3 7 1930
3 11 3 1 356
3 11 3 5 1506
3 11 3 7 1060
3 7 4 0 976
3 7 4 2 1236
3 7 4 6 586
3 11 4 0 2010
3 11 4 2 2940
3 11 4 6 654
3 7 5 1 4
3 7 5 3 3562
3 7 5 7 1312
3 11 5 1 3622
3 11 5 3 184
3 11 5 7 184
3 7 6 0 2280
3 7 6 2 794
3 7 6 4 4854
3 11 6 0 2514
3 11 6 2 584
3 11 6 4 1858
3 7 7 1 2716
3 7 7 3 3150
3 7 7 5 1476
3 11 7 1 1920
3 11 7 3 1130
3 11 7 5 3124
3 7 8 10 284
3 7 8 12 1302
3 7 8 14 1712
3 11 8 10 1792
3 11 8 12 556
3 11 8 14 150
3 7 9 11 2666
3 7 9 13 976
3 7 9 15 412
3 11 9 11 1328
3 11 9 13 332
3 11 9 15 3152
3 7 10 8 1204
3 7 10 12 976
3 7 10 14 1150
3 11 10 8 1504
3 11 10 12 942
3 11 10 14 452
3 7 11 9 340
3 7 11 13 3648
3 7 11 15 1168
3 11 11 9 558
3 11 11 13 3742
3 11 11 15 6602
3 7 12 8 4656
3 7 12 10 1938
3 7 12 14 850
3 11 12 8 270
3 11 12 10 818
3 11 12 14 850
3 7 13 9 1112
3 7 13 11 1768
3 7 13 15 1458
3 11 13 9 404
3 11 13 11 1378
3 11 13 15 346
3 7 14 8 1560
3 7 14 10 3248
3 7 14 12 786
3 11 14 8 486
3 11 14 10 926
3 11 14 12 1342
3 7 15 9 3548
3 7 15 11 998
3 7 15 13 2492
3 11 15 9 600
3 11 15 11 5196
3 11 15 13 1468
4 6 0 2 3510
4 6 0 4 44
4 6 0 6 6376
4 12 0 2 1256
4 12 0 4 2586
4 12 0 6 968
4 6 1 3 2560
4 6 1 5 416
4 6 1 7 2110
4 12 1 3 694
4 12 1 5 3364
4 12 1 7 6
4 6 2 0 902
4 6 2 4 104
4 6 2 6 2898
4 12 2 0 3982
4 12 2 4 2992
4 12 2 6 734
4 6 3 1 950
4 6 3 5 1254
4 6 3 7 3672
4 12 3 1 176
4 12 3 5 1904
4 12 3 7 582
4 6 4 0 2478
4 6 4 2 1466
4 6 4 6 3884
4 12 4 0 2462
4 12 4 2 2854
4 12 4 6 1002
4 6 5 1 728
4 6 5 3 3020
4 6 5 7 578
4 12 5 1 510
4 12 5 3 2952
4 12 5 7 76
4 6 6 0 1018
4 6 6 2 2848
4 6 6 4 1860
4 12 6 0 2446
4 12 6 2 916
4 12 6 4 2962
4 6 7 1 812
4 6 7 3 1732
4 6 7 5 932
4 12 7 1 1498
4 12 7 3 872
4 12 7 5 538
4 6 8 10 3434
4 6 8 12 288
4 6 8 14 446
4 12 8 10 46
4 12 8 12 384
4 12 8 14 532
4 6 9 11 3410
4 6 9 13 1970
4 6 9 15 1568
4 12 9 11 1010
4 12 9 13 6
4 12 9 15 1772
4 6 10 8 190
4 6 10 12 410
4 6 10 14 820
4 12 10 8 546
4 12 10 12 714
4 12 10 14 3138
4 6 11 9 196
4 6 11 13 1282
4 6 11 15 1430
4 12 11 9 2794
4 12 11 13 528
4 12 11 15 2034
4 6 12 8 1156
4 6 12 10 1566
4 6 12 14 1312
4 12 12 8 1796
4 12 12 10 1478
4 12 12 14 1462
4 6 13 9 1410
4 6 13 11 3576
4 6 13 15 2514
4 12 13 9 1432
4 12 13 11 460
4 12 13 15 4730
4 6 14 8 330
4 6 14 10 2728
4 6 14 12 1866
4 12 14 8 844
4 12 14 10 1584
4 12 14 12 2788
4 6 15 9 24
4 6 15 11 1978
4 6 15 13 478
4 12 15 9 518
4 12 15 11 2650
4 12 15 13 2548
5 7 0 2 2340
5 7 0 4 610
5 7 0 6 680
5 13 0 2 2404
5 13 0 4 3080
5 13 0 6 1174
5 7 1 3 1988
5 7 1 5 1774
5 7 1 7 2658
5 13 1 3 954
5 13 1 5 204
5 13 1 7 152
5 7 2 0 706
5 7 2 4 3754
5 7 2 6 1598
5 13 2 0 3478
5 13 2 4 220
5 13 2 6 2922
5 7 3 1 2212
5 7 3 5 958
5 7 3 7 454
5 13 3 1 3990
5 13 3 5 3264
5 13 3 7 644
5 7 4 0 38
5 7 4 2 382
5 7 4 6 1994
5 13 4 0 996
5 13 4 2 2464
5 13 4 6 324
5 7 5 1 1186
5 7 5 3 1520
5 7 5 7 2618
5 13 5 1 460
5 13 5 3 414
5 13 5 7 1706
5 7 6 0 872
5 7 6 2 64
5 7 6 4 794
5 13 6 0 1566
5 13 6 2 1250
5 13 6 4 3484
5 7 7 1 2752
5 7 7 3 530
5 7 7 5 908
5 13 7 1 4416
5 13 7 3 2484
5 13 7 5 2774
5 7 8 10 3290
5 7 8 12 732
5 7 8 14 192
5 13 8 10 2456
5 13 8 12 2962
5 13 8 14 3026
5 7 9 11 1582
5 7 9 13 706
5 7 9 15 580
5 13 9 11 270
5 13 9 13 944
5 13 9 15 1158
5 7 10 8 2126
5 7 10 12 902
5 7 10 14 2450
5 13 10 8 740
5 13 10 12 1546
5 13 10 14 3508
5 7 11 9 1420
5 7 11 13 766
5 7 11 15 1638
5 13 11 9 240
5 13 11 13 1290
5 13 11 15 3262
5 7 12 8 2660
5 7 12 10 1584
5 7 12 14 564
5 13 12 8 3054
5 13 12 10 4596
5 13 12 14 1948
5 7 13 9 1834
5 7 13 11 548
5 7 13 15 154
5 13 13 9 1332
5 13 13 11 2836
5 13 13 15 2312
5 7 14 8 1380
5 7 14 10 916
5 7 14 12 2524
5 13 14 8 2200
5 13 14 10 2056
5 13 14 12 1326
5 7 15 9 450
5 7 15 11 744
5 7 15 13 1810
5 13 15 9 372
5 13 15 11 268
5 13 15 13 3354
6 14 0 2 3026
6 14 0 4 1966
6 14 0 6 1720
6 14 1 3 3118
6 14 1 5 2370
6 14 1 7 706
6 14 2 0 112
6 14 2 4 76
6 14 2 6 1228
6 14 3 1 1086
6 14 3 5 2700
6 14 3 7 808
6 14 4 0 194
6 14 4 2 714
6 14 4 6 414
6 14 5 1 2128
6 14 5 3 516
6 14 5 7 4170
6 14 6 0 1306
6 14 6 2 3124
6 14 6 4 1900
6 14 7 1 2588
6 14 7 3 612
6 14 7 5 1312
6 14 8 10 352
6 14 8 12 2846
6 14 8 14 114
6 14 9 11 90
6 14 9 13 126
6 14 9 15 1892
6 14 10 8 988
6 14 10 12 1150
6 14 10 14 996
6 14 11 9 714
6 14 11 13 222
6 14 11 15 1372
6 14 12 8 1312
6 14 12 10 812
6 14 12 14 1722
6 14 13 9 890
6 14 13 11 3216
6 14 13 15 708
6 14 14 8 1008
6 14 14 10 1306
6 14 14 12 2692
6 14 15 9 1148
6 14 15 11 1228
6 14 15 13 334
7 15 0 2 2142
7 15 0 4 1438
7 15 0 6 1690
7 15 1 3 1578
7 15 1 5 1326
7 15 1 7 1862
7 15 2 0 2332
7 15 2 4 370
7 15 2 6 572
7 15 3 1 1006
7 15 3 5 1456
7 15 3 7 2244
7 15 4 0 896
7 15 4 2 3410
7 15 4 6 1746
7 15 5 1 284
7 15 5 3 1498
7 15 5 7 230
7 15 6 0 1722
7 15 6 2 1970
7 15 6 4 772
7 15 7 1 2504
7 15 7 3 1782
7 15 7 5 1820
7 15 8 10 470
7 15 8 12 3948
7 15 8 14 2142
7 15 9 11 268
7 15 9 13 1730
7 15 9 15 3354
7 15 10 8 122
7 15 10 12 334
7 15 10 14 566
7 15 11 9 1274
7 15 11 13 2216
7 15 11 15 118
7 15 12 8 1390
7 15 12 10 1388
7 15 12 14 1606
7 15 13 9 3470
7 15 13 11 864
7 15 13 15 2122
7 15 14 8 492
7 15 14 10 4646
7 15 14 12 38
7 15 15 9 2310
7 15 15 11 2344
7 15 15 13 1988
8 10 0 2 34
8 10 0 4 286
8 10 0 6 4506
8 12 0 2 1088
8 12 0 4 1544
8 12 0 6 766
8 10 1 3 1578
8 10 1 5 98
8 10 1 7 1926
8 12 1 3 548
8 12 1 5 1658
8 12 1 7 1794
8 10 2 0 1066
8 10 2 4 4120
8 10 2 6 1412
8 12 2 0 54
8 12 2 4 1822
8 12 2 6 556
8 10 3 1 1396
8 10 3 5 1586
8 10 3 7 2150
8 12 3 1 162
8 12 3 5 210
8 12 3 7 1406
8 10 4 0 3422
8 10 4 2 3470
8 10 4 6 1968
8 12 4 0 4280
8 12 4 2 1654
8 12 4 6 2982
8 10 5 1 1070
8 10 5 3 550
8 10 5 7 572
8 12 5 1 1012
8 12 5 3 482
8 12 5 7 872
8 10 6 0 2184
8 10 6 2 2260
8 10 6 4 456
8 12 6 0 1298
8 12 6 2 1546
8 12 6 4 376
8 10 7 1 246
8 10 7 3 3578
8 10 7 5 954
8 12 7 1 48
8 12 7 3 592
8 12 7 5 136
8 10 8 10 1834
8 10 8 12 942
8 10 8 14 534
8 12 8 10 1660
8 12 8 12 4568
8 12 8 14 1988
8 10 9 11 266
8 10 9 13 1048
8 10 9 15 772
8 12 9 11 3942
8 12 9 13 3206
8 12 9 15 5254
8 10 10 8 1024
8 10 10 12 2888
8 10 10 14 1948
8 12 10 8 1366
8 12 10 12 954
8 12 10 14 3792
8 10 11 9 226
8 10 11 13 1186
8 10 11 15 2234
8 12 11 9 2988
8 12 11 13 4402
8 12 11 15 1430
8 10 12 8 1872
8 10 12 10 696
8 10 12 14 3558
8 12 12 8 200
8 12 12 10 2086
8 12 12 14 1632
8 10 13 9 976
8 10 13 11 3880
8 10 13 15 4178
8 12 13 9 1800
8 12 13 11 7130
8 12 13 15 32
8 10 14 8 4242
8 10 14 10 4280
8 10 14 12 2004
8 12 14 8 1638
8 12 14 10 2256
8 12 14 12 1202
8 10 15 9 230
8 10 15 11 3126
8 10 15 13 680
8 12 15 9 258
8 12 15 11 936
8 12 15 13 644
9 11 0 2 1730
9 11 0 4 1358
9 11 0 6 170
9 13 0 2 350
9 13 0 4 114
9 13 0 6 1358
9 11 1 3 2986
9 11 1 5 5394
9 11 1 7 1964
9 13 1 3 236
9 13 1 5 1272
9 13 1 7 2916
9 11 2 0 2216
9 11 2 4 1696
9 11 2 6 2682
9 13 2 0 1160
9 13 2 4 550
9 13 2 6 1222
9 11 3 1 2638
9 11 3 5 774
9 11 3 7 558
9 13 3 1 244
9 13 3 5 1012
9 13 3 7 1382
9 11 4 0 116
9 11 4 2 1016
9 11 4 6 1090
9 13 4 0 2790
9 13 4 2 1094
9 13 4 6 1154
9 11 5 1 1632
9 11 5 3 880
9 11 5 7 470
9 13 5 1 68
9 13 5 3 260
9 13 5 7 5468
9 11 6 0 2418
9 11 6 2 1558
9 11 6 4 1768
9 13 6 0 2358
9 13 6 2 1592
9 13 6 4 1894
9 11 7 1 3092
9 11 7 3 1300
9 11 7 5 514
9 13 7 1 2044
9 13 7 3 2668
9 13 7 5 5010
9 11 8 10 742
9 11 8 12 3608
9 11 8 14 2258
9 13 8 10 226
9 13 8 12 2250
9 13 8 14 602
9 11 9 11 2686
9 11 9 13 792
9 11 9 15 156
9 13 9 11 182
9 13 9 13 4790
9 13 9 15 210
9 11 10 8 1498
9 11 10 12 4286
9 11 10 14 506
9 13 10 8 2836
9 13 10 12 232
9 13 10 14 588
9 11 11 9 3084
9 11 11 13 1112
9 11 11 15 402
9 13 11 9 1736
9 13 11 13 1618
9 13 11 15 338
9 11 12 8 2954
9 11 12 10 814
9 11 12 14 1792
9 13 12 8 568
9 13 12 10 2048
9 13 12 14 3602
9 11 13 9 1102
9 11 13 11 824
9 11 13 15 564
9 13 13 9 1826
9 13 13 11 20
9 13 13 15 548
9 11 14 8 1556
9 11 14 10 292
9 11 14 12 602
9 13 14 8 1668
9 13 14 10 578
9 13 14 12 388
9 11 15 9 572
9 11 15 11 2130
9 11 15 13 332
9 13 15 9 2238
9 13 15 11 682
9 13 15 13 1996
10 14 0 2 3268
10 14 0 4 1420
10 14 0 6 872
10 14 1 3 2214
10 14 1 5 1792
10 14 1 7 1710
10 14 2 0 1078
10 14 2 4 1308
10 14 2 6 2550
10 14 3 1 1392
10 14 3 5 886
10 14 3 7 246
10 14 4 0 3498
10 14 4 2 3488
10 14 4 6 1016
10 14 5 1 3296
10 14 5 3 668
10 14 5 7 708
10 14 6 0 2080
10 14 6 2 12
10 14 6 4 648
10 14 7 1 2522
10 14 7 3 2158
10 14 7 5 3012
10 14 8 10 150
10 14 8 12 2470
10 14 8 14 1780
10 14 9 11 792
10 14 9 13 448
10 14 9 15 1234
10 14 10 8 2400
10 14 10 12 1394
10 14 10 14 1152
10 14 11 9 1254
10 14 11 13 374
10 14 11 15 1280
10 14 12 8 2846
10 14 12 10 1434
10 14 12 14 202
10 14 13 9 2520
10 14 13 11 2744
10 14 13 15 1258
10 14 14 8 180
10 14 14 10 1962
10 14 14 12 594
10 14 15 9 1502
10 14 15 11 2274
10 14 15 13 2828
11 15 0 2 368
11 15 0 4 946
11 15 0 6 1002
11 15 1 3 2972
11 15 1 5 2678
11 15 1 7 42
11 15 2 0 3528
11 15 2 4 1150
11 15 2 6 2812
11 15 3 1 2590
11 15 3 5 4288
11 15 3 7 302
11 15 4 0 6522
11 15 4 2 2374
11 15 4 6 360
11 15 5 1 2340
11 15 5 3 1872
11 15 5 7 922
11 15 6 0 284
11 15 6 2 2008
11 15 6 4 246
11 15 7 1 2986
11 15 7 3 28
11 15 7 5 12
11 15 8 10 78
11 15 8 12 2704
11 15 8 14 1878
11 15 9 11 672
11 15 9 13 2900
11 15 9 15 484
11 15 10 8 924
11 15 10 12 1218
11 15 10 14 710
11 15 11 9 978
11 15 11 13 2656
11 15 11 15 1982
11 15 12 8 1828
11 15 12 10 110
11 15 12 14 826
11 15 13 9 1364
11 15 13 11 4004
11 15 13 15 1582
11 15 14 8 3308
11 15 14 10 1590
11 15 14 12 538
11 15 15 9 1204
11 15 15 11 1550
11 15 15 13 1480
12 14 0 2 3288
12 14 0 4 2040
12 14 0 6 6
12 14 1 3 2902
12 14 1 5 1638
12 14 1 7 1298
12 14 2 0 1422
12 14 2 4 5390
12 14 2 6 532
12 14 3 1 3312
12 14 3 5 3562
12 14 3 7 1372
12 14 4 0 1476
12 14 4 2 2946
12 14 4 6 446
12 14 5 1 50
12 14 5 3 5094
12 14 5 7 498
12 14 6 0 6842
12 14 6 2 1410
12 14 6 4 618
12 14 7 1 1024
12 14 7 3 740
12 14 7 5 1776
12 14 8 10 3384
12 14 8 12 1358
12 14 8 14 1334
12 14 9 11 666
12 14 9 13 1184
12 14 9 15 1448
12 14 10 8 1894
12 14 10 12 1236
12 14 10 14 84
12 14 11 9 3548
12 14 11 13 1050
12 14 11 15 2032
12 14 12 8 2996
12 14 12 10 1296
12 14 12 14 2376
12 14 13 9 74
12 14 13 11 1358
12 14 13 15 1610
12 14 14 8 392
12 14 14 10 2142
12 14 14 12 2074
12 14 15 9 296
12 14 15 11 3336
12 14 15 13 2174
13 15 0 2 440
13 15 0 4 2224
13 15 0 6 3470
13 15 1 3 762
13 15 1 5 446
13 15 1 7 5372
13 15 2 0 744
13 15 2 4 1010
13 15 2 6 2362
13 15 3 1 2424
13 15 3 5 4364
13 15 3 7 20
13 15 4 0 2128
13 15 4 2 1958
13 15 4 6 2910
13 15 5 1 952
13 15 5 3 3384
13 15 5 7 1934
13 15 6 0 586
13 15 6 2 3106
13 15 6 4 3048
13 15 7 1 1830
13 15 7 3 2254
13 15 7 5 3940
13 15 8 10 1458
13 15 8 12 216
13 15 8 14 968
13 15 9 11 4258
13 15 9 13 1602
13 15 9 15 512
13 15 10 8 1352
13 15 10 12 2436
13 15 10 14 1188
13 15 11 9 1010
13 15 11 13 4634
13 15 11 15 852
13 15 12 8 1616
13 15 12 10 1508
13 15 12 14 2608
13 15 13 9 2160
13 15 13 11 2712
13 15 13 15 4090
13 15 14 8 4816
13 15 14 10 1888
13 15 14 12 1510
13 15 15 9 418
13 15 15 11 1240
13 15 15 13 760
