# KEY left=0x11 right=0x30
# GOOD_PAIRS_BEGIN count=2
# GOOD_PAIR 0xd0 0xf4
# GOOD_PAIR 0xd4 0xf0
# GOOD_PAIRS_END
0 2 0 2 344
0 2 0 4 416
0 2 0 11 208
0 4 0 2 398
0 4 0 4 506
0 4 0 11 254
0 8 0 2 164
0 8 0 4 126
0 8 0 11 362
0 11 0 2 304
0 11 0 4 782
0 11 0 11 510
0 13 0 2 478
0 13 0 4 50
0 13 0 11 226
0 14 0 2 200
0 14 0 4 230
0 14 0 11 282
0 2 1 3 448
0 2 1 5 640
0 2 1 10 232
0 4 1 3 192
0 4 1 5 260
0 4 1 10 228
0 8 1 3 470
0 8 1 5 48
0 8 1 10 84
0 11 1 3 146
0 11 1 5 242
0 11 1 10 114
0 13 1 3 420
0 13 1 5 346
0 13 1 10 188
0 14 1 3 10
0 14 1 5 2
0 14 1 10 482
0 2 2 0 106
0 2 2 6 250
0 2 2 9 298
0 4 2 0 124
0 4 2 6 780
0 4 2 9 182
0 8 2 0 42
0 8 2 6 32
0 8 2 9 108
0 11 2 0 42
0 11 2 6 112
0 11 2 9 34
0 13 2 0 254
0 13 2 6 30
0 13 2 9 16
0 14 2 0 530
0 14 2 6 514
0 14 2 9 36
0 2 3 1 396
0 2 3 7 476
0 2 3 8 102
0 4 3 1 38
0 4 3 7 248
0 4 3 8 246
0 8 3 1 420
0 8 3 7 178
0 8 3 8 330
0 11 3 1 210
0 11 3 7 342
0 11 3 8 594
0 13 3 1 190
0 13 3 7 120
0 13 3 8 64
0 14 3 1 386
0 14 3 7 6
0 14 3 8 96
0 2 4 0 102
0 2 4 6 112
0 2 4 15 12
0 4 4 0 2
0 4 4 6 26
0 4 4 15 144
0 8 4 0 152
0 8 4 6 6
0 8 4 15 426
0 11 4 0 578
0 11 4 6 58
0 11 4 15 190
0 13 4 0 214
0 13 4 6 4
0 13 4 15 156
0 14 4 0 222
0 14 4 6 104
0 14 4 15 146
0 2 5 1 40
0 2 5 7 220
0 2 5 14 48
0 4 5 1 0
0 4 5 7 24
0 4 5 14 736
0 8 5 1 278
0 8 5 7 264
0 8 5 14 168
0 11 5 1 92
0 11 5 7 152
0 11 5 14 234
0 13 5 1 138
0 13 5 7 280
0 13 5 14 60
0 14 5 1 244
0 14 5 7 150
0 14 5 14 26
0 2 6 2 376
0 2 6 4 16
0 2 6 13 192
0 4 6 2 374
0 4 6 4 224
0 4 6 13 32
0 8 6 2 110
0 8 6 4 214
0 8 6 13 130
0 11 6 2 6
0 11 6 4 318
0 11 6 13 102
0 13 6 2 546
0 13 6 4 46
0 13 6 13 212
0 14 6 2 402
0 14 6 4 2
0 14 6 13 144
0 2 7 3 194
0 2 7 5 330
0 2 7 12 156
0 4 7 3 352
0 4 7 5 166
0 4 7 12 278
0 8 7 3 38
0 8 7 5 248
0 8 7 12 42
0 11 7 3 218
0 11 7 5 214
0 11 7 12 314
0 13 7 3 456
0 13 7 5 518
0 13 7 12 232
0 14 7 3 8
0 14 7 5 24
0 14 7 12 194
0 2 8 3 328
0 2 8 10 136
0 2 8 12 282
0 4 8 3 110
0 4 8 10 58
0 4 8 12 58
0 8 8 3 50
0 8 8 10 210
0 8 8 12 220
0 11 8 3 14
0 11 8 10 702
0 11 8 12 124
0 13 8 3 414
0 13 8 10 250
0 13 8 12 16
0 14 8 3 380
0 14 8 10 226
0 14 8 12 80
0 2 9 2 8
0 2 9 11 10
0 2 9 13 346
0 4 9 2 16
0 4 9 11 564
0 4 9 13 68
0 8 9 2 46
0 8 9 11 472
0 8 9 13 120
0 11 9 2 78
0 11 9 11 218
0 11 9 13 112
0 13 9 2 284
0 13 9 11 304
0 13 9 13 302
0 14 9 2 328
0 14 9 11 166
0 14 9 13 400
0 2 10 1 82
0 2 10 8 280
0 2 10 14 242
0 4 10 1 86
0 4 10 8 248
0 4 10 14 48
0 8 10 1 10
0 8 10 8 222
0 8 10 14 320
0 11 10 1 472
0 11 10 8 232
0 11 10 14 18
0 13 10 1 470
0 13 10 8 124
0 13 10 14 166
0 14 10 1 28
0 14 10 8 224
0 14 10 14 40
0 2 11 0 98
0 2 11 9 176
0 2 11 15 340
0 4 11 0 52
0 4 11 9 354
0 4 11 15 124
0 8 11 0 52
0 8 11 9 218
0 8 11 15 96
0 11 11 0 122
0 11 11 9 216
0 11 11 15 136
0 13 11 0 202
0 13 11 9 40
0 13 11 15 372
0 14 11 0 224
0 14 11 9 26
0 14 11 15 50
0 2 12 7 314
0 2 12 8 282
0 2 12 14 238
0 4 12 7 2
0 4 12 8 134
0 4 12 14 162
0 8 12 7 38
0 8 12 8 320
0 8 12 14 222
0 11 12 7 334
0 11 12 8 336
0 11 12 14 296
0 13 12 7 492
0 13 12 8 88
0 13 12 14 198
0 14 12 7 340
0 14 12 8 390
0 14 12 14 318
0 2 13 6 134
0 2 13 9 24
0 2 13 15 100
0 4 13 6 88
0 4 13 9 50
0 4 13 15 292
0 8 13 6 162
0 8 13 9 76
0 8 13 15 264
0 11 13 6 256
0 11 13 9 116
0 11 13 15 262
0 13 13 6 204
0 13 13 9 224
0 13 13 15 110
0 14 13 6 118
0 14 13 9 58
0 14 13 15 104
0 2 14 5 96
0 2 14 10 218
0 2 14 12 198
0 4 14 5 302
0 4 14 10 266
0 4 14 12 34
0 8 14 5 66
0 8 14 10 12
0 8 14 12 84
0 11 14 5 60
0 11 14 10 64
0 11 14 12 18
0 13 14 5 226
0 13 14 10 46
0 13 14 12 256
0 14 14 5 228
0 14 14 10 298
0 14 14 12 100
0 2 15 4 170
0 2 15 11 178
0 2 15 13 118
0 4 15 4 508
0 4 15 11 24
0 4 15 13 30
0 8 15 4 478
0 8 15 11 214
0 8 15 13 54
0 11 15 4 386
0 11 15 11 72
0 11 15 13 152
0 13 15 4 28
0 13 15 11 130
0 13 15 13 332
0 14 15 4 366
0 14 15 11 168
0 14 15 13 18
1 3 0 2 62
1 3 0 4 68
1 3 0 11 238
1 5 0 2 824
1 5 0 4 214
1 5 0 11 118
1 9 0 2 426
1 9 0 4 80
1 9 0 11 324
1 10 0 2 488
1 10 0 4 350
1 10 0 11 154
1 12 0 2 94
1 12 0 4 296
1 12 0 11 476
1 15 0 2 102
1 15 0 4 26
1 15 0 11 4
1 3 1 3 44
1 3 1 5 306
1 3 1 10 188
1 5 1 3 286
1 5 1 5 64
1 5 1 10 118
1 9 1 3 620
1 9 1 5 574
1 9 1 10 104
1 10 1 3 146
1 10 1 5 388
1 10 1 10 4
1 12 1 3 352
1 12 1 5 456
1 12 1 10 62
1 15 1 3 140
1 15 1 5 292
1 15 1 10 158
1 3 2 0 482
1 3 2 6 204
1 3 2 9 182
1 5 2 0 2
1 5 2 6 116
1 5 2 9 188
1 9 2 0 386
1 9 2 6 170
1 9 2 9 52
1 10 2 0 444
1 10 2 6 216
1 10 2 9 102
1 12 2 0 448
1 12 2 6 562
1 12 2 9 134
1 15 2 0 566
1 15 2 6 92
1 15 2 9 116
1 3 3 1 98
1 3 3 7 236
1 3 3 8 68
1 5 3 1 296
1 5 3 7 804
1 5 3 8 250
1 9 3 1 138
1 9 3 7 418
1 9 3 8 216
1 10 3 1 142
1 10 3 7 414
1 10 3 8 2
1 12 3 1 120
1 12 3 7 92
1 12 3 8 98
1 15 3 1 148
1 15 3 7 12
1 15 3 8 128
1 3 4 0 152
1 3 4 6 190
1 3 4 15 72
1 5 4 0 100
1 5 4 6 148
1 5 4 15 244
1 9 4 0 192
1 9 4 6 428
1 9 4 15 56
1 10 4 0 138
1 10 4 6 42
1 10 4 15 192
1 12 4 0 344
1 12 4 6 306
1 12 4 15 66
1 15 4 0 92
1 15 4 6 246
1 15 4 15 118
1 3 5 1 312
1 3 5 7 86
1 3 5 14 88
1 5 5 1 348
1 5 5 7 298
1 5 5 14 312
1 9 5 1 106
1 9 5 7 238
1 9 5 14 28
1 10 5 1 2
1 10 5 7 182
1 10 5 14 208
1 12 5 1 120
1 12 5 7 86
1 12 5 14 62
1 15 5 1 48
1 15 5 7 88
1 15 5 14 24
1 3 6 2 304
1 3 6 4 88
1 3 6 13 56
1 5 6 2 36
1 5 6 4 254
1 5 6 13 74
1 9 6 2 184
1 9 6 4 230
1 9 6 13 360
1 10 6 2 84
1 10 6 4 172
1 10 6 13 582
1 12 6 2 234
1 12 6 4 250
1 12 6 13 224
1 15 6 2 38
1 15 6 4 114
1 15 6 13 268
1 3 7 3 238
1 3 7 5 454
1 3 7 12 124
1 5 7 3 112
1 5 7 5 52
1 5 7 12 40
1 9 7 3 132
1 9 7 5 150
1 9 7 12 106
1 10 7 3 276
1 10 7 5 70
1 10 7 12 0
1 12 7 3 172
1 12 7 5 110
1 12 7 12 34
1 15 7 3 298
1 15 7 5 222
1 15 7 12 346
1 3 8 3 76
1 3 8 10 26
1 3 8 12 164
1 5 8 3 496
1 5 8 10 288
1 5 8 12 104
1 9 8 3 50
1 9 8 10 248
1 9 8 12 232
1 10 8 3 108
1 10 8 10 28
1 10 8 12 4
1 12 8 3 144
1 12 8 10 30
1 12 8 12 4
1 15 8 3 318
1 15 8 10 264
1 15 8 12 306
1 3 9 2 200
1 3 9 11 38
1 3 9 13 2
1 5 9 2 254
1 5 9 11 176
1 5 9 13 220
1 9 9 2 254
1 9 9 11 84
1 9 9 13 424
1 10 9 2 482
1 10 9 11 92
1 10 9 13 172
1 12 9 2 284
1 12 9 11 30
1 12 9 13 524
1 15 9 2 168
1 15 9 11 0
1 15 9 13 216
1 3 10 1 32
1 3 10 8 424
1 3 10 14 44
1 5 10 1 166
1 5 10 8 86
1 5 10 14 124
1 9 10 1 210
1 9 10 8 216
1 9 10 14 292
1 10 10 1 42
1 10 10 8 32
1 10 10 14 20
1 12 10 1 34
1 12 10 8 158
1 12 10 14 18
1 15 10 1 212
1 15 10 8 128
1 15 10 14 196
1 3 11 0 148
1 3 11 9 40
1 3 11 15 112
1 5 11 0 130
1 5 11 9 254
1 5 11 15 474
1 9 11 0 284
1 9 11 9 348
1 9 11 15 122
1 10 11 0 80
1 10 11 9 232
1 10 11 15 376
1 12 11 0 338
1 12 11 9 128
1 12 11 15 718
1 15 11 0 222
1 15 11 9 178
1 15 11 15 228
1 3 12 7 338
1 3 12 8 64
1 3 12 14 164
1 5 12 7 502
1 5 12 8 84
1 5 12 14 256
1 9 12 7 304
1 9 12 8 104
1 9 12 14 158
1 10 12 7 176
1 10 12 8 106
1 10 12 14 42
1 12 12 7 144
1 12 12 8 174
1 12 12 14 450
1 15 12 7 82
1 15 12 8 126
1 15 12 14 548
1 3 13 6 138
1 3 13 9 218
1 3 13 15 188
1 5 13 6 86
1 5 13 9 58
1 5 13 15 74
1 9 13 6 204
1 9 13 9 128
1 9 13 15 200
1 10 13 6 300
1 10 13 9 548
1 10 13 15 264
1 12 13 6 438
1 12 13 9 114
1 12 13 15 2
1 15 13 6 96
1 15 13 9 192
1 15 13 15 232
1 3 14 5 52
1 3 14 10 28
1 3 14 12 130
1 5 14 5 186
1 5 14 10 204
1 5 14 12 262
1 9 14 5 10
1 9 14 10 284
1 9 14 12 218
1 10 14 5 140
1 10 14 10 22
1 10 14 12 166
1 12 14 5 136
1 12 14 10 176
1 12 14 12 102
1 15 14 5 174
1 15 14 10 130
1 15 14 12 196
1 3 15 4 158
1 3 15 11 142
1 3 15 13 162
1 5 15 4 134
1 5 15 11 20
1 5 15 13 304
1 9 15 4 230
1 9 15 11 208
1 9 15 13 256
1 10 15 4 166
1 10 15 11 438
1 10 15 13 260
1 12 15 4 484
1 12 15 11 162
1 12 15 13 272
1 15 15 4 168
1 15 15 11 156
1 15 15 13 428
2 6 0 2 224
2 6 0 4 190
2 6 0 11 68
2 9 0 2 66
2 9 0 4 38
2 9 0 11 22
2 10 0 2 198
2 10 0 4 162
2 10 0 11 18
2 12 0 2 20
2 12 0 4 310
2 12 0 11 164
2 15 0 2 162
2 15 0 4 158
2 15 0 11 70
2 6 1 3 276
2 6 1 5 386
2 6 1 10 430
2 9 1 3 198
2 9 1 5 502
2 9 1 10 30
2 10 1 3 296
2 10 1 5 134
2 10 1 10 204
2 12 1 3 420
2 12 1 5 176
2 12 1 10 340
2 15 1 3 50
2 15 1 5 274
2 15 1 10 36
2 6 2 0 486
2 6 2 6 176
2 6 2 9 248
2 9 2 0 260
2 9 2 6 566
2 9 2 9 40
2 10 2 0 424
2 10 2 6 172
2 10 2 9 166
2 12 2 0 204
2 12 2 6 152
2 12 2 9 40
2 15 2 0 178
2 15 2 6 90
2 15 2 9 330
2 6 3 1 32
2 6 3 7 100
2 6 3 8 104
2 9 3 1 354
2 9 3 7 94
2 9 3 8 176
2 10 3 1 8
2 10 3 7 290
2 10 3 8 496
2 12 3 1 40
2 12 3 7 124
2 12 3 8 110
2 15 3 1 200
2 15 3 7 200
2 15 3 8 246
2 6 4 0 388
2 6 4 6 164
2 6 4 15 380
2 9 4 0 290
2 9 4 6 20
2 9 4 15 16
2 10 4 0 24
2 10 4 6 74
2 10 4 15 234
2 12 4 0 18
2 12 4 6 176
2 12 4 15 218
2 15 4 0 80
2 15 4 6 178
2 15 4 15 0
2 6 5 1 146
2 6 5 7 90
2 6 5 14 430
2 9 5 1 76
2 9 5 7 250
2 9 5 14 100
2 10 5 1 256
2 10 5 7 362
2 10 5 14 142
2 12 5 1 150
2 12 5 7 134
2 12 5 14 250
2 15 5 1 258
2 15 5 7 262
2 15 5 14 250
2 6 6 2 94
2 6 6 4 372
2 6 6 13 30
2 9 6 2 240
2 9 6 4 22
2 9 6 13 158
2 10 6 2 78
2 10 6 4 504
2 10 6 13 74
2 12 6 2 264
2 12 6 4 36
2 12 6 13 114
2 15 6 2 10
2 15 6 4 534
2 15 6 13 4
2 6 7 3 200
2 6 7 5 108
2 6 7 12 370
2 9 7 3 168
2 9 7 5 232
2 9 7 12 274
2 10 7 3 130
2 10 7 5 10
2 10 7 12 94
2 12 7 3 4
2 12 7 5 80
2 12 7 12 454
2 15 7 3 70
2 15 7 5 540
2 15 7 12 338
2 6 8 3 256
2 6 8 10 286
2 6 8 12 374
2 9 8 3 246
2 9 8 10 80
2 9 8 12 146
2 10 8 3 188
2 10 8 10 104
2 10 8 12 8
2 12 8 3 302
2 12 8 10 12
2 12 8 12 348
2 15 8 3 78
2 15 8 10 324
2 15 8 12 162
2 6 9 2 166
2 6 9 11 670
2 6 9 13 70
2 9 9 2 280
2 9 9 11 130
2 9 9 13 24
2 10 9 2 128
2 10 9 11 522
2 10 9 13 250
2 12 9 2 8
2 12 9 11 72
2 12 9 13 6
2 15 9 2 246
2 15 9 11 94
2 15 9 13 2
2 6 10 1 102
2 6 10 8 240
2 6 10 14 288
2 9 10 1 70
2 9 10 8 406
2 9 10 14 40
2 10 10 1 6
2 10 10 8 310
2 10 10 14 280
2 12 10 1 134
2 12 10 8 428
2 12 10 14 182
2 15 10 1 88
2 15 10 8 512
2 15 10 14 348
2 6 11 0 198
2 6 11 9 184
2 6 11 15 28
2 9 11 0 408
2 9 11 9 382
2 9 11 15 246
2 10 11 0 72
2 10 11 9 64
2 10 11 15 178
2 12 11 0 314
2 12 11 9 94
2 12 11 15 204
2 15 11 0 46
2 15 11 9 72
2 15 11 15 30
2 6 12 7 8
2 6 12 8 254
2 6 12 14 248
2 9 12 7 294
2 9 12 8 380
2 9 12 14 366
2 10 12 7 358
2 10 12 8 66
2 10 12 14 314
2 12 12 7 398
2 12 12 8 74
2 12 12 14 42
2 15 12 7 346
2 15 12 8 36
2 15 12 14 148
2 6 13 6 162
2 6 13 9 226
2 6 13 15 86
2 9 13 6 330
2 9 13 9 276
2 9 13 15 52
2 10 13 6 120
2 10 13 9 186
2 10 13 15 114
2 12 13 6 150
2 12 13 9 240
2 12 13 15 20
2 15 13 6 260
2 15 13 9 148
2 15 13 15 380
2 6 14 5 400
2 6 14 10 416
2 6 14 12 240
2 9 14 5 32
2 9 14 10 24
2 9 14 12 238
2 10 14 5 140
2 10 14 10 72
2 10 14 12 154
2 12 14 5 324
2 12 14 10 358
2 12 14 12 256
2 15 14 5 40
2 15 14 10 202
2 15 14 12 28
2 6 15 4 246
2 6 15 11 80
2 6 15 13 280
2 9 15 4 412
2 9 15 11 342
2 9 15 13 254
2 10 15 4 2
2 10 15 11 22
2 10 15 13 184
2 12 15 4 38
2 12 15 11 242
2 12 15 13 274
2 15 15 4 240
2 15 15 11 392
2 15 15 13 40
3 7 0 2 304
3 7 0 4 166
3 7 0 11 174
3 8 0 2 30
3 8 0 4 86
3 8 0 11 478
3 11 0 2 56
3 11 0 4 242
3 11 0 11 80
3 13 0 2 168
3 13 0 4 160
3 13 0 11 454
3 14 0 2 534
3 14 0 4 162
3 14 0 11 160
3 7 1 3 264
3 7 1 5 134
3 7 1 10 192
3 8 1 3 194
3 8 1 5 80
3 8 1 10 280
3 11 1 3 86
3 11 1 5 298
3 11 1 10 260
3 13 1 3 256
3 13 1 5 288
3 13 1 10 70
3 14 1 3 36
3 14 1 5 398
3 14 1 10 66
3 7 2 0 288
3 7 2 6 140
3 7 2 9 320
3 8 2 0 308
3 8 2 6 34
3 8 2 9 40
3 11 2 0 252
3 11 2 6 334
3 11 2 9 186
3 13 2 0 82
3 13 2 6 272
3 13 2 9 14
3 14 2 0 12
3 14 2 6 10
3 14 2 9 398
3 7 3 1 116
3 7 3 7 2
3 7 3 8 272
3 8 3 1 10
3 8 3 7 290
3 8 3 8 138
3 11 3 1 268
3 11 3 7 538
3 11 3 8 52
3 13 3 1 134
3 13 3 7 136
3 13 3 8 172
3 14 3 1 22
3 14 3 7 32
3 14 3 8 10
3 7 4 0 210
3 7 4 6 22
3 7 4 15 10
3 8 4 0 256
3 8 4 6 176
3 8 4 15 6
3 11 4 0 18
3 11 4 6 72
3 11 4 15 196
3 13 4 0 236
3 13 4 6 234
3 13 4 15 146
3 14 4 0 540
3 14 4 6 602
3 14 4 15 128
3 7 5 1 130
3 7 5 7 386
3 7 5 14 76
3 8 5 1 152
3 8 5 7 6
3 8 5 14 30
3 11 5 1 146
3 11 5 7 240
3 11 5 14 204
3 13 5 1 116
3 13 5 7 410
3 13 5 14 612
3 14 5 1 392
3 14 5 7 218
3 14 5 14 250
3 7 6 2 4
3 7 6 4 482
3 7 6 13 116
3 8 6 2 488
3 8 6 4 356
3 8 6 13 248
3 11 6 2 500
3 11 6 4 254
3 11 6 13 142
3 13 6 2 220
3 13 6 4 176
3 13 6 13 68
3 14 6 2 354
3 14 6 4 26
3 14 6 13 6
3 7 7 3 26
3 7 7 5 160
3 7 7 12 376
3 8 7 3 100
3 8 7 5 446
3 8 7 12 160
3 11 7 3 352
3 11 7 5 18
3 11 7 12 188
3 13 7 3 62
3 13 7 5 128
3 13 7 12 12
3 14 7 3 298
3 14 7 5 198
3 14 7 12 376
3 7 8 3 130
3 7 8 10 30
3 7 8 12 60
3 8 8 3 44
3 8 8 10 326
3 8 8 12 162
3 11 8 3 312
3 11 8 10 320
3 11 8 12 272
3 13 8 3 66
3 13 8 10 180
3 13 8 12 164
3 14 8 3 38
3 14 8 10 314
3 14 8 12 254
3 7 9 2 122
3 7 9 11 404
3 7 9 13 132
3 8 9 2 182
3 8 9 11 136
3 8 9 13 426
3 11 9 2 106
3 11 9 11 96
3 11 9 13 748
3 13 9 2 8
3 13 9 11 264
3 13 9 13 382
3 14 9 2 84
3 14 9 11 376
3 14 9 13 50
3 7 10 1 220
3 7 10 8 4
3 7 10 14 34
3 8 10 1 494
3 8 10 8 202
3 8 10 14 78
3 11 10 1 30
3 11 10 8 252
3 11 10 14 210
3 13 10 1 178
3 13 10 8 206
3 13 10 14 10
3 14 10 1 170
3 14 10 8 294
3 14 10 14 38
3 7 11 0 406
3 7 11 9 0
3 7 11 15 416
3 8 11 0 78
3 8 11 9 352
3 8 11 15 86
3 11 11 0 470
3 11 11 9 222
3 11 11 15 86
3 13 11 0 10
3 13 11 9 396
3 13 11 15 64
3 14 11 0 458
3 14 11 9 2
3 14 11 15 142
3 7 12 7 172
3 7 12 8 390
3 7 12 14 278
3 8 12 7 94
3 8 12 8 140
3 8 12 14 254
3 11 12 7 46
3 11 12 8 84
3 11 12 14 276
3 13 12 7 458
3 13 12 8 152
3 13 12 14 264
3 14 12 7 386
3 14 12 8 94
3 14 12 14 398
3 7 13 6 484
3 7 13 9 470
3 7 13 15 174
3 8 13 6 108
3 8 13 9 120
3 8 13 15 4
3 11 13 6 16
3 11 13 9 238
3 11 13 15 120
3 13 13 6 484
3 13 13 9 48
3 13 13 15 58
3 14 13 6 14
3 14 13 9 190
3 14 13 15 292
3 7 14 5 512
3 7 14 10 236
3 7 14 12 292
3 8 14 5 464
3 8 14 10 58
3 8 14 12 112
3 11 14 5 116
3 11 14 10 116
3 11 14 12 38
3 13 14 5 204
3 13 14 10 58
3 13 14 12 148
3 14 14 5 162
3 14 14 10 162
3 14 14 12 266
3 7 15 4 302
3 7 15 11 180
3 7 15 13 232
3 8 15 4 16
3 8 15 11 120
3 8 15 13 368
3 11 15 4 482
3 11 15 11 362
3 11 15 13 146
3 13 15 4 126
3 13 15 11 50
3 13 15 13 422
3 14 15 4 108
3 14 15 11 44
3 14 15 13 320
4 6 0 2 74
4 6 0 4 362
4 6 0 11 244
4 9 0 2 266
4 9 0 4 216
4 9 0 11 36
4 10 0 2 102
4 10 0 4 362
4 10 0 11 166
4 12 0 2 264
4 12 0 4 194
4 12 0 11 348
4 15 0 2 58
4 15 0 4 152
4 15 0 11 324
4 6 1 3 262
4 6 1 5 284
4 6 1 10 130
4 9 1 3 618
4 9 1 5 156
4 9 1 10 94
4 10 1 3 246
4 10 1 5 426
4 10 1 10 492
4 12 1 3 92
4 12 1 5 234
4 12 1 10 62
4 15 1 3 40
4 15 1 5 226
4 15 1 10 248
4 6 2 0 256
4 6 2 6 220
4 6 2 9 308
4 9 2 0 508
4 9 2 6 48
4 9 2 9 296
4 10 2 0 142
4 10 2 6 282
4 10 2 9 226
4 12 2 0 158
4 12 2 6 276
4 12 2 9 30
4 15 2 0 222
4 15 2 6 368
4 15 2 9 54
4 6 3 1 124
4 6 3 7 258
4 6 3 8 210
4 9 3 1 350
4 9 3 7 490
4 9 3 8 438
4 10 3 1 282
4 10 3 7 68
4 10 3 8 24
4 12 3 1 262
4 12 3 7 88
4 12 3 8 94
4 15 3 1 182
4 15 3 7 184
4 15 3 8 104
4 6 4 0 124
4 6 4 6 110
4 6 4 15 20
4 9 4 0 262
4 9 4 6 138
4 9 4 15 416
4 10 4 0 156
4 10 4 6 100
4 10 4 15 158
4 12 4 0 102
4 12 4 6 176
4 12 4 15 234
4 15 4 0 378
4 15 4 6 562
4 15 4 15 170
4 6 5 1 102
4 6 5 7 168
4 6 5 14 78
4 9 5 1 100
4 9 5 7 98
4 9 5 14 162
4 10 5 1 198
4 10 5 7 22
4 10 5 14 414
4 12 5 1 332
4 12 5 7 200
4 12 5 14 286
4 15 5 1 72
4 15 5 7 106
4 15 5 14 138
4 6 6 2 208
4 6 6 4 332
4 6 6 13 360
4 9 6 2 106
4 9 6 4 302
4 9 6 13 444
4 10 6 2 102
4 10 6 4 34
4 10 6 13 314
4 12 6 2 266
4 12 6 4 316
4 12 6 13 92
4 15 6 2 10
4 15 6 4 134
4 15 6 13 272
4 6 7 3 406
4 6 7 5 66
4 6 7 12 188
4 9 7 3 162
4 9 7 5 498
4 9 7 12 212
4 10 7 3 230
4 10 7 5 160
4 10 7 12 274
4 12 7 3 174
4 12 7 5 146
4 12 7 12 64
4 15 7 3 326
4 15 7 5 88
4 15 7 12 388
4 6 8 3 152
4 6 8 10 26
4 6 8 12 324
4 9 8 3 242
4 9 8 10 310
4 9 8 12 72
4 10 8 3 186
4 10 8 10 138
4 10 8 12 38
4 12 8 3 32
4 12 8 10 194
4 12 8 12 618
4 15 8 3 402
4 15 8 10 30
4 15 8 12 312
4 6 9 2 350
4 6 9 11 360
4 6 9 13 448
4 9 9 2 360
4 9 9 11 240
4 9 9 13 68
4 10 9 2 374
4 10 9 11 88
4 10 9 13 218
4 12 9 2 98
4 12 9 11 134
4 12 9 13 420
4 15 9 2 232
4 15 9 11 98
4 15 9 13 154
4 6 10 1 126
4 6 10 8 44
4 6 10 14 82
4 9 10 1 290
4 9 10 8 92
4 9 10 14 114
4 10 10 1 250
4 10 10 8 162
4 10 10 14 110
4 12 10 1 614
4 12 10 8 332
4 12 10 14 256
4 15 10 1 386
4 15 10 8 360
4 15 10 14 264
4 6 11 0 158
4 6 11 9 184
4 6 11 15 138
4 9 11 0 102
4 9 11 9 152
4 9 11 15 54
4 10 11 0 260
4 10 11 9 148
4 10 11 15 194
4 12 11 0 378
4 12 11 9 40
4 12 11 15 90
4 15 11 0 550
4 15 11 9 198
4 15 11 15 334
4 6 12 7 42
4 6 12 8 2
4 6 12 14 36
4 9 12 7 386
4 9 12 8 908
4 9 12 14 2
4 10 12 7 526
4 10 12 8 150
4 10 12 14 328
4 12 12 7 16
4 12 12 8 354
4 12 12 14 8
4 15 12 7 28
4 15 12 8 256
4 15 12 14 372
4 6 13 6 134
4 6 13 9 372
4 6 13 15 162
4 9 13 6 406
4 9 13 9 12
4 9 13 15 156
4 10 13 6 152
4 10 13 9 62
4 10 13 15 174
4 12 13 6 76
4 12 13 9 104
4 12 13 15 504
4 15 13 6 178
4 15 13 9 290
4 15 13 15 162
4 6 14 5 316
4 6 14 10 48
4 6 14 12 86
4 9 14 5 76
4 9 14 10 324
4 9 14 12 46
4 10 14 5 346
4 10 14 10 246
4 10 14 12 66
4 12 14 5 132
4 12 14 10 292
4 12 14 12 136
4 15 14 5 428
4 15 14 10 326
4 15 14 12 0
4 6 15 4 192
4 6 15 11 290
4 6 15 13 260
4 9 15 4 184
4 9 15 11 380
4 9 15 13 138
4 10 15 4 334
4 10 15 11 110
4 10 15 13 82
4 12 15 4 82
4 12 15 11 124
4 12 15 13 62
4 15 15 4 656
4 15 15 11 392
4 15 15 13 490
5 7 0 2 14
5 7 0 4 88
5 7 0 11 100
5 8 0 2 92
5 8 0 4 256
5 8 0 11 138
5 11 0 2 144
5 11 0 4 698
5 11 0 11 150
5 13 0 2 654
5 13 0 4 242
5 13 0 11 246
5 14 0 2 366
5 14 0 4 126
5 14 0 11 22
5 7 1 3 258
5 7 1 5 20
5 7 1 10 8
5 8 1 3 194
5 8 1 5 416
5 8 1 10 690
5 11 1 3 472
5 11 1 5 162
5 11 1 10 94
5 13 1 3 154
5 13 1 5 260
5 13 1 10 154
5 14 1 3 222
5 14 1 5 292
5 14 1 10 152
5 7 2 0 354
5 7 2 6 88
5 7 2 9 102
5 8 2 0 404
5 8 2 6 340
5 8 2 9 110
5 11 2 0 376
5 11 2 6 456
5 11 2 9 548
5 13 2 0 202
5 13 2 6 310
5 13 2 9 146
5 14 2 0 20
5 14 2 6 322
5 14 2 9 146
5 7 3 1 352
5 7 3 7 52
5 7 3 8 606
5 8 3 1 24
5 8 3 7 68
5 8 3 8 104
5 11 3 1 444
5 11 3 7 328
5 11 3 8 274
5 13 3 1 272
5 13 3 7 152
5 13 3 8 356
5 14 3 1 596
5 14 3 7 232
5 14 3 8 142
5 7 4 0 408
5 7 4 6 276
5 7 4 15 162
5 8 4 0 104
5 8 4 6 26
5 8 4 15 122
5 11 4 0 154
5 11 4 6 36
5 11 4 15 196
5 13 4 0 196
5 13 4 6 42
5 13 4 15 224
5 14 4 0 206
5 14 4 6 550
5 14 4 15 196
5 7 5 1 180
5 7 5 7 80
5 7 5 14 334
5 8 5 1 198
5 8 5 7 128
5 8 5 14 188
5 11 5 1 248
5 11 5 7 234
5 11 5 14 424
5 13 5 1 158
5 13 5 7 104
5 13 5 14 106
5 14 5 1 124
5 14 5 7 196
5 14 5 14 156
5 7 6 2 618
5 7 6 4 10
5 7 6 13 40
5 8 6 2 232
5 8 6 4 122
5 8 6 13 174
5 11 6 2 100
5 11 6 4 280
5 11 6 13 198
5 13 6 2 162
5 13 6 4 226
5 13 6 13 138
5 14 6 2 572
5 14 6 4 426
5 14 6 13 42
5 7 7 3 270
5 7 7 5 200
5 7 7 12 44
5 8 7 3 20
5 8 7 5 148
5 8 7 12 324
5 11 7 3 88
5 11 7 5 150
5 11 7 12 8
5 13 7 3 190
5 13 7 5 192
5 13 7 12 170
5 14 7 3 72
5 14 7 5 298
5 14 7 12 102
5 7 8 3 50
5 7 8 10 18
5 7 8 12 296
5 8 8 3 290
5 8 8 10 350
5 8 8 12 204
5 11 8 3 38
5 11 8 10 222
5 11 8 12 202
5 13 8 3 28
5 13 8 10 360
5 13 8 12 132
5 14 8 3 198
5 14 8 10 132
5 14 8 12 378
5 7 9 2 72
5 7 9 11 400
5 7 9 13 112
5 8 9 2 8
5 8 9 11 330
5 8 9 13 102
5 11 9 2 484
5 11 9 11 424
5 11 9 13 458
5 13 9 2 230
5 13 9 11 210
5 13 9 13 164
5 14 9 2 176
5 14 9 11 324
5 14 9 13 348
5 7 10 1 136
5 7 10 8 156
5 7 10 14 380
5 8 10 1 80
5 8 10 8 134
5 8 10 14 84
5 11 10 1 396
5 11 10 8 540
5 11 10 14 158
5 13 10 1 40
5 13 10 8 250
5 13 10 14 134
5 14 10 1 260
5 14 10 8 20
5 14 10 14 232
5 7 11 0 312
5 7 11 9 232
5 7 11 15 176
5 8 11 0 72
5 8 11 9 216
5 8 11 15 346
5 11 11 0 302
5 11 11 9 322
5 11 11 15 474
5 13 11 0 92
5 13 11 9 116
5 13 11 15 62
5 14 11 0 148
5 14 11 9 270
5 14 11 15 324
5 7 12 7 70
5 7 12 8 512
5 7 12 14 494
5 8 12 7 44
5 8 12 8 118
5 8 12 14 140
5 11 12 7 190
5 11 12 8 418
5 11 12 14 140
5 13 12 7 176
5 13 12 8 250
5 13 12 14 264
5 14 12 7 16
5 14 12 8 66
5 14 12 14 434
5 7 13 6 116
5 7 13 9 526
5 7 13 15 280
5 8 13 6 312
5 8 13 9 30
5 8 13 15 144
5 11 13 6 244
5 11 13 9 244
5 11 13 15 62
5 13 13 6 148
5 13 13 9 22
5 13 13 15 156
5 14 13 6 204
5 14 13 9 426
5 14 13 15 76
5 7 14 5 74
5 7 14 10 58
5 7 14 12 6
5 8 14 5 312
5 8 14 10 30
5 8 14 12 630
5 11 14 5 124
5 11 14 10 184
5 11 14 12 140
5 13 14 5 106
5 13 14 10 88
5 13 14 12 496
5 14 14 5 8
5 14 14 10 4
5 14 14 12 502
5 7 15 4 194
5 7 15 11 156
5 7 15 13 216
5 8 15 4 348
5 8 15 11 258
5 8 15 13 192
5 11 15 4 22
5 11 15 11 62
5 11 15 13 356
5 13 15 4 682
5 13 15 11 638
5 13 15 13 174
5 14 15 4 312
5 14 15 11 202
5 14 15 13 84
6 8 0 2 456
6 8 0 4 298
6 8 0 11 458
6 11 0 2 306
6 11 0 4 162
6 11 0 11 182
6 13 0 2 292
6 13 0 4 2
6 13 0 11 134
6 14 0 2 88
6 14 0 4 114
6 14 0 11 56
6 8 1 3 34
6 8 1 5 154
6 8 1 10 2
6 11 1 3 22
6 11 1 5 82
6 11 1 10 156
6 13 1 3 216
6 13 1 5 56
6 13 1 10 38
6 14 1 3 720
6 14 1 5 164
6 14 1 10 70
6 8 2 0 84
6 8 2 6 162
6 8 2 9 100
6 11 2 0 284
6 11 2 6 120
6 11 2 9 490
6 13 2 0 188
6 13 2 6 268
6 13 2 9 188
6 14 2 0 382
6 14 2 6 38
6 14 2 9 198
6 8 3 1 214
6 8 3 7 114
6 8 3 8 8
6 11 3 1 214
6 11 3 7 144
6 11 3 8 330
6 13 3 1 198
6 13 3 7 196
6 13 3 8 216
6 14 3 1 242
6 14 3 7 48
6 14 3 8 132
6 8 4 0 344
6 8 4 6 228
6 8 4 15 80
6 11 4 0 50
6 11 4 6 10
6 11 4 15 326
6 13 4 0 370
6 13 4 6 120
6 13 4 15 14
6 14 4 0 206
6 14 4 6 20
6 14 4 15 218
6 8 5 1 366
6 8 5 7 280
6 8 5 14 548
6 11 5 1 168
6 11 5 7 136
6 11 5 14 564
6 13 5 1 172
6 13 5 7 88
6 13 5 14 116
6 14 5 1 66
6 14 5 7 94
6 14 5 14 238
6 8 6 2 14
6 8 6 4 258
6 8 6 13 256
6 11 6 2 194
6 11 6 4 48
6 11 6 13 56
6 13 6 2 152
6 13 6 4 212
6 13 6 13 44
6 14 6 2 298
6 14 6 4 360
6 14 6 13 376
6 8 7 3 212
6 8 7 5 34
6 8 7 12 264
6 11 7 3 52
6 11 7 5 334
6 11 7 12 8
6 13 7 3 136
6 13 7 5 394
6 13 7 12 52
6 14 7 3 724
6 14 7 5 42
6 14 7 12 146
6 8 8 3 88
6 8 8 10 240
6 8 8 12 96
6 11 8 3 124
6 11 8 10 124
6 11 8 12 108
6 13 8 3 248
6 13 8 10 4
6 13 8 12 68
6 14 8 3 98
6 14 8 10 112
6 14 8 12 138
6 8 9 2 506
6 8 9 11 172
6 8 9 13 280
6 11 9 2 136
6 11 9 11 50
6 11 9 13 74
6 13 9 2 120
6 13 9 11 54
6 13 9 13 268
6 14 9 2 176
6 14 9 11 262
6 14 9 13 140
6 8 10 1 272
6 8 10 8 146
6 8 10 14 60
6 11 10 1 338
6 11 10 8 20
6 11 10 14 346
6 13 10 1 30
6 13 10 8 420
6 13 10 14 110
6 14 10 1 98
6 14 10 8 274
6 14 10 14 408
6 8 11 0 172
6 8 11 9 488
6 8 11 15 156
6 11 11 0 196
6 11 11 9 332
6 11 11 15 246
6 13 11 0 168
6 13 11 9 368
6 13 11 15 24
6 14 11 0 756
6 14 11 9 218
6 14 11 15 216
6 8 12 7 114
6 8 12 8 38
6 8 12 14 36
6 11 12 7 140
6 11 12 8 178
6 11 12 14 102
6 13 12 7 140
6 13 12 8 82
6 13 12 14 270
6 14 12 7 636
6 14 12 8 22
6 14 12 14 422
6 8 13 6 16
6 8 13 9 10
6 8 13 15 500
6 11 13 6 36
6 11 13 9 324
6 11 13 15 260
6 13 13 6 802
6 13 13 9 128
6 13 13 15 56
6 14 13 6 268
6 14 13 9 170
6 14 13 15 472
6 8 14 5 202
6 8 14 10 346
6 8 14 12 150
6 11 14 5 324
6 11 14 10 14
6 11 14 12 306
6 13 14 5 314
6 13 14 10 172
6 13 14 12 606
6 14 14 5 172
6 14 14 10 224
6 14 14 12 170
6 8 15 4 100
6 8 15 11 56
6 8 15 13 526
6 11 15 4 550
6 11 15 11 302
6 11 15 13 16
6 13 15 4 214
6 13 15 11 448
6 13 15 13 92
6 14 15 4 406
6 14 15 11 416
6 14 15 13 200
7 9 0 2 180
7 9 0 4 264
7 9 0 11 236
7 10 0 2 28
7 10 0 4 88
7 10 0 11 94
7 12 0 2 172
7 12 0 4 52
7 12 0 11 98
7 15 0 2 524
7 15 0 4 38
7 15 0 11 120
7 9 1 3 64
7 9 1 5 538
7 9 1 10 124
7 10 1 3 330
7 10 1 5 182
7 10 1 10 0
7 12 1 3 578
7 12 1 5 362
7 12 1 10 336
7 15 1 3 72
7 15 1 5 58
7 15 1 10 640
7 9 2 0 194
7 9 2 6 340
7 9 2 9 84
7 10 2 0 68
7 10 2 6 252
7 10 2 9 346
7 12 2 0 28
7 12 2 6 184
7 12 2 9 88
7 15 2 0 134
7 15 2 6 342
7 15 2 9 236
7 9 3 1 100
7 9 3 7 156
7 9 3 8 174
7 10 3 1 190
7 10 3 7 4
7 10 3 8 156
7 12 3 1 244
7 12 3 7 116
7 12 3 8 428
7 15 3 1 254
7 15 3 7 270
7 15 3 8 22
7 9 4 0 356
7 9 4 6 58
7 9 4 15 106
7 10 4 0 400
7 10 4 6 88
7 10 4 15 248
7 12 4 0 18
7 12 4 6 26
7 12 4 15 150
7 15 4 0 40
7 15 4 6 266
7 15 4 15 272
7 9 5 1 304
7 9 5 7 328
7 9 5 14 366
7 10 5 1 56
7 10 5 7 276
7 10 5 14 674
7 12 5 1 154
7 12 5 7 250
7 12 5 14 108
7 15 5 1 134
7 15 5 7 224
7 15 5 14 392
7 9 6 2 286
7 9 6 4 182
7 9 6 13 394
7 10 6 2 144
7 10 6 4 50
7 10 6 13 34
7 12 6 2 316
7 12 6 4 90
7 12 6 13 16
7 15 6 2 40
7 15 6 4 142
7 15 6 13 250
7 9 7 3 380
7 9 7 5 170
7 9 7 12 128
7 10 7 3 172
7 10 7 5 532
7 10 7 12 620
7 12 7 3 90
7 12 7 5 10
7 12 7 12 140
7 15 7 3 298
7 15 7 5 54
7 15 7 12 534
7 9 8 3 52
7 9 8 10 172
7 9 8 12 12
7 10 8 3 480
7 10 8 10 164
7 10 8 12 240
7 12 8 3 434
7 12 8 10 20
7 12 8 12 398
7 15 8 3 44
7 15 8 10 468
7 15 8 12 308
7 9 9 2 30
7 9 9 11 46
7 9 9 13 156
7 10 9 2 176
7 10 9 11 56
7 10 9 13 56
7 12 9 2 152
7 12 9 11 58
7 12 9 13 0
7 15 9 2 270
7 15 9 11 290
7 15 9 13 98
7 9 10 1 448
7 9 10 8 266
7 9 10 14 512
7 10 10 1 300
7 10 10 8 118
7 10 10 14 84
7 12 10 1 64
7 12 10 8 192
7 12 10 14 262
7 15 10 1 68
7 15 10 8 100
7 15 10 14 334
7 9 11 0 546
7 9 11 9 84
7 9 11 15 6
7 10 11 0 538
7 10 11 9 146
7 10 11 15 60
7 12 11 0 38
7 12 11 9 192
7 12 11 15 4
7 15 11 0 38
7 15 11 9 48
7 15 11 15 60
7 9 12 7 62
7 9 12 8 346
7 9 12 14 202
7 10 12 7 296
7 10 12 8 126
7 10 12 14 292
7 12 12 7 152
7 12 12 8 102
7 12 12 14 110
7 15 12 7 332
7 15 12 8 52
7 15 12 14 390
7 9 13 6 346
7 9 13 9 212
7 9 13 15 210
7 10 13 6 198
7 10 13 9 246
7 10 13 15 150
7 12 13 6 172
7 12 13 9 268
7 12 13 15 116
7 15 13 6 438
7 15 13 9 492
7 15 13 15 260
7 9 14 5 406
7 9 14 10 284
7 9 14 12 156
7 10 14 5 14
7 10 14 10 116
7 10 14 12 484
7 12 14 5 274
7 12 14 10 148
7 12 14 12 280
7 15 14 5 8
7 15 14 10 90
7 15 14 12 308
7 9 15 4 194
7 9 15 11 412
7 9 15 13 44
7 10 15 4 44
7 10 15 11 36
7 10 15 13 200
7 12 15 4 10
7 12 15 11 610
7 12 15 13 100
7 15 15 4 248
7 15 15 11 266
7 15 15 13 120
8 10 0 2 122
8 10 0 4 358
8 10 0 11 36
8 12 0 2 20
8 12 0 4 374
8 12 0 11 370
8 10 1 3 208
8 10 1 5 228
8 10 1 10 70
8 12 1 3 186
8 12 1 5 498
8 12 1 10 70
8 10 2 0 468
8 10 2 6 280
8 10 2 9 266
8 12 2 0 188
8 12 2 6 78
8 12 2 9 192
8 10 3 1 126
8 10 3 7 406
8 10 3 8 262
8 12 3 1 576
8 12 3 7 268
8 12 3 8 226
8 10 4 0 2
8 10 4 6 204
8 10 4 15 228
8 12 4 0 108
8 12 4 6 230
8 12 4 15 264
8 10 5 1 12
8 10 5 7 100
8 10 5 14 4
8 12 5 1 136
8 12 5 7 754
8 12 5 14 26
8 10 6 2 230
8 10 6 4 148
8 10 6 13 370
8 12 6 2 42
8 12 6 4 10
8 12 6 13 136
8 10 7 3 530
8 10 7 5 92
8 10 7 12 38
8 12 7 3 118
8 12 7 5 50
8 12 7 12 166
8 10 8 3 4
8 10 8 10 24
8 10 8 12 236
8 12 8 3 14
8 12 8 10 20
8 12 8 12 156
8 10 9 2 36
8 10 9 11 198
8 10 9 13 338
8 12 9 2 364
8 12 9 11 430
8 12 9 13 128
8 10 10 1 356
8 10 10 8 14
8 10 10 14 120
8 12 10 1 80
8 12 10 8 288
8 12 10 14 28
8 10 11 0 186
8 10 11 9 44
8 10 11 15 248
8 12 11 0 154
8 12 11 9 240
8 12 11 15 212
8 10 12 7 22
8 10 12 8 180
8 10 12 14 164
8 12 12 7 328
8 12 12 8 36
8 12 12 14 212
8 10 13 6 170
8 10 13 9 110
8 10 13 15 604
8 12 13 6 208
8 12 13 9 78
8 12 13 15 300
8 10 14 5 130
8 10 14 10 114
8 10 14 12 184
8 12 14 5 298
8 12 14 10 50
8 12 14 12 176
8 10 15 4 234
8 10 15 11 182
8 10 15 13 146
8 12 15 4 480
8 12 15 11 60
8 12 15 13 46
9 11 0 2 72
9 11 0 4 96
9 11 0 11 294
9 13 0 2 310
9 13 0 4 186
9 13 0 11 48
9 11 1 3 206
9 11 1 5 72
9 11 1 10 176
9 13 1 3 160
9 13 1 5 120
9 13 1 10 160
9 11 2 0 2
9 11 2 6 548
9 11 2 9 50
9 13 2 0 148
9 13 2 6 150
9 13 2 9 108
9 11 3 1 196
9 11 3 7 144
9 11 3 8 38
9 13 3 1 144
9 13 3 7 112
9 13 3 8 20
9 11 4 0 238
9 11 4 6 60
9 11 4 15 2
9 13 4 0 298
9 13 4 6 236
9 13 4 15 18
9 11 5 1 244
9 11 5 7 18
9 11 5 14 236
9 13 5 1 114
9 13 5 7 28
9 13 5 14 492
9 11 6 2 34
9 11 6 4 596
9 11 6 13 240
9 13 6 2 178
9 13 6 4 86
9 13 6 13 34
9 11 7 3 66
9 11 7 5 98
9 11 7 12 232
9 13 7 3 256
9 13 7 5 36
9 13 7 12 314
9 11 8 3 224
9 11 8 10 322
9 11 8 12 66
9 13 8 3 742
9 13 8 10 424
9 13 8 12 118
9 11 9 2 180
9 11 9 11 238
9 11 9 13 48
9 13 9 2 172
9 13 9 11 46
9 13 9 13 372
9 11 10 1 286
9 11 10 8 390
9 11 10 14 42
9 13 10 1 144
9 13 10 8 46
9 13 10 14 296
9 11 11 0 8
9 11 11 9 54
9 11 11 15 240
9 13 11 0 84
9 13 11 9 58
9 13 11 15 288
9 11 12 7 180
9 11 12 8 76
9 11 12 14 160
9 13 12 7 114
9 13 12 8 20
9 13 12 14 130
9 11 13 6 304
9 11 13 9 74
9 11 13 15 292
9 13 13 6 346
9 13 13 9 288
9 13 13 15 154
9 11 14 5 24
9 11 14 10 242
9 11 14 12 140
9 13 14 5 324
9 13 14 10 340
9 13 14 12 116
9 11 15 4 46
9 11 15 11 434
9 11 15 13 58
9 13 15 4 420
9 13 15 11 290
9 13 15 13 8
10 14 0 2 148
10 14 0 4 310
10 14 0 11 174
10 14 1 3 32
10 14 1 5 36
10 14 1 10 518
10 14 2 0 570
10 14 2 6 4
10 14 2 9 4
10 14 3 1 336
10 14 3 7 130
10 14 3 8 8
10 14 4 0 244
10 14 4 6 306
10 14 4 15 58
10 14 5 1 50
10 14 5 7 168
10 14 5 14 90
10 14 6 2 196
10 14 6 4 346
10 14 6 13 346
10 14 7 3 6
10 14 7 5 0
10 14 7 12 116
10 14 8 3 116
10 14 8 10 114
10 14 8 12 314
10 14 9 2 102
10 14 9 11 228
10 14 9 13 12
10 14 10 1 402
10 14 10 8 348
10 14 10 14 266
10 14 11 0 140
10 14 11 9 68
10 14 11 15 100
10 14 12 7 210
10 14 12 8 238
10 14 12 14 464
10 14 13 6 242
10 14 13 9 272
10 14 13 15 292
10 14 14 5 292
10 14 14 10 180
10 14 14 12 132
10 14 15 4 196
10 14 15 11 398
10 14 15 13 632
11 15 0 2 392
11 15 0 4 280
11 15 0 11 220
11 15 1 3 448
11 15 1 5 130
11 15 1 10 494
11 15 2 0 192
11 15 2 6 68
11 15 2 9 64
11 15 3 1 404
11 15 3 7 76
11 15 3 8 114
11 15 4 0 112
11 15 4 6 236
11 15 4 15 58
11 15 5 1 66
11 15 5 7 338
11 15 5 14 458
11 15 6 2 16
11 15 6 4 436
11 15 6 13 352
11 15 7 3 298
11 15 7 5 270
11 15 7 12 322
11 15 8 3 162
11 15 8 10 44
11 15 8 12 280
11 15 9 2 398
11 15 9 11 350
11 15 9 13 44
11 15 10 1 176
11 15 10 8 202
11 15 10 14 20
11 15 11 0 198
11 15 11 9 448
11 15 11 15 60
11 15 12 7 492
11 15 12 8 152
11 15 12 14 586
11 15 13 6 168
11 15 13 9 578
11 15 13 15 200
11 15 14 5 92
11 15 14 10 106
11 15 14 12 136
11 15 15 4 52
11 15 15 11 174
11 15 15 13 176
12 14 0 2 26
12 14 0 4 18
12 14 0 11 44
12 14 1 3 402
12 14 1 5 204
12 14 1 10 344
12 14 2 0 362
12 14 2 6 94
12 14 2 9 450
12 14 3 1 406
12 14 3 7 112
12 14 3 8 464
12 14 4 0 98
12 14 4 6 308
12 14 4 15 228
12 14 5 1 360
12 14 5 7 16
12 14 5 14 136
12 14 6 2 194
12 14 6 4 0
12 14 6 13 46
12 14 7 3 142
12 14 7 5 378
12 14 7 12 396
12 14 8 3 394
12 14 8 10 432
12 14 8 12 28
12 14 9 2 148
12 14 9 11 110
12 14 9 13 314
12 14 10 1 290
12 14 10 8 96
12 14 10 14 154
12 14 11 0 152
12 14 11 9 178
12 14 11 15 676
12 14 12 7 196
12 14 12 8 214
12 14 12 14 200
12 14 13 6 80
12 14 13 9 214
12 14 13 15 108
12 14 14 5 82
12 14 14 10 166
12 14 14 12 164
12 14 15 4 172
12 14 15 11 232
12 14 15 13 264
13 15 0 2 178
13 15 0 4 1344
13 15 0 11 374
13 15 1 3 0
13 15 1 5 274
13 15 1 10 16
13 15 2 0 48
13 15 2 6 244
13 15 2 9 50
13 15 3 1 168
13 15 3 7 66
13 15 3 8 272
13 15 4 0 914
13 15 4 6 388
13 15 4 15 264
13 15 5 1 240
13 15 5 7 428
13 15 5 14 44
13 15 6 2 254
13 15 6 4 542
13 15 6 13 176
13 15 7 3 326
13 15 7 5 34
13 15 7 12 304
13 15 8 3 392
13 15 8 10 142
13 15 8 12 352
13 15 9 2 292
13 15 9 11 186
13 15 9 13 108
13 15 10 1 128
13 15 10 8 304
13 15 10 14 90
13 15 11 0 522
13 15 11 9 504
13 15 11 15 328
13 15 12 7 242
13 15 12 8 134
13 15 12 14 346
13 15 13 6 628
13 15 13 9 346
13 15 13 15 338
13 15 14 5 22
13 15 14 10 228
13 15 14 12 674
13 15 15 4 140
13 15 15 11 270
13 15 15 13 160
