# KEY left=0x95 right=0x01
# GOOD_PAIRS_BEGIN count=4
# GOOD_PAIR 0x39 0xdb
# GOOD_PAIR 0x3b 0xd9
# GOOD_PAIR 0x49 0xab
# GOOD_PAIR 0x4b 0xa9
# GOOD_PAIRS_END
0 2 0 2 152
0 2 0 4 194
0 2 0 11 22
0 4 0 2 240
0 4 0 4 290
0 4 0 11 466
0 8 0 2 222
0 8 0 4 10
0 8 0 11 156
0 11 0 2 86
0 11 0 4 160
0 11 0 11 20
0 13 0 2 108
0 13 0 4 126
0 13 0 11 366
0 14 0 2 338
0 14 0 4 596
0 14 0 11 88
0 2 1 3 104
0 2 1 5 90
0 2 1 10 234
0 4 1 3 114
0 4 1 5 372
0 4 1 10 114
0 8 1 3 2
0 8 1 5 368
0 8 1 10 400
0 11 1 3 8
0 11 1 5 74
0 11 1 10 16
0 13 1 3 98
0 13 1 5 238
0 13 1 10 40
0 14 1 3 260
0 14 1 5 670
0 14 1 10 148
0 2 2 0 314
0 2 2 6 166
0 2 2 9 140
0 4 2 0 322
0 4 2 6 66
0 4 2 9 236
0 8 2 0 72
0 8 2 6 300
0 8 2 9 46
0 11 2 0 124
0 11 2 6 308
0 11 2 9 264
0 13 2 0 494
0 13 2 6 344
0 13 2 9 14
0 14 2 0 38
0 14 2 6 20
0 14 2 9 84
0 2 3 1 148
0 2 3 7 100
0 2 3 8 122
0 4 3 1 36
0 4 3 7 146
0 4 3 8 142
0 8 3 1 226
0 8 3 7 268
0 8 3 8 186
0 11 3 1 186
0 11 3 7 244
0 11 3 8 526
0 13 3 1 452
0 13 3 7 398
0 13 3 8 508
0 14 3 1 182
0 14 3 7 304
0 14 3 8 280
0 2 4 0 16
0 2 4 6 208
0 2 4 15 28
0 4 4 0 498
0 4 4 6 188
0 4 4 15 252
0 8 4 0 56
0 8 4 6 498
0 8 4 15 110
0 11 4 0 376
0 11 4 6 130
0 11 4 15 174
0 13 4 0 312
0 13 4 6 662
0 13 4 15 412
0 14 4 0 160
0 14 4 6 16
0 14 4 15 36
0 2 5 1 114
0 2 5 7 124
0 2 5 14 232
0 4 5 1 478
0 4 5 7 404
0 4 5 14 228
0 8 5 1 198
0 8 5 7 642
0 8 5 14 134
0 11 5 1 142
0 11 5 7 88
0 11 5 14 28
0 13 5 1 144
0 13 5 7 578
0 13 5 14 294
0 14 5 1 422
0 14 5 7 234
0 14 5 14 22
0 2 6 2 158
0 2 6 4 672
0 2 6 13 38
0 4 6 2 166
0 4 6 4 132
0 4 6 13 492
0 8 6 2 144
0 8 6 4 18
0 8 6 13 26
0 11 6 2 52
0 11 6 4 140
0 11 6 13 120
0 13 6 2 136
0 13 6 4 308
0 13 6 13 186
0 14 6 2 388
0 14 6 4 94
0 14 6 13 20
0 2 7 3 406
0 2 7 5 534
0 2 7 12 232
0 4 7 3 100
0 4 7 5 264
0 4 7 12 338
0 8 7 3 298
0 8 7 5 310
0 8 7 12 432
0 11 7 3 154
0 11 7 5 312
0 11 7 12 92
0 13 7 3 86
0 13 7 5 144
0 13 7 12 138
0 14 7 3 218
0 14 7 5 62
0 14 7 12 102
0 2 8 3 52
0 2 8 10 72
0 2 8 12 258
0 4 8 3 214
0 4 8 10 52
0 4 8 12 450
0 8 8 3 254
0 8 8 10 72
0 8 8 12 98
0 11 8 3 230
0 11 8 10 136
0 11 8 12 212
0 13 8 3 4
0 13 8 10 232
0 13 8 12 454
0 14 8 3 284
0 14 8 10 144
0 14 8 12 424
0 2 9 2 54
0 2 9 11 326
0 2 9 13 56
0 4 9 2 458
0 4 9 11 362
0 4 9 13 302
0 8 9 2 540
0 8 9 11 2
0 8 9 13 408
0 11 9 2 190
0 11 9 11 74
0 11 9 13 316
0 13 9 2 102
0 13 9 11 606
0 13 9 13 318
0 14 9 2 510
0 14 9 11 498
0 14 9 13 158
0 2 10 1 84
0 2 10 8 32
0 2 10 14 180
0 4 10 1 54
0 4 10 8 244
0 4 10 14 776
0 8 10 1 394
0 8 10 8 46
0 8 10 14 240
0 11 10 1 80
0 11 10 8 234
0 11 10 14 60
0 13 10 1 170
0 13 10 8 482
0 13 10 14 170
0 14 10 1 28
0 14 10 8 28
0 14 10 14 456
0 2 11 0 250
0 2 11 9 240
0 2 11 15 226
0 4 11 0 510
0 4 11 9 134
0 4 11 15 162
0 8 11 0 58
0 8 11 9 428
0 8 11 15 24
0 11 11 0 234
0 11 11 9 162
0 11 11 15 260
0 13 11 0 418
0 13 11 9 314
0 13 11 15 68
0 14 11 0 180
0 14 11 9 44
0 14 11 15 696
0 2 12 7 80
0 2 12 8 142
0 2 12 14 250
0 4 12 7 178
0 4 12 8 398
0 4 12 14 294
0 8 12 7 272
0 8 12 8 98
0 8 12 14 242
0 11 12 7 132
0 11 12 8 32
0 11 12 14 28
0 13 12 7 188
0 13 12 8 94
0 13 12 14 132
0 14 12 7 410
0 14 12 8 766
0 14 12 14 168
0 2 13 6 176
0 2 13 9 86
0 2 13 15 196
0 4 13 6 132
0 4 13 9 396
0 4 13 15 128
0 8 13 6 414
0 8 13 9 24
0 8 13 15 16
0 11 13 6 236
0 11 13 9 116
0 11 13 15 4
0 13 13 6 354
0 13 13 9 242
0 13 13 15 182
0 14 13 6 126
0 14 13 9 628
0 14 13 15 102
0 2 14 5 48
0 2 14 10 172
0 2 14 12 412
0 4 14 5 156
0 4 14 10 438
0 4 14 12 204
0 8 14 5 134
0 8 14 10 160
0 8 14 12 72
0 11 14 5 122
0 11 14 10 660
0 11 14 12 328
0 13 14 5 234
0 13 14 10 70
0 13 14 12 446
0 14 14 5 148
0 14 14 10 178
0 14 14 12 356
0 2 15 4 296
0 2 15 11 10
0 2 15 13 84
0 4 15 4 222
0 4 15 11 94
0 4 15 13 74
0 8 15 4 506
0 8 15 11 258
0 8 15 13 320
0 11 15 4 122
0 11 15 11 176
0 11 15 13 30
0 13 15 4 0
0 13 15 11 96
0 13 15 13 130
0 14 15 4 38
0 14 15 11 144
0 14 15 13 8
1 3 0 2 64
1 3 0 4 382
1 3 0 11 2
1 5 0 2 120
1 5 0 4 24
1 5 0 11 92
1 9 0 2 532
1 9 0 4 342
1 9 0 11 338
1 10 0 2 52
1 10 0 4 30
1 10 0 11 142
1 12 0 2 132
1 12 0 4 338
1 12 0 11 16
1 15 0 2 278
1 15 0 4 178
1 15 0 11 428
1 3 1 3 160
1 3 1 5 80
1 3 1 10 74
1 5 1 3 258
1 5 1 5 178
1 5 1 10 318
1 9 1 3 134
1 9 1 5 336
1 9 1 10 238
1 10 1 3 92
1 10 1 5 48
1 10 1 10 372
1 12 1 3 566
1 12 1 5 22
1 12 1 10 34
1 15 1 3 72
1 15 1 5 70
1 15 1 10 358
1 3 2 0 304
1 3 2 6 150
1 3 2 9 318
1 5 2 0 172
1 5 2 6 86
1 5 2 9 206
1 9 2 0 202
1 9 2 6 186
1 9 2 9 42
1 10 2 0 476
1 10 2 6 306
1 10 2 9 176
1 12 2 0 272
1 12 2 6 34
1 12 2 9 24
1 15 2 0 616
1 15 2 6 290
1 15 2 9 26
1 3 3 1 16
1 3 3 7 22
1 3 3 8 86
1 5 3 1 308
1 5 3 7 52
1 5 3 8 240
1 9 3 1 332
1 9 3 7 220
1 9 3 8 176
1 10 3 1 288
1 10 3 7 46
1 10 3 8 30
1 12 3 1 344
1 12 3 7 148
1 12 3 8 470
1 15 3 1 126
1 15 3 7 12
1 15 3 8 102
1 3 4 0 392
1 3 4 6 106
1 3 4 15 364
1 5 4 0 392
1 5 4 6 452
1 5 4 15 128
1 9 4 0 102
1 9 4 6 224
1 9 4 15 176
1 10 4 0 68
1 10 4 6 216
1 10 4 15 64
1 12 4 0 92
1 12 4 6 166
1 12 4 15 322
1 15 4 0 252
1 15 4 6 126
1 15 4 15 22
1 3 5 1 100
1 3 5 7 348
1 3 5 14 448
1 5 5 1 130
1 5 5 7 120
1 5 5 14 298
1 9 5 1 72
1 9 5 7 178
1 9 5 14 416
1 10 5 1 626
1 10 5 7 102
1 10 5 14 136
1 12 5 1 332
1 12 5 7 348
1 12 5 14 466
1 15 5 1 200
1 15 5 7 82
1 15 5 14 126
1 3 6 2 386
1 3 6 4 60
1 3 6 13 34
1 5 6 2 328
1 5 6 4 116
1 5 6 13 430
1 9 6 2 338
1 9 6 4 106
1 9 6 13 30
1 10 6 2 168
1 10 6 4 268
1 10 6 13 898
1 12 6 2 138
1 12 6 4 328
1 12 6 13 170
1 15 6 2 218
1 15 6 4 288
1 15 6 13 236
1 3 7 3 130
1 3 7 5 182
1 3 7 12 102
1 5 7 3 188
1 5 7 5 24
1 5 7 12 278
1 9 7 3 166
1 9 7 5 124
1 9 7 12 44
1 10 7 3 96
1 10 7 5 132
1 10 7 12 146
1 12 7 3 136
1 12 7 5 342
1 12 7 12 116
1 15 7 3 54
1 15 7 5 506
1 15 7 12 116
1 3 8 3 472
1 3 8 10 72
1 3 8 12 142
1 5 8 3 296
1 5 8 10 268
1 5 8 12 348
1 9 8 3 106
1 9 8 10 84
1 9 8 12 38
1 10 8 3 158
1 10 8 10 560
1 10 8 12 294
1 12 8 3 124
1 12 8 10 216
1 12 8 12 248
1 15 8 3 262
1 15 8 10 26
1 15 8 12 276
1 3 9 2 304
1 3 9 11 6
1 3 9 13 280
1 5 9 2 20
1 5 9 11 176
1 5 9 13 352
1 9 9 2 94
1 9 9 11 324
1 9 9 13 164
1 10 9 2 118
1 10 9 11 260
1 10 9 13 24
1 12 9 2 100
1 12 9 11 126
1 12 9 13 364
1 15 9 2 414
1 15 9 11 20
1 15 9 13 78
1 3 10 1 328
1 3 10 8 142
1 3 10 14 134
1 5 10 1 170
1 5 10 8 268
1 5 10 14 342
1 9 10 1 228
1 9 10 8 102
1 9 10 14 10
1 10 10 1 190
1 10 10 8 420
1 10 10 14 220
1 12 10 1 34
1 12 10 8 270
1 12 10 14 144
1 15 10 1 156
1 15 10 8 214
1 15 10 14 8
1 3 11 0 110
1 3 11 9 292
1 3 11 15 126
1 5 11 0 86
1 5 11 9 144
1 5 11 15 284
1 9 11 0 234
1 9 11 9 294
1 9 11 15 684
1 10 11 0 236
1 10 11 9 354
1 10 11 15 18
1 12 11 0 280
1 12 11 9 268
1 12 11 15 170
1 15 11 0 100
1 15 11 9 350
1 15 11 15 230
1 3 12 7 8
1 3 12 8 142
1 3 12 14 30
1 5 12 7 370
1 5 12 8 462
1 5 12 14 276
1 9 12 7 156
1 9 12 8 218
1 9 12 14 138
1 10 12 7 106
1 10 12 8 696
1 10 12 14 338
1 12 12 7 318
1 12 12 8 74
1 12 12 14 40
1 15 12 7 112
1 15 12 8 340
1 15 12 14 390
1 3 13 6 24
1 3 13 9 268
1 3 13 15 72
1 5 13 6 210
1 5 13 9 142
1 5 13 15 164
1 9 13 6 126
1 9 13 9 80
1 9 13 15 80
1 10 13 6 134
1 10 13 9 58
1 10 13 15 522
1 12 13 6 548
1 12 13 9 232
1 12 13 15 106
1 15 13 6 342
1 15 13 9 102
1 15 13 15 386
1 3 14 5 356
1 3 14 10 8
1 3 14 12 404
1 5 14 5 140
1 5 14 10 190
1 5 14 12 50
1 9 14 5 316
1 9 14 10 108
1 9 14 12 370
1 10 14 5 248
1 10 14 10 410
1 10 14 12 168
1 12 14 5 172
1 12 14 10 208
1 12 14 12 290
1 15 14 5 464
1 15 14 10 202
1 15 14 12 184
1 3 15 4 56
1 3 15 11 78
1 3 15 13 308
1 5 15 4 98
1 5 15 11 290
1 5 15 13 368
1 9 15 4 60
1 9 15 11 210
1 9 15 13 8
1 10 15 4 120
1 10 15 11 4
1 10 15 13 238
1 12 15 4 400
1 12 15 11 294
1 12 15 13 126
1 15 15 4 24
1 15 15 11 342
1 15 15 13 494
2 6 0 2 434
2 6 0 4 638
2 6 0 11 134
2 9 0 2 50
2 9 0 4 74
2 9 0 11 180
2 10 0 2 144
2 10 0 4 308
2 10 0 11 34
2 12 0 2 468
2 12 0 4 52
2 12 0 11 440
2 15 0 2 228
2 15 0 4 262
2 15 0 11 304
2 6 1 3 174
2 6 1 5 248
2 6 1 10 306
2 9 1 3 22
2 9 1 5 218
2 9 1 10 40
2 10 1 3 78
2 10 1 5 160
2 10 1 10 214
2 12 1 3 184
2 12 1 5 200
2 12 1 10 172
2 15 1 3 208
2 15 1 5 234
2 15 1 10 156
2 6 2 0 350
2 6 2 6 142
2 6 2 9 0
2 9 2 0 20
2 9 2 6 118
2 9 2 9 174
2 10 2 0 6
2 10 2 6 348
2 10 2 9 150
2 12 2 0 76
2 12 2 6 216
2 12 2 9 326
2 15 2 0 246
2 15 2 6 48
2 15 2 9 494
2 6 3 1 360
2 6 3 7 178
2 6 3 8 60
2 9 3 1 276
2 9 3 7 162
2 9 3 8 46
2 10 3 1 76
2 10 3 7 324
2 10 3 8 232
2 12 3 1 150
2 12 3 7 522
2 12 3 8 28
2 15 3 1 250
2 15 3 7 100
2 15 3 8 44
2 6 4 0 118
2 6 4 6 230
2 6 4 15 222
2 9 4 0 142
2 9 4 6 174
2 9 4 15 128
2 10 4 0 160
2 10 4 6 96
2 10 4 15 316
2 12 4 0 230
2 12 4 6 134
2 12 4 15 80
2 15 4 0 12
2 15 4 6 28
2 15 4 15 16
2 6 5 1 48
2 6 5 7 278
2 6 5 14 268
2 9 5 1 120
2 9 5 7 134
2 9 5 14 470
2 10 5 1 406
2 10 5 7 180
2 10 5 14 164
2 12 5 1 310
2 12 5 7 818
2 12 5 14 412
2 15 5 1 24
2 15 5 7 58
2 15 5 14 178
2 6 6 2 294
2 6 6 4 352
2 6 6 13 146
2 9 6 2 126
2 9 6 4 224
2 9 6 13 190
2 10 6 2 60
2 10 6 4 276
2 10 6 13 96
2 12 6 2 218
2 12 6 4 52
2 12 6 13 126
2 15 6 2 314
2 15 6 4 114
2 15 6 13 200
2 6 7 3 316
2 6 7 5 6
2 6 7 12 274
2 9 7 3 572
2 9 7 5 48
2 9 7 12 368
2 10 7 3 134
2 10 7 5 92
2 10 7 12 260
2 12 7 3 486
2 12 7 5 302
2 12 7 12 220
2 15 7 3 6
2 15 7 5 114
2 15 7 12 142
2 6 8 3 70
2 6 8 10 94
2 6 8 12 36
2 9 8 3 458
2 9 8 10 8
2 9 8 12 206
2 10 8 3 288
2 10 8 10 60
2 10 8 12 314
2 12 8 3 40
2 12 8 10 168
2 12 8 12 90
2 15 8 3 428
2 15 8 10 154
2 15 8 12 878
2 6 9 2 224
2 6 9 11 184
2 6 9 13 222
2 9 9 2 116
2 9 9 11 84
2 9 9 13 146
2 10 9 2 430
2 10 9 11 134
2 10 9 13 22
2 12 9 2 352
2 12 9 11 162
2 12 9 13 96
2 15 9 2 220
2 15 9 11 184
2 15 9 13 194
2 6 10 1 376
2 6 10 8 104
2 6 10 14 70
2 9 10 1 118
2 9 10 8 740
2 9 10 14 108
2 10 10 1 194
2 10 10 8 582
2 10 10 14 278
2 12 10 1 402
2 12 10 8 220
2 12 10 14 284
2 15 10 1 54
2 15 10 8 838
2 15 10 14 202
2 6 11 0 68
2 6 11 9 368
2 6 11 15 46
2 9 11 0 26
2 9 11 9 250
2 9 11 15 104
2 10 11 0 244
2 10 11 9 486
2 10 11 15 300
2 12 11 0 20
2 12 11 9 70
2 12 11 15 260
2 15 11 0 388
2 15 11 9 30
2 15 11 15 42
2 6 12 7 260
2 6 12 8 116
2 6 12 14 24
2 9 12 7 314
2 9 12 8 194
2 9 12 14 268
2 10 12 7 20
2 10 12 8 164
2 10 12 14 122
2 12 12 7 90
2 12 12 8 168
2 12 12 14 500
2 15 12 7 378
2 15 12 8 304
2 15 12 14 240
2 6 13 6 20
2 6 13 9 28
2 6 13 15 314
2 9 13 6 134
2 9 13 9 366
2 9 13 15 118
2 10 13 6 152
2 10 13 9 366
2 10 13 15 332
2 12 13 6 282
2 12 13 9 358
2 12 13 15 36
2 15 13 6 486
2 15 13 9 854
2 15 13 15 286
2 6 14 5 504
2 6 14 10 172
2 6 14 12 178
2 9 14 5 26
2 9 14 10 12
2 9 14 12 58
2 10 14 5 372
2 10 14 10 228
2 10 14 12 184
2 12 14 5 38
2 12 14 10 266
2 12 14 12 164
2 15 14 5 306
2 15 14 10 90
2 15 14 12 582
2 6 15 4 456
2 6 15 11 46
2 6 15 13 178
2 9 15 4 220
2 9 15 11 386
2 9 15 13 52
2 10 15 4 210
2 10 15 11 170
2 10 15 13 2
2 12 15 4 138
2 12 15 11 128
2 12 15 13 140
2 15 15 4 470
2 15 15 11 198
2 15 15 13 88
3 7 0 2 286
3 7 0 4 10
3 7 0 11 50
3 8 0 2 26
3 8 0 4 124
3 8 0 11 66
3 11 0 2 532
3 11 0 4 106
3 11 0 11 374
3 13 0 2 826
3 13 0 4 306
3 13 0 11 54
3 14 0 2 48
3 14 0 4 356
3 14 0 11 62
3 7 1 3 192
3 7 1 5 124
3 7 1 10 322
3 8 1 3 114
3 8 1 5 110
3 8 1 10 456
3 11 1 3 612
3 11 1 5 200
3 11 1 10 330
3 13 1 3 550
3 13 1 5 162
3 13 1 10 62
3 14 1 3 298
3 14 1 5 138
3 14 1 10 24
3 7 2 0 302
3 7 2 6 140
3 7 2 9 372
3 8 2 0 382
3 8 2 6 426
3 8 2 9 128
3 11 2 0 280
3 11 2 6 336
3 11 2 9 270
3 13 2 0 166
3 13 2 6 54
3 13 2 9 120
3 14 2 0 152
3 14 2 6 374
3 14 2 9 32
3 7 3 1 128
3 7 3 7 196
3 7 3 8 196
3 8 3 1 216
3 8 3 7 6
3 8 3 8 344
3 11 3 1 12
3 11 3 7 472
3 11 3 8 58
3 13 3 1 164
3 13 3 7 376
3 13 3 8 184
3 14 3 1 46
3 14 3 7 524
3 14 3 8 126
3 7 4 0 266
3 7 4 6 16
3 7 4 15 434
3 8 4 0 28
3 8 4 6 128
3 8 4 15 200
3 11 4 0 88
3 11 4 6 264
3 11 4 15 136
3 13 4 0 108
3 13 4 6 286
3 13 4 15 210
3 14 4 0 30
3 14 4 6 54
3 14 4 15 98
3 7 5 1 238
3 7 5 7 190
3 7 5 14 240
3 8 5 1 388
3 8 5 7 476
3 8 5 14 324
3 11 5 1 38
3 11 5 7 70
3 11 5 14 102
3 13 5 1 196
3 13 5 7 242
3 13 5 14 574
3 14 5 1 278
3 14 5 7 578
3 14 5 14 320
3 7 6 2 30
3 7 6 4 238
3 7 6 13 180
3 8 6 2 174
3 8 6 4 350
3 8 6 13 356
3 11 6 2 370
3 11 6 4 110
3 11 6 13 228
3 13 6 2 104
3 13 6 4 166
3 13 6 13 336
3 14 6 2 108
3 14 6 4 122
3 14 6 13 388
3 7 7 3 438
3 7 7 5 202
3 7 7 12 212
3 8 7 3 326
3 8 7 5 238
3 8 7 12 390
3 11 7 3 104
3 11 7 5 174
3 11 7 12 104
3 13 7 3 174
3 13 7 5 124
3 13 7 12 2
3 14 7 3 26
3 14 7 5 4
3 14 7 12 224
3 7 8 3 266
3 7 8 10 82
3 7 8 12 82
3 8 8 3 60
3 8 8 10 196
3 8 8 12 12
3 11 8 3 88
3 11 8 10 194
3 11 8 12 576
3 13 8 3 522
3 13 8 10 254
3 13 8 12 438
3 14 8 3 168
3 14 8 10 480
3 14 8 12 288
3 7 9 2 4
3 7 9 11 462
3 7 9 13 88
3 8 9 2 472
3 8 9 11 196
3 8 9 13 36
3 11 9 2 112
3 11 9 11 166
3 11 9 13 142
3 13 9 2 328
3 13 9 11 1126
3 13 9 13 272
3 14 9 2 108
3 14 9 11 106
3 14 9 13 38
3 7 10 1 180
3 7 10 8 56
3 7 10 14 78
3 8 10 1 302
3 8 10 8 136
3 8 10 14 126
3 11 10 1 236
3 11 10 8 578
3 11 10 14 142
3 13 10 1 362
3 13 10 8 164
3 13 10 14 44
3 14 10 1 190
3 14 10 8 66
3 14 10 14 320
3 7 11 0 416
3 7 11 9 234
3 7 11 15 310
3 8 11 0 288
3 8 11 9 50
3 8 11 15 444
3 11 11 0 202
3 11 11 9 154
3 11 11 15 332
3 13 11 0 94
3 13 11 9 472
3 13 11 15 36
3 14 11 0 232
3 14 11 9 158
3 14 11 15 310
3 7 12 7 102
3 7 12 8 68
3 7 12 14 308
3 8 12 7 94
3 8 12 8 342
3 8 12 14 250
3 11 12 7 116
3 11 12 8 534
3 11 12 14 78
3 13 12 7 32
3 13 12 8 64
3 13 12 14 176
3 14 12 7 60
3 14 12 8 154
3 14 12 14 188
3 7 13 6 358
3 7 13 9 248
3 7 13 15 432
3 8 13 6 396
3 8 13 9 62
3 8 13 15 420
3 11 13 6 94
3 11 13 9 214
3 11 13 15 322
3 13 13 6 238
3 13 13 9 286
3 13 13 15 4
3 14 13 6 88
3 14 13 9 30
3 14 13 15 54
3 7 14 5 54
3 7 14 10 710
3 7 14 12 480
3 8 14 5 216
3 8 14 10 198
3 8 14 12 216
3 11 14 5 170
3 11 14 10 270
3 11 14 12 78
3 13 14 5 280
3 13 14 10 94
3 13 14 12 4
3 14 14 5 874
3 14 14 10 20
3 14 14 12 160
3 7 15 4 66
3 7 15 11 48
3 7 15 13 286
3 8 15 4 92
3 8 15 11 370
3 8 15 13 144
3 11 15 4 242
3 11 15 11 368
3 11 15 13 14
3 13 15 4 474
3 13 15 11 212
3 13 15 13 326
3 14 15 4 220
3 14 15 11 476
3 14 15 13 174
4 6 0 2 160
4 6 0 4 24
4 6 0 11 260
4 9 0 2 208
4 9 0 4 154
4 9 0 11 278
4 10 0 2 288
4 10 0 4 370
4 10 0 11 400
4 12 0 2 130
4 12 0 4 540
4 12 0 11 114
4 15 0 2 246
4 15 0 4 198
4 15 0 11 84
4 6 1 3 30
4 6 1 5 26
4 6 1 10 106
4 9 1 3 204
4 9 1 5 166
4 9 1 10 128
4 10 1 3 150
4 10 1 5 310
4 10 1 10 276
4 12 1 3 22
4 12 1 5 148
4 12 1 10 382
4 15 1 3 602
4 15 1 5 182
4 15 1 10 268
4 6 2 0 248
4 6 2 6 94
4 6 2 9 140
4 9 2 0 18
4 9 2 6 352
4 9 2 9 42
4 10 2 0 208
4 10 2 6 256
4 10 2 9 296
4 12 2 0 158
4 12 2 6 210
4 12 2 9 46
4 15 2 0 32
4 15 2 6 244
4 15 2 9 184
4 6 3 1 240
4 6 3 7 8
4 6 3 8 166
4 9 3 1 208
4 9 3 7 22
4 9 3 8 248
4 10 3 1 346
4 10 3 7 204
4 10 3 8 132
4 12 3 1 212
4 12 3 7 444
4 12 3 8 250
4 15 3 1 54
4 15 3 7 262
4 15 3 8 212
4 6 4 0 266
4 6 4 6 424
4 6 4 15 398
4 9 4 0 312
4 9 4 6 476
4 9 4 15 140
4 10 4 0 258
4 10 4 6 262
4 10 4 15 52
4 12 4 0 164
4 12 4 6 324
4 12 4 15 44
4 15 4 0 14
4 15 4 6 188
4 15 4 15 66
4 6 5 1 152
4 6 5 7 58
4 6 5 14 128
4 9 5 1 224
4 9 5 7 18
4 9 5 14 376
4 10 5 1 56
4 10 5 7 310
4 10 5 14 232
4 12 5 1 282
4 12 5 7 234
4 12 5 14 110
4 15 5 1 142
4 15 5 7 124
4 15 5 14 150
4 6 6 2 282
4 6 6 4 6
4 6 6 13 46
4 9 6 2 156
4 9 6 4 178
4 9 6 13 374
4 10 6 2 460
4 10 6 4 118
4 10 6 13 160
4 12 6 2 218
4 12 6 4 478
4 12 6 13 224
4 15 6 2 140
4 15 6 4 164
4 15 6 13 26
4 6 7 3 62
4 6 7 5 268
4 6 7 12 8
4 9 7 3 434
4 9 7 5 12
4 9 7 12 10
4 10 7 3 306
4 10 7 5 128
4 10 7 12 138
4 12 7 3 114
4 12 7 5 154
4 12 7 12 240
4 15 7 3 64
4 15 7 5 472
4 15 7 12 142
4 6 8 3 330
4 6 8 10 542
4 6 8 12 166
4 9 8 3 8
4 9 8 10 206
4 9 8 12 182
4 10 8 3 26
4 10 8 10 600
4 10 8 12 48
4 12 8 3 86
4 12 8 10 160
4 12 8 12 284
4 15 8 3 96
4 15 8 10 120
4 15 8 12 204
4 6 9 2 198
4 6 9 11 152
4 6 9 13 254
4 9 9 2 128
4 9 9 11 270
4 9 9 13 98
4 10 9 2 4
4 10 9 11 956
4 10 9 13 140
4 12 9 2 138
4 12 9 11 214
4 12 9 13 52
4 15 9 2 108
4 15 9 11 306
4 15 9 13 108
4 6 10 1 176
4 6 10 8 592
4 6 10 14 298
4 9 10 1 172
4 9 10 8 244
4 9 10 14 306
4 10 10 1 66
4 10 10 8 250
4 10 10 14 16
4 12 10 1 606
4 12 10 8 142
4 12 10 14 254
4 15 10 1 120
4 15 10 8 292
4 15 10 14 552
4 6 11 0 240
4 6 11 9 464
4 6 11 15 52
4 9 11 0 26
4 9 11 9 80
4 9 11 15 40
4 10 11 0 340
4 10 11 9 906
4 10 11 15 116
4 12 11 0 98
4 12 11 9 468
4 12 11 15 306
4 15 11 0 74
4 15 11 9 204
4 15 11 15 10
4 6 12 7 452
4 6 12 8 104
4 6 12 14 490
4 9 12 7 378
4 9 12 8 200
4 9 12 14 188
4 10 12 7 398
4 10 12 8 40
4 10 12 14 168
4 12 12 7 162
4 12 12 8 332
4 12 12 14 278
4 15 12 7 30
4 15 12 8 86
4 15 12 14 284
4 6 13 6 212
4 6 13 9 122
4 6 13 15 32
4 9 13 6 252
4 9 13 9 86
4 9 13 15 452
4 10 13 6 134
4 10 13 9 14
4 10 13 15 172
4 12 13 6 22
4 12 13 9 36
4 12 13 15 358
4 15 13 6 96
4 15 13 9 280
4 15 13 15 252
4 6 14 5 220
4 6 14 10 264
4 6 14 12 190
4 9 14 5 118
4 9 14 10 150
4 9 14 12 424
4 10 14 5 530
4 10 14 10 296
4 10 14 12 220
4 12 14 5 28
4 12 14 10 104
4 12 14 12 160
4 15 14 5 144
4 15 14 10 178
4 15 14 12 512
4 6 15 4 284
4 6 15 11 224
4 6 15 13 248
4 9 15 4 74
4 9 15 11 256
4 9 15 13 16
4 10 15 4 186
4 10 15 11 624
4 10 15 13 136
4 12 15 4 154
4 12 15 11 200
4 12 15 13 244
4 15 15 4 348
4 15 15 11 196
4 15 15 13 410
5 7 0 2 62
5 7 0 4 196
5 7 0 11 454
5 8 0 2 56
5 8 0 4 24
5 8 0 11 374
5 11 0 2 196
5 11 0 4 140
5 11 0 11 164
5 13 0 2 108
5 13 0 4 290
5 13 0 11 16
5 14 0 2 316
5 14 0 4 104
5 14 0 11 60
5 7 1 3 54
5 7 1 5 0
5 7 1 10 110
5 8 1 3 40
5 8 1 5 156
5 8 1 10 432
5 11 1 3 158
5 11 1 5 178
5 11 1 10 158
5 13 1 3 168
5 13 1 5 546
5 13 1 10 188
5 14 1 3 6
5 14 1 5 356
5 14 1 10 178
5 7 2 0 192
5 7 2 6 346
5 7 2 9 14
5 8 2 0 228
5 8 2 6 126
5 8 2 9 56
5 11 2 0 202
5 11 2 6 246
5 11 2 9 244
5 13 2 0 474
5 13 2 6 78
5 13 2 9 174
5 14 2 0 30
5 14 2 6 178
5 14 2 9 232
5 7 3 1 400
5 7 3 7 64
5 7 3 8 220
5 8 3 1 100
5 8 3 7 196
5 8 3 8 410
5 11 3 1 26
5 11 3 7 180
5 11 3 8 176
5 13 3 1 88
5 13 3 7 146
5 13 3 8 388
5 14 3 1 310
5 14 3 7 262
5 14 3 8 336
5 7 4 0 260
5 7 4 6 42
5 7 4 15 20
5 8 4 0 302
5 8 4 6 210
5 8 4 15 224
5 11 4 0 424
5 11 4 6 144
5 11 4 15 236
5 13 4 0 246
5 13 4 6 70
5 13 4 15 310
5 14 4 0 364
5 14 4 6 354
5 14 4 15 332
5 7 5 1 372
5 7 5 7 266
5 7 5 14 70
5 8 5 1 114
5 8 5 7 714
5 8 5 14 400
5 11 5 1 88
5 11 5 7 368
5 11 5 14 82
5 13 5 1 514
5 13 5 7 488
5 13 5 14 202
5 14 5 1 38
5 14 5 7 434
5 14 5 14 12
5 7 6 2 58
5 7 6 4 44
5 7 6 13 112
5 8 6 2 340
5 8 6 4 40
5 8 6 13 236
5 11 6 2 254
5 11 6 4 246
5 11 6 13 48
5 13 6 2 122
5 13 6 4 392
5 13 6 13 324
5 14 6 2 168
5 14 6 4 122
5 14 6 13 28
5 7 7 3 110
5 7 7 5 336
5 7 7 12 114
5 8 7 3 588
5 8 7 5 274
5 8 7 12 122
5 11 7 3 8
5 11 7 5 112
5 11 7 12 120
5 13 7 3 64
5 13 7 5 358
5 13 7 12 276
5 14 7 3 602
5 14 7 5 372
5 14 7 12 122
5 7 8 3 122
5 7 8 10 36
5 7 8 12 166
5 8 8 3 110
5 8 8 10 214
5 8 8 12 414
5 11 8 3 184
5 11 8 10 36
5 11 8 12 734
5 13 8 3 454
5 13 8 10 170
5 13 8 12 348
5 14 8 3 106
5 14 8 10 168
5 14 8 12 12
5 7 9 2 62
5 7 9 11 110
5 7 9 13 550
5 8 9 2 442
5 8 9 11 58
5 8 9 13 386
5 11 9 2 236
5 11 9 11 310
5 11 9 13 54
5 13 9 2 298
5 13 9 11 458
5 13 9 13 118
5 14 9 2 302
5 14 9 11 112
5 14 9 13 314
5 7 10 1 46
5 7 10 8 226
5 7 10 14 234
5 8 10 1 60
5 8 10 8 40
5 8 10 14 364
5 11 10 1 8
5 11 10 8 100
5 11 10 14 138
5 13 10 1 278
5 13 10 8 350
5 13 10 14 244
5 14 10 1 10
5 14 10 8 82
5 14 10 14 216
5 7 11 0 44
5 7 11 9 50
5 7 11 15 530
5 8 11 0 232
5 8 11 9 138
5 8 11 15 88
5 11 11 0 158
5 11 11 9 176
5 11 11 15 198
5 13 11 0 46
5 13 11 9 164
5 13 11 15 126
5 14 11 0 258
5 14 11 9 12
5 14 11 15 44
5 7 12 7 508
5 7 12 8 74
5 7 12 14 656
5 8 12 7 86
5 8 12 8 80
5 8 12 14 204
5 11 12 7 304
5 11 12 8 72
5 11 12 14 202
5 13 12 7 306
5 13 12 8 2
5 13 12 14 422
5 14 12 7 246
5 14 12 8 172
5 14 12 14 226
5 7 13 6 48
5 7 13 9 158
5 7 13 15 16
5 8 13 6 20
5 8 13 9 148
5 8 13 15 98
5 11 13 6 88
5 11 13 9 304
5 11 13 15 190
5 13 13 6 512
5 13 13 9 70
5 13 13 15 352
5 14 13 6 316
5 14 13 9 68
5 14 13 15 140
5 7 14 5 258
5 7 14 10 680
5 7 14 12 146
5 8 14 5 214
5 8 14 10 440
5 8 14 12 366
5 11 14 5 144
5 11 14 10 358
5 11 14 12 170
5 13 14 5 140
5 13 14 10 118
5 13 14 12 238
5 14 14 5 210
5 14 14 10 124
5 14 14 12 300
5 7 15 4 76
5 7 15 11 8
5 7 15 13 140
5 8 15 4 470
5 8 15 11 208
5 8 15 13 112
5 11 15 4 388
5 11 15 11 268
5 11 15 13 168
5 13 15 4 186
5 13 15 11 112
5 13 15 13 62
5 14 15 4 298
5 14 15 11 146
5 14 15 13 132
6 8 0 2 194
6 8 0 4 318
6 8 0 11 344
6 11 0 2 714
6 11 0 4 352
6 11 0 11 50
6 13 0 2 56
6 13 0 4 272
6 13 0 11 372
6 14 0 2 206
6 14 0 4 454
6 14 0 11 66
6 8 1 3 28
6 8 1 5 142
6 8 1 10 374
6 11 1 3 130
6 11 1 5 162
6 11 1 10 18
6 13 1 3 182
6 13 1 5 498
6 13 1 10 322
6 14 1 3 576
6 14 1 5 100
6 14 1 10 64
6 8 2 0 78
6 8 2 6 242
6 8 2 9 522
6 11 2 0 96
6 11 2 6 216
6 11 2 9 512
6 13 2 0 20
6 13 2 6 14
6 13 2 9 316
6 14 2 0 274
6 14 2 6 52
6 14 2 9 182
6 8 3 1 100
6 8 3 7 26
6 8 3 8 306
6 11 3 1 52
6 11 3 7 98
6 11 3 8 94
6 13 3 1 326
6 13 3 7 138
6 13 3 8 50
6 14 3 1 14
6 14 3 7 484
6 14 3 8 12
6 8 4 0 158
6 8 4 6 34
6 8 4 15 350
6 11 4 0 338
6 11 4 6 92
6 11 4 15 190
6 13 4 0 310
6 13 4 6 332
6 13 4 15 180
6 14 4 0 220
6 14 4 6 26
6 14 4 15 300
6 8 5 1 128
6 8 5 7 162
6 8 5 14 430
6 11 5 1 382
6 11 5 7 398
6 11 5 14 184
6 13 5 1 108
6 13 5 7 336
6 13 5 14 384
6 14 5 1 88
6 14 5 7 38
6 14 5 14 248
6 8 6 2 38
6 8 6 4 472
6 8 6 13 140
6 11 6 2 234
6 11 6 4 356
6 11 6 13 156
6 13 6 2 98
6 13 6 4 268
6 13 6 13 324
6 14 6 2 502
6 14 6 4 178
6 14 6 13 616
6 8 7 3 26
6 8 7 5 350
6 8 7 12 150
6 11 7 3 38
6 11 7 5 178
6 11 7 12 436
6 13 7 3 30
6 13 7 5 504
6 13 7 12 106
6 14 7 3 76
6 14 7 5 62
6 14 7 12 48
6 8 8 3 554
6 8 8 10 352
6 8 8 12 18
6 11 8 3 376
6 11 8 10 218
6 11 8 12 150
6 13 8 3 34
6 13 8 10 662
6 13 8 12 2
6 14 8 3 64
6 14 8 10 506
6 14 8 12 24
6 8 9 2 164
6 8 9 11 198
6 8 9 13 406
6 11 9 2 204
6 11 9 11 216
6 11 9 13 210
6 13 9 2 294
6 13 9 11 382
6 13 9 13 444
6 14 9 2 160
6 14 9 11 198
6 14 9 13 190
6 8 10 1 32
6 8 10 8 302
6 8 10 14 114
6 11 10 1 6
6 11 10 8 60
6 11 10 14 290
6 13 10 1 320
6 13 10 8 52
6 13 10 14 508
6 14 10 1 14
6 14 10 8 50
6 14 10 14 52
6 8 11 0 54
6 8 11 9 50
6 8 11 15 170
6 11 11 0 74
6 11 11 9 346
6 11 11 15 144
6 13 11 0 434
6 13 11 9 604
6 13 11 15 636
6 14 11 0 42
6 14 11 9 202
6 14 11 15 48
6 8 12 7 248
6 8 12 8 134
6 8 12 14 232
6 11 12 7 88
6 11 12 8 508
6 11 12 14 352
6 13 12 7 220
6 13 12 8 292
6 13 12 14 58
6 14 12 7 24
6 14 12 8 80
6 14 12 14 122
6 8 13 6 230
6 8 13 9 170
6 8 13 15 112
6 11 13 6 104
6 11 13 9 62
6 11 13 15 86
6 13 13 6 46
6 13 13 9 48
6 13 13 15 96
6 14 13 6 138
6 14 13 9 196
6 14 13 15 58
6 8 14 5 34
6 8 14 10 308
6 8 14 12 42
6 11 14 5 244
6 11 14 10 360
6 11 14 12 708
6 13 14 5 12
6 13 14 10 636
6 13 14 12 82
6 14 14 5 24
6 14 14 10 420
6 14 14 12 302
6 8 15 4 226
6 8 15 11 390
6 8 15 13 446
6 11 15 4 64
6 11 15 11 376
6 11 15 13 326
6 13 15 4 76
6 13 15 11 118
6 13 15 13 112
6 14 15 4 174
6 14 15 11 10
6 14 15 13 150
7 9 0 2 112
7 9 0 4 66
7 9 0 11 350
7 10 0 2 156
7 10 0 4 198
7 10 0 11 126
7 12 0 2 176
7 12 0 4 18
7 12 0 11 114
7 15 0 2 224
7 15 0 4 130
7 15 0 11 310
7 9 1 3 498
7 9 1 5 142
7 9 1 10 714
7 10 1 3 118
7 10 1 5 98
7 10 1 10 88
7 12 1 3 18
7 12 1 5 196
7 12 1 10 186
7 15 1 3 322
7 15 1 5 10
7 15 1 10 288
7 9 2 0 218
7 9 2 6 368
7 9 2 9 34
7 10 2 0 228
7 10 2 6 134
7 10 2 9 436
7 12 2 0 180
7 12 2 6 114
7 12 2 9 104
7 15 2 0 274
7 15 2 6 306
7 15 2 9 308
7 9 3 1 134
7 9 3 7 76
7 9 3 8 52
7 10 3 1 356
7 10 3 7 282
7 10 3 8 454
7 12 3 1 378
7 12 3 7 100
7 12 3 8 126
7 15 3 1 524
7 15 3 7 164
7 15 3 8 62
7 9 4 0 400
7 9 4 6 408
7 9 4 15 108
7 10 4 0 132
7 10 4 6 288
7 10 4 15 594
7 12 4 0 68
7 12 4 6 94
7 12 4 15 128
7 15 4 0 316
7 15 4 6 60
7 15 4 15 168
7 9 5 1 236
7 9 5 7 308
7 9 5 14 206
7 10 5 1 20
7 10 5 7 148
7 10 5 14 316
7 12 5 1 132
7 12 5 7 72
7 12 5 14 198
7 15 5 1 266
7 15 5 7 300
7 15 5 14 40
7 9 6 2 88
7 9 6 4 38
7 9 6 13 298
7 10 6 2 232
7 10 6 4 30
7 10 6 13 112
7 12 6 2 396
7 12 6 4 222
7 12 6 13 34
7 15 6 2 128
7 15 6 4 34
7 15 6 13 50
7 9 7 3 618
7 9 7 5 224
7 9 7 12 54
7 10 7 3 60
7 10 7 5 98
7 10 7 12 36
7 12 7 3 94
7 12 7 5 144
7 12 7 12 164
7 15 7 3 126
7 15 7 5 104
7 15 7 12 134
7 9 8 3 52
7 9 8 10 96
7 9 8 12 90
7 10 8 3 34
7 10 8 10 88
7 10 8 12 134
7 12 8 3 20
7 12 8 10 472
7 12 8 12 378
7 15 8 3 26
7 15 8 10 88
7 15 8 12 134
7 9 9 2 10
7 9 9 11 122
7 9 9 13 432
7 10 9 2 282
7 10 9 11 130
7 10 9 13 36
7 12 9 2 110
7 12 9 11 118
7 12 9 13 206
7 15 9 2 326
7 15 9 11 326
7 15 9 13 134
7 9 10 1 400
7 9 10 8 154
7 9 10 14 106
7 10 10 1 240
7 10 10 8 186
7 10 10 14 284
7 12 10 1 334
7 12 10 8 104
7 12 10 14 186
7 15 10 1 78
7 15 10 8 82
7 15 10 14 188
7 9 11 0 202
7 9 11 9 118
7 9 11 15 192
7 10 11 0 48
7 10 11 9 36
7 10 11 15 182
7 12 11 0 142
7 12 11 9 646
7 12 11 15 98
7 15 11 0 46
7 15 11 9 368
7 15 11 15 20
7 9 12 7 120
7 9 12 8 254
7 9 12 14 216
7 10 12 7 194
7 10 12 8 464
7 10 12 14 410
7 12 12 7 148
7 12 12 8 92
7 12 12 14 186
7 15 12 7 320
7 15 12 8 64
7 15 12 14 22
7 9 13 6 688
7 9 13 9 222
7 9 13 15 16
7 10 13 6 134
7 10 13 9 30
7 10 13 15 182
7 12 13 6 50
7 12 13 9 48
7 12 13 15 14
7 15 13 6 68
7 15 13 9 158
7 15 13 15 248
7 9 14 5 142
7 9 14 10 2
7 9 14 12 218
7 10 14 5 452
7 10 14 10 80
7 10 14 12 46
7 12 14 5 134
7 12 14 10 100
7 12 14 12 190
7 15 14 5 244
7 15 14 10 76
7 15 14 12 140
7 9 15 4 74
7 9 15 11 420
7 9 15 13 32
7 10 15 4 236
7 10 15 11 248
7 10 15 13 830
7 12 15 4 20
7 12 15 11 292
7 12 15 13 378
7 15 15 4 618
7 15 15 11 22
7 15 15 13 220
8 10 0 2 64
8 10 0 4 92
8 10 0 11 232
8 12 0 2 374
8 12 0 4 148
8 12 0 11 10
8 10 1 3 198
8 10 1 5 40
8 10 1 10 58
8 12 1 3 134
8 12 1 5 120
8 12 1 10 98
8 10 2 0 84
8 10 2 6 430
8 10 2 9 128
8 12 2 0 142
8 12 2 6 256
8 12 2 9 126
8 10 3 1 424
8 10 3 7 124
8 10 3 8 166
8 12 3 1 162
8 12 3 7 170
8 12 3 8 154
8 10 4 0 150
8 10 4 6 144
8 10 4 15 286
8 12 4 0 338
8 12 4 6 284
8 12 4 15 220
8 10 5 1 296
8 10 5 7 50
8 10 5 14 140
8 12 5 1 276
8 12 5 7 208
8 12 5 14 500
8 10 6 2 198
8 10 6 4 66
8 10 6 13 298
8 12 6 2 300
8 12 6 4 656
8 12 6 13 624
8 10 7 3 232
8 10 7 5 18
8 10 7 12 134
8 12 7 3 264
8 12 7 5 44
8 12 7 12 72
8 10 8 3 360
8 10 8 10 346
8 10 8 12 90
8 12 8 3 686
8 12 8 10 168
8 12 8 12 322
8 10 9 2 30
8 10 9 11 26
8 10 9 13 294
8 12 9 2 14
8 12 9 11 146
8 12 9 13 2
8 10 10 1 74
8 10 10 8 172
8 10 10 14 364
8 12 10 1 64
8 12 10 8 148
8 12 10 14 146
8 10 11 0 82
8 10 11 9 280
8 10 11 15 282
8 12 11 0 508
8 12 11 9 360
8 12 11 15 174
8 10 12 7 104
8 10 12 8 110
8 10 12 14 64
8 12 12 7 228
8 12 12 8 146
8 12 12 14 292
8 10 13 6 10
8 10 13 9 312
8 10 13 15 234
8 12 13 6 532
8 12 13 9 90
8 12 13 15 20
8 10 14 5 482
8 10 14 10 554
8 10 14 12 48
8 12 14 5 16
8 12 14 10 118
8 12 14 12 174
8 10 15 4 360
8 10 15 11 116
8 10 15 13 18
8 12 15 4 272
8 12 15 11 260
8 12 15 13 44
9 11 0 2 440
9 11 0 4 204
9 11 0 11 18
9 13 0 2 196
9 13 0 4 224
9 13 0 11 14
9 11 1 3 8
9 11 1 5 108
9 11 1 10 308
9 13 1 3 2
9 13 1 5 388
9 13 1 10 472
9 11 2 0 106
9 11 2 6 224
9 11 2 9 202
9 13 2 0 534
9 13 2 6 222
9 13 2 9 316
9 11 3 1 512
9 11 3 7 144
9 11 3 8 424
9 13 3 1 334
9 13 3 7 240
9 13 3 8 254
9 11 4 0 174
9 11 4 6 82
9 11 4 15 514
9 13 4 0 48
9 13 4 6 300
9 13 4 15 36
9 11 5 1 234
9 11 5 7 496
9 11 5 14 156
9 13 5 1 38
9 13 5 7 22
9 13 5 14 150
9 11 6 2 132
9 11 6 4 18
9 11 6 13 350
9 13 6 2 224
9 13 6 4 176
9 13 6 13 354
9 11 7 3 374
9 11 7 5 202
9 11 7 12 296
9 13 7 3 74
9 13 7 5 96
9 13 7 12 190
9 11 8 3 26
9 11 8 10 36
9 11 8 12 40
9 13 8 3 106
9 13 8 10 136
9 13 8 12 126
9 11 9 2 82
9 11 9 11 32
9 11 9 13 122
9 13 9 2 100
9 13 9 11 48
9 13 9 13 174
9 11 10 1 286
9 11 10 8 272
9 11 10 14 82
9 13 10 1 118
9 13 10 8 732
9 13 10 14 364
9 11 11 0 36
9 11 11 9 186
9 11 11 15 316
9 13 11 0 374
9 13 11 9 478
9 13 11 15 148
9 11 12 7 146
9 11 12 8 136
9 11 12 14 142
9 13 12 7 32
9 13 12 8 204
9 13 12 14 228
9 11 13 6 422
9 11 13 9 442
9 11 13 15 38
9 13 13 6 84
9 13 13 9 180
9 13 13 15 438
9 11 14 5 490
9 11 14 10 474
9 11 14 12 228
9 13 14 5 158
9 13 14 10 234
9 13 14 12 214
9 11 15 4 50
9 11 15 11 104
9 11 15 13 308
9 13 15 4 208
9 13 15 11 202
9 13 15 13 88
10 14 0 2 166
10 14 0 4 394
10 14 0 11 46
10 14 1 3 344
10 14 1 5 468
10 14 1 10 260
10 14 2 0 18
10 14 2 6 66
10 14 2 9 144
10 14 3 1 60
10 14 3 7 262
10 14 3 8 168
10 14 4 0 4
10 14 4 6 422
10 14 4 15 12
10 14 5 1 404
10 14 5 7 110
10 14 5 14 320
10 14 6 2 70
10 14 6 4 318
10 14 6 13 354
10 14 7 3 214
10 14 7 5 366
10 14 7 12 68
10 14 8 3 114
10 14 8 10 100
10 14 8 12 220
10 14 9 2 628
10 14 9 11 148
10 14 9 13 412
10 14 10 1 184
10 14 10 8 8
10 14 10 14 32
10 14 11 0 240
10 14 11 9 68
10 14 11 15 226
10 14 12 7 34
10 14 12 8 44
10 14 12 14 222
10 14 13 6 360
10 14 13 9 38
10 14 13 15 366
10 14 14 5 176
10 14 14 10 192
10 14 14 12 146
10 14 15 4 44
10 14 15 11 156
10 14 15 13 710
11 15 0 2 534
11 15 0 4 10
11 15 0 11 152
11 15 1 3 84
11 15 1 5 598
11 15 1 10 208
11 15 2 0 266
11 15 2 6 208
11 15 2 9 98
11 15 3 1 244
11 15 3 7 354
11 15 3 8 160
11 15 4 0 116
11 15 4 6 60
11 15 4 15 326
11 15 5 1 148
11 15 5 7 226
11 15 5 14 232
11 15 6 2 84
11 15 6 4 418
11 15 6 13 428
11 15 7 3 424
11 15 7 5 244
11 15 7 12 312
11 15 8 3 182
11 15 8 10 122
11 15 8 12 586
11 15 9 2 46
11 15 9 11 120
11 15 9 13 182
11 15 10 1 178
11 15 10 8 220
11 15 10 14 16
11 15 11 0 138
11 15 11 9 104
11 15 11 15 504
11 15 12 7 244
11 15 12 8 90
11 15 12 14 428
11 15 13 6 298
11 15 13 9 2
11 15 13 15 474
11 15 14 5 26
11 15 14 10 160
11 15 14 12 326
11 15 15 4 146
11 15 15 11 190
11 15 15 13 246
12 14 0 2 482
12 14 0 4 438
12 14 0 11 226
12 14 1 3 392
12 14 1 5 252
12 14 1 10 316
12 14 2 0 190
12 14 2 6 174
12 14 2 9 140
12 14 3 1 168
12 14 3 7 82
12 14 3 8 332
12 14 4 0 168
12 14 4 6 182
12 14 4 15 238
12 14 5 1 32
12 14 5 7 346
12 14 5 14 176
12 14 6 2 36
12 14 6 4 272
12 14 6 13 196
12 14 7 3 142
12 14 7 5 74
12 14 7 12 228
12 14 8 3 446
12 14 8 10 92
12 14 8 12 154
12 14 9 2 98
12 14 9 11 82
12 14 9 13 394
12 14 10 1 484
12 14 10 8 334
12 14 10 14 394
12 14 11 0 6
12 14 11 9 6
12 14 11 15 146
12 14 12 7 110
12 14 12 8 224
12 14 12 14 26
12 14 13 6 236
12 14 13 9 184
12 14 13 15 332
12 14 14 5 248
12 14 14 10 170
12 14 14 12 74
12 14 15 4 308
12 14 15 11 368
12 14 15 13 90
13 15 0 2 196
13 15 0 4 42
13 15 0 11 100
13 15 1 3 126
13 15 1 5 252
13 15 1 10 408
13 15 2 0 64
13 15 2 6 416
13 15 2 9 58
13 15 3 1 236
13 15 3 7 70
13 15 3 8 234
13 15 4 0 320
13 15 4 6 210
13 15 4 15 78
13 15 5 1 134
13 15 5 7 36
13 15 5 14 64
13 15 6 2 354
13 15 6 4 88
13 15 6 13 366
13 15 7 3 196
13 15 7 5 72
13 15 7 12 316
13 15 8 3 48
13 15 8 10 356
13 15 8 12 422
13 15 9 2 110
13 15 9 11 182
13 15 9 13 26
13 15 10 1 8
13 15 10 8 666
13 15 10 14 448
13 15 11 0 188
13 15 11 9 160
13 15 11 15 154
13 15 12 7 352
13 15 12 8 24
13 15 12 14 60
13 15 13 6 264
13 15 13 9 62
13 15 13 15 152
13 15 14 5 82
13 15 14 10 84
13 15 14 12 482
13 15 15 4 274
13 15 15 11 348
13 15 15 13 52
