# KEY left=0x89 right=0x5c
# GOOD_PAIRS_BEGIN count=4
# GOOD_PAIR 0x38 0xec
# GOOD_PAIR 0x3c 0xe8
# GOOD_PAIR 0x30 0xeb
# GOOD_PAIR 0x3b 0xe0
# GOOD_PAIRS_END
0 2 0 2 6
0 2 0 4 116
0 2 0 11 134
0 4 0 2 272
0 4 0 4 70
0 4 0 11 382
0 8 0 2 116
0 8 0 4 154
0 8 0 11 418
0 11 0 2 422
0 11 0 4 194
0 11 0 11 84
0 13 0 2 162
0 13 0 4 54
0 13 0 11 376
0 14 0 2 106
0 14 0 4 262
0 14 0 11 474
0 2 1 3 50
0 2 1 5 538
0 2 1 10 86
0 4 1 3 492
0 4 1 5 252
0 4 1 10 134
0 8 1 3 298
0 8 1 5 162
0 8 1 10 550
0 11 1 3 118
0 11 1 5 54
0 11 1 10 242
0 13 1 3 474
0 13 1 5 314
0 13 1 10 10
0 14 1 3 202
0 14 1 5 72
0 14 1 10 86
0 2 2 0 442
0 2 2 6 36
0 2 2 9 348
0 4 2 0 234
0 4 2 6 520
0 4 2 9 430
0 8 2 0 126
0 8 2 6 410
0 8 2 9 112
0 11 2 0 166
0 11 2 6 626
0 11 2 9 180
0 13 2 0 114
0 13 2 6 314
0 13 2 9 362
0 14 2 0 348
0 14 2 6 188
0 14 2 9 60
0 2 3 1 206
0 2 3 7 256
0 2 3 8 90
0 4 3 1 32
0 4 3 7 186
0 4 3 8 276
0 8 3 1 134
0 8 3 7 432
0 8 3 8 92
0 11 3 1 116
0 11 3 7 34
0 11 3 8 262
0 13 3 1 80
0 13 3 7 154
0 13 3 8 246
0 14 3 1 158
0 14 3 7 106
0 14 3 8 366
0 2 4 0 186
0 2 4 6 202
0 2 4 15 48
0 4 4 0 286
0 4 4 6 314
0 4 4 15 120
0 8 4 0 492
0 8 4 6 198
0 8 4 15 362
0 11 4 0 212
0 11 4 6 302
0 11 4 15 228
0 13 4 0 54
0 13 4 6 36
0 13 4 15 58
0 14 4 0 130
0 14 4 6 82
0 14 4 15 548
0 2 5 1 148
0 2 5 7 380
0 2 5 14 36
0 4 5 1 10
0 4 5 7 594
0 4 5 14 258
0 8 5 1 188
0 8 5 7 362
0 8 5 14 8
0 11 5 1 198
0 11 5 7 418
0 11 5 14 112
0 13 5 1 240
0 13 5 7 22
0 13 5 14 626
0 14 5 1 176
0 14 5 7 134
0 14 5 14 78
0 2 6 2 362
0 2 6 4 278
0 2 6 13 30
0 4 6 2 56
0 4 6 4 194
0 4 6 13 26
0 8 6 2 290
0 8 6 4 232
0 8 6 13 16
0 11 6 2 84
0 11 6 4 172
0 11 6 13 134
0 13 6 2 232
0 13 6 4 360
0 13 6 13 322
0 14 6 2 104
0 14 6 4 292
0 14 6 13 200
0 2 7 3 268
0 2 7 5 78
0 2 7 12 34
0 4 7 3 156
0 4 7 5 88
0 4 7 12 30
0 8 7 3 346
0 8 7 5 208
0 8 7 12 112
0 11 7 3 72
0 11 7 5 242
0 11 7 12 26
0 13 7 3 14
0 13 7 5 52
0 13 7 12 4
0 14 7 3 76
0 14 7 5 192
0 14 7 12 82
0 2 8 3 42
0 2 8 10 20
0 2 8 12 196
0 4 8 3 492
0 4 8 10 356
0 4 8 12 264
0 8 8 3 28
0 8 8 10 610
0 8 8 12 76
0 11 8 3 146
0 11 8 10 234
0 11 8 12 88
0 13 8 3 198
0 13 8 10 272
0 13 8 12 228
0 14 8 3 184
0 14 8 10 220
0 14 8 12 142
0 2 9 2 332
0 2 9 11 264
0 2 9 13 76
0 4 9 2 106
0 4 9 11 282
0 4 9 13 46
0 8 9 2 344
0 8 9 11 68
0 8 9 13 268
0 11 9 2 260
0 11 9 11 176
0 11 9 13 128
0 13 9 2 38
0 13 9 11 74
0 13 9 13 418
0 14 9 2 424
0 14 9 11 66
0 14 9 13 204
0 2 10 1 24
0 2 10 8 424
0 2 10 14 106
0 4 10 1 400
0 4 10 8 78
0 4 10 14 348
0 8 10 1 108
0 8 10 8 172
0 8 10 14 10
0 11 10 1 210
0 11 10 8 180
0 11 10 14 6
0 13 10 1 20
0 13 10 8 278
0 13 10 14 150
0 14 10 1 464
0 14 10 8 464
0 14 10 14 492
0 2 11 0 14
0 2 11 9 10
0 2 11 15 176
0 4 11 0 12
0 4 11 9 38
0 4 11 15 184
0 8 11 0 16
0 8 11 9 180
0 8 11 15 56
0 11 11 0 338
0 11 11 9 84
0 11 11 15 776
0 13 11 0 422
0 13 11 9 308
0 13 11 15 316
0 14 11 0 256
0 14 11 9 520
0 14 11 15 2
0 2 12 7 196
0 2 12 8 146
0 2 12 14 0
0 4 12 7 68
0 4 12 8 420
0 4 12 14 60
0 8 12 7 144
0 8 12 8 182
0 8 12 14 14
0 11 12 7 156
0 11 12 8 224
0 11 12 14 64
0 13 12 7 96
0 13 12 8 6
0 13 12 14 154
0 14 12 7 254
0 14 12 8 114
0 14 12 14 92
0 2 13 6 118
0 2 13 9 452
0 2 13 15 266
0 4 13 6 250
0 4 13 9 560
0 4 13 15 214
0 8 13 6 258
0 8 13 9 390
0 8 13 15 134
0 11 13 6 470
0 11 13 9 210
0 11 13 15 164
0 13 13 6 30
0 13 13 9 16
0 13 13 15 240
0 14 13 6 90
0 14 13 9 58
0 14 13 15 340
0 2 14 5 180
0 2 14 10 20
0 2 14 12 66
0 4 14 5 266
0 4 14 10 100
0 4 14 12 336
0 8 14 5 386
0 8 14 10 8
0 8 14 12 176
0 11 14 5 428
0 11 14 10 310
0 11 14 12 184
0 13 14 5 12
0 13 14 10 100
0 13 14 12 152
0 14 14 5 34
0 14 14 10 174
0 14 14 12 436
0 2 15 4 294
0 2 15 11 44
0 2 15 13 148
0 4 15 4 136
0 4 15 11 56
0 4 15 13 410
0 8 15 4 220
0 8 15 11 230
0 8 15 13 50
0 11 15 4 116
0 11 15 11 24
0 11 15 13 136
0 13 15 4 132
0 13 15 11 412
0 13 15 13 294
0 14 15 4 36
0 14 15 11 0
0 14 15 13 470
1 3 0 2 18
1 3 0 4 800
1 3 0 11 46
1 5 0 2 156
1 5 0 4 12
1 5 0 11 50
1 9 0 2 210
1 9 0 4 66
1 9 0 11 194
1 10 0 2 92
1 10 0 4 68
1 10 0 11 190
1 12 0 2 38
1 12 0 4 334
1 12 0 11 274
1 15 0 2 70
1 15 0 4 162
1 15 0 11 42
1 3 1 3 336
1 3 1 5 44
1 3 1 10 286
1 5 1 3 62
1 5 1 5 96
1 5 1 10 42
1 9 1 3 320
1 9 1 5 140
1 9 1 10 120
1 10 1 3 536
1 10 1 5 30
1 10 1 10 166
1 12 1 3 130
1 12 1 5 506
1 12 1 10 346
1 15 1 3 28
1 15 1 5 80
1 15 1 10 80
1 3 2 0 178
1 3 2 6 356
1 3 2 9 304
1 5 2 0 470
1 5 2 6 226
1 5 2 9 276
1 9 2 0 156
1 9 2 6 242
1 9 2 9 544
1 10 2 0 42
1 10 2 6 356
1 10 2 9 226
1 12 2 0 132
1 12 2 6 284
1 12 2 9 264
1 15 2 0 200
1 15 2 6 84
1 15 2 9 46
1 3 3 1 24
1 3 3 7 12
1 3 3 8 132
1 5 3 1 106
1 5 3 7 372
1 5 3 8 418
1 9 3 1 566
1 9 3 7 346
1 9 3 8 104
1 10 3 1 190
1 10 3 7 24
1 10 3 8 326
1 12 3 1 696
1 12 3 7 32
1 12 3 8 72
1 15 3 1 80
1 15 3 7 182
1 15 3 8 240
1 3 4 0 298
1 3 4 6 54
1 3 4 15 40
1 5 4 0 172
1 5 4 6 114
1 5 4 15 196
1 9 4 0 4
1 9 4 6 256
1 9 4 15 142
1 10 4 0 228
1 10 4 6 120
1 10 4 15 280
1 12 4 0 260
1 12 4 6 150
1 12 4 15 54
1 15 4 0 32
1 15 4 6 392
1 15 4 15 68
1 3 5 1 2
1 3 5 7 240
1 3 5 14 604
1 5 5 1 52
1 5 5 7 456
1 5 5 14 96
1 9 5 1 148
1 9 5 7 214
1 9 5 14 188
1 10 5 1 62
1 10 5 7 308
1 10 5 14 322
1 12 5 1 22
1 12 5 7 0
1 12 5 14 46
1 15 5 1 306
1 15 5 7 192
1 15 5 14 470
1 3 6 2 246
1 3 6 4 102
1 3 6 13 544
1 5 6 2 224
1 5 6 4 160
1 5 6 13 314
1 9 6 2 334
1 9 6 4 20
1 9 6 13 58
1 10 6 2 378
1 10 6 4 22
1 10 6 13 194
1 12 6 2 196
1 12 6 4 304
1 12 6 13 352
1 15 6 2 98
1 15 6 4 196
1 15 6 13 28
1 3 7 3 282
1 3 7 5 126
1 3 7 12 36
1 5 7 3 78
1 5 7 5 166
1 5 7 12 286
1 9 7 3 28
1 9 7 5 184
1 9 7 12 54
1 10 7 3 18
1 10 7 5 598
1 10 7 12 298
1 12 7 3 112
1 12 7 5 38
1 12 7 12 146
1 15 7 3 282
1 15 7 5 342
1 15 7 12 208
1 3 8 3 274
1 3 8 10 176
1 3 8 12 112
1 5 8 3 148
1 5 8 10 158
1 5 8 12 114
1 9 8 3 590
1 9 8 10 186
1 9 8 12 54
1 10 8 3 148
1 10 8 10 74
1 10 8 12 54
1 12 8 3 198
1 12 8 10 24
1 12 8 12 200
1 15 8 3 172
1 15 8 10 152
1 15 8 12 128
1 3 9 2 34
1 3 9 11 2
1 3 9 13 406
1 5 9 2 212
1 5 9 11 664
1 5 9 13 342
1 9 9 2 270
1 9 9 11 146
1 9 9 13 526
1 10 9 2 650
1 10 9 11 268
1 10 9 13 142
1 12 9 2 318
1 12 9 11 248
1 12 9 13 474
1 15 9 2 264
1 15 9 11 160
1 15 9 13 400
1 3 10 1 108
1 3 10 8 276
1 3 10 14 282
1 5 10 1 410
1 5 10 8 90
1 5 10 14 164
1 9 10 1 252
1 9 10 8 104
1 9 10 14 158
1 10 10 1 158
1 10 10 8 150
1 10 10 14 412
1 12 10 1 86
1 12 10 8 220
1 12 10 14 300
1 15 10 1 166
1 15 10 8 538
1 15 10 14 206
1 3 11 0 78
1 3 11 9 12
1 3 11 15 96
1 5 11 0 378
1 5 11 9 12
1 5 11 15 6
1 9 11 0 202
1 9 11 9 424
1 9 11 15 88
1 10 11 0 18
1 10 11 9 154
1 10 11 15 150
1 12 11 0 436
1 12 11 9 302
1 12 11 15 152
1 15 11 0 48
1 15 11 9 154
1 15 11 15 322
1 3 12 7 70
1 3 12 8 24
1 3 12 14 10
1 5 12 7 452
1 5 12 8 44
1 5 12 14 292
1 9 12 7 364
1 9 12 8 54
1 9 12 14 36
1 10 12 7 390
1 10 12 8 0
1 10 12 14 186
1 12 12 7 78
1 12 12 8 170
1 12 12 14 322
1 15 12 7 136
1 15 12 8 410
1 15 12 14 26
1 3 13 6 4
1 3 13 9 72
1 3 13 15 154
1 5 13 6 328
1 5 13 9 74
1 5 13 15 432
1 9 13 6 284
1 9 13 9 338
1 9 13 15 472
1 10 13 6 326
1 10 13 9 162
1 10 13 15 370
1 12 13 6 136
1 12 13 9 280
1 12 13 15 124
1 15 13 6 402
1 15 13 9 536
1 15 13 15 582
1 3 14 5 70
1 3 14 10 104
1 3 14 12 182
1 5 14 5 98
1 5 14 10 112
1 5 14 12 32
1 9 14 5 72
1 9 14 10 224
1 9 14 12 152
1 10 14 5 108
1 10 14 10 206
1 10 14 12 100
1 12 14 5 36
1 12 14 10 156
1 12 14 12 238
1 15 14 5 30
1 15 14 10 2
1 15 14 12 84
1 3 15 4 28
1 3 15 11 242
1 3 15 13 124
1 5 15 4 392
1 5 15 11 298
1 5 15 13 126
1 9 15 4 238
1 9 15 11 122
1 9 15 13 118
1 10 15 4 60
1 10 15 11 82
1 10 15 13 18
1 12 15 4 82
1 12 15 11 292
1 12 15 13 196
1 15 15 4 350
1 15 15 11 144
1 15 15 13 72
2 6 0 2 26
2 6 0 4 48
2 6 0 11 64
2 9 0 2 30
2 9 0 4 18
2 9 0 11 418
2 10 0 2 128
2 10 0 4 48
2 10 0 11 406
2 12 0 2 214
2 12 0 4 10
2 12 0 11 194
2 15 0 2 82
2 15 0 4 164
2 15 0 11 106
2 6 1 3 20
2 6 1 5 334
2 6 1 10 262
2 9 1 3 152
2 9 1 5 574
2 9 1 10 190
2 10 1 3 200
2 10 1 5 164
2 10 1 10 176
2 12 1 3 216
2 12 1 5 274
2 12 1 10 176
2 15 1 3 116
2 15 1 5 232
2 15 1 10 488
2 6 2 0 106
2 6 2 6 8
2 6 2 9 38
2 9 2 0 280
2 9 2 6 320
2 9 2 9 196
2 10 2 0 162
2 10 2 6 82
2 10 2 9 496
2 12 2 0 150
2 12 2 6 2
2 12 2 9 68
2 15 2 0 50
2 15 2 6 446
2 15 2 9 26
2 6 3 1 8
2 6 3 7 180
2 6 3 8 96
2 9 3 1 172
2 9 3 7 210
2 9 3 8 444
2 10 3 1 32
2 10 3 7 216
2 10 3 8 20
2 12 3 1 220
2 12 3 7 334
2 12 3 8 86
2 15 3 1 226
2 15 3 7 76
2 15 3 8 458
2 6 4 0 100
2 6 4 6 242
2 6 4 15 116
2 9 4 0 396
2 9 4 6 388
2 9 4 15 24
2 10 4 0 220
2 10 4 6 190
2 10 4 15 654
2 12 4 0 196
2 12 4 6 140
2 12 4 15 176
2 15 4 0 62
2 15 4 6 150
2 15 4 15 44
2 6 5 1 56
2 6 5 7 238
2 6 5 14 110
2 9 5 1 22
2 9 5 7 192
2 9 5 14 156
2 10 5 1 506
2 10 5 7 26
2 10 5 14 540
2 12 5 1 34
2 12 5 7 632
2 12 5 14 290
2 15 5 1 256
2 15 5 7 52
2 15 5 14 374
2 6 6 2 32
2 6 6 4 200
2 6 6 13 234
2 9 6 2 344
2 9 6 4 174
2 9 6 13 418
2 10 6 2 536
2 10 6 4 322
2 10 6 13 108
2 12 6 2 196
2 12 6 4 210
2 12 6 13 118
2 15 6 2 402
2 15 6 4 156
2 15 6 13 190
2 6 7 3 298
2 6 7 5 316
2 6 7 12 298
2 9 7 3 12
2 9 7 5 344
2 9 7 12 266
2 10 7 3 66
2 10 7 5 180
2 10 7 12 2
2 12 7 3 158
2 12 7 5 6
2 12 7 12 358
2 15 7 3 156
2 15 7 5 326
2 15 7 12 252
2 6 8 3 34
2 6 8 10 404
2 6 8 12 726
2 9 8 3 414
2 9 8 10 64
2 9 8 12 174
2 10 8 3 272
2 10 8 10 8
2 10 8 12 292
2 12 8 3 16
2 12 8 10 208
2 12 8 12 524
2 15 8 3 182
2 15 8 10 416
2 15 8 12 414
2 6 9 2 138
2 6 9 11 358
2 6 9 13 232
2 9 9 2 276
2 9 9 11 120
2 9 9 13 206
2 10 9 2 68
2 10 9 11 76
2 10 9 13 236
2 12 9 2 312
2 12 9 11 922
2 12 9 13 62
2 15 9 2 260
2 15 9 11 250
2 15 9 13 36
2 6 10 1 68
2 6 10 8 214
2 6 10 14 440
2 9 10 1 72
2 9 10 8 410
2 9 10 14 106
2 10 10 1 14
2 10 10 8 196
2 10 10 14 118
2 12 10 1 504
2 12 10 8 6
2 12 10 14 224
2 15 10 1 442
2 15 10 8 470
2 15 10 14 138
2 6 11 0 458
2 6 11 9 92
2 6 11 15 208
2 9 11 0 246
2 9 11 9 362
2 9 11 15 322
2 10 11 0 100
2 10 11 9 96
2 10 11 15 208
2 12 11 0 84
2 12 11 9 10
2 12 11 15 608
2 15 11 0 124
2 15 11 9 88
2 15 11 15 48
2 6 12 7 86
2 6 12 8 108
2 6 12 14 220
2 9 12 7 42
2 9 12 8 384
2 9 12 14 352
2 10 12 7 204
2 10 12 8 58
2 10 12 14 256
2 12 12 7 172
2 12 12 8 382
2 12 12 14 178
2 15 12 7 74
2 15 12 8 244
2 15 12 14 226
2 6 13 6 64
2 6 13 9 300
2 6 13 15 384
2 9 13 6 188
2 9 13 9 194
2 9 13 15 114
2 10 13 6 50
2 10 13 9 258
2 10 13 15 6
2 12 13 6 44
2 12 13 9 116
2 12 13 15 26
2 15 13 6 62
2 15 13 9 260
2 15 13 15 26
2 6 14 5 166
2 6 14 10 358
2 6 14 12 104
2 9 14 5 264
2 9 14 10 2
2 9 14 12 68
2 10 14 5 398
2 10 14 10 212
2 10 14 12 90
2 12 14 5 304
2 12 14 10 244
2 12 14 12 6
2 15 14 5 220
2 15 14 10 6
2 15 14 12 122
2 6 15 4 96
2 6 15 11 278
2 6 15 13 292
2 9 15 4 110
2 9 15 11 312
2 9 15 13 222
2 10 15 4 236
2 10 15 11 204
2 10 15 13 228
2 12 15 4 150
2 12 15 11 8
2 12 15 13 534
2 15 15 4 10
2 15 15 11 148
2 15 15 13 18
3 7 0 2 444
3 7 0 4 140
3 7 0 11 2
3 8 0 2 26
3 8 0 4 430
3 8 0 11 6
3 11 0 2 88
3 11 0 4 374
3 11 0 11 14
3 13 0 2 74
3 13 0 4 246
3 13 0 11 66
3 14 0 2 44
3 14 0 4 290
3 14 0 11 960
3 7 1 3 140
3 7 1 5 138
3 7 1 10 142
3 8 1 3 158
3 8 1 5 114
3 8 1 10 178
3 11 1 3 510
3 11 1 5 242
3 11 1 10 268
3 13 1 3 72
3 13 1 5 190
3 13 1 10 388
3 14 1 3 208
3 14 1 5 268
3 14 1 10 178
3 7 2 0 214
3 7 2 6 64
3 7 2 9 356
3 8 2 0 348
3 8 2 6 184
3 8 2 9 36
3 11 2 0 320
3 11 2 6 208
3 11 2 9 310
3 13 2 0 286
3 13 2 6 38
3 13 2 9 134
3 14 2 0 602
3 14 2 6 106
3 14 2 9 148
3 7 3 1 124
3 7 3 7 100
3 7 3 8 168
3 8 3 1 206
3 8 3 7 138
3 8 3 8 122
3 11 3 1 298
3 11 3 7 532
3 11 3 8 416
3 13 3 1 408
3 13 3 7 412
3 13 3 8 6
3 14 3 1 522
3 14 3 7 82
3 14 3 8 40
3 7 4 0 110
3 7 4 6 194
3 7 4 15 130
3 8 4 0 112
3 8 4 6 290
3 8 4 15 254
3 11 4 0 178
3 11 4 6 364
3 11 4 15 76
3 13 4 0 372
3 13 4 6 24
3 13 4 15 418
3 14 4 0 42
3 14 4 6 116
3 14 4 15 206
3 7 5 1 48
3 7 5 7 306
3 7 5 14 336
3 8 5 1 330
3 8 5 7 28
3 8 5 14 364
3 11 5 1 104
3 11 5 7 300
3 11 5 14 78
3 13 5 1 676
3 13 5 7 218
3 13 5 14 172
3 14 5 1 322
3 14 5 7 480
3 14 5 14 480
3 7 6 2 28
3 7 6 4 410
3 7 6 13 188
3 8 6 2 282
3 8 6 4 550
3 8 6 13 50
3 11 6 2 442
3 11 6 4 38
3 11 6 13 12
3 13 6 2 184
3 13 6 4 50
3 13 6 13 158
3 14 6 2 176
3 14 6 4 136
3 14 6 13 28
3 7 7 3 14
3 7 7 5 96
3 7 7 12 72
3 8 7 3 326
3 8 7 5 220
3 8 7 12 58
3 11 7 3 82
3 11 7 5 244
3 11 7 12 166
3 13 7 3 304
3 13 7 5 136
3 13 7 12 218
3 14 7 3 54
3 14 7 5 6
3 14 7 12 128
3 7 8 3 246
3 7 8 10 134
3 7 8 12 120
3 8 8 3 86
3 8 8 10 34
3 8 8 12 252
3 11 8 3 96
3 11 8 10 2
3 11 8 12 38
3 13 8 3 294
3 13 8 10 8
3 13 8 12 142
3 14 8 3 534
3 14 8 10 266
3 14 8 12 1256
3 7 9 2 206
3 7 9 11 102
3 7 9 13 406
3 8 9 2 108
3 8 9 11 314
3 8 9 13 236
3 11 9 2 292
3 11 9 11 96
3 11 9 13 114
3 13 9 2 206
3 13 9 11 220
3 13 9 13 26
3 14 9 2 46
3 14 9 11 86
3 14 9 13 206
3 7 10 1 166
3 7 10 8 6
3 7 10 14 200
3 8 10 1 386
3 8 10 8 198
3 8 10 14 256
3 11 10 1 262
3 11 10 8 54
3 11 10 14 92
3 13 10 1 168
3 13 10 8 34
3 13 10 14 330
3 14 10 1 106
3 14 10 8 350
3 14 10 14 274
3 7 11 0 30
3 7 11 9 172
3 7 11 15 60
3 8 11 0 158
3 8 11 9 574
3 8 11 15 84
3 11 11 0 332
3 11 11 9 180
3 11 11 15 116
3 13 11 0 134
3 13 11 9 284
3 13 11 15 254
3 14 11 0 774
3 14 11 9 10
3 14 11 15 224
3 7 12 7 372
3 7 12 8 520
3 7 12 14 202
3 8 12 7 198
3 8 12 8 4
3 8 12 14 592
3 11 12 7 706
3 11 12 8 74
3 11 12 14 272
3 13 12 7 70
3 13 12 8 90
3 13 12 14 86
3 14 12 7 558
3 14 12 8 1448
3 14 12 14 46
3 7 13 6 126
3 7 13 9 404
3 7 13 15 84
3 8 13 6 354
3 8 13 9 250
3 8 13 15 6
3 11 13 6 128
3 11 13 9 144
3 11 13 15 590
3 13 13 6 322
3 13 13 9 142
3 13 13 15 74
3 14 13 6 232
3 14 13 9 164
3 14 13 15 128
3 7 14 5 258
3 7 14 10 24
3 7 14 12 6
3 8 14 5 230
3 8 14 10 68
3 8 14 12 134
3 11 14 5 422
3 11 14 10 100
3 11 14 12 156
3 13 14 5 8
3 13 14 10 112
3 13 14 12 64
3 14 14 5 374
3 14 14 10 484
3 14 14 12 182
3 7 15 4 130
3 7 15 11 172
3 7 15 13 476
3 8 15 4 256
3 8 15 11 58
3 8 15 13 84
3 11 15 4 110
3 11 15 11 98
3 11 15 13 126
3 13 15 4 300
3 13 15 11 202
3 13 15 13 440
3 14 15 4 190
3 14 15 11 630
3 14 15 13 196
4 6 0 2 28
4 6 0 4 112
4 6 0 11 168
4 9 0 2 28
4 9 0 4 60
4 9 0 11 118
4 10 0 2 418
4 10 0 4 244
4 10 0 11 324
4 12 0 2 734
4 12 0 4 202
4 12 0 11 326
4 15 0 2 464
4 15 0 4 422
4 15 0 11 0
4 6 1 3 266
4 6 1 5 264
4 6 1 10 172
4 9 1 3 340
4 9 1 5 202
4 9 1 10 342
4 10 1 3 136
4 10 1 5 230
4 10 1 10 470
4 12 1 3 228
4 12 1 5 42
4 12 1 10 374
4 15 1 3 266
4 15 1 5 92
4 15 1 10 336
4 6 2 0 12
4 6 2 6 92
4 6 2 9 14
4 9 2 0 102
4 9 2 6 138
4 9 2 9 100
4 10 2 0 54
4 10 2 6 306
4 10 2 9 102
4 12 2 0 312
4 12 2 6 282
4 12 2 9 144
4 15 2 0 26
4 15 2 6 354
4 15 2 9 272
4 6 3 1 292
4 6 3 7 198
4 6 3 8 68
4 9 3 1 342
4 9 3 7 404
4 9 3 8 80
4 10 3 1 146
4 10 3 7 250
4 10 3 8 172
4 12 3 1 330
4 12 3 7 120
4 12 3 8 158
4 15 3 1 434
4 15 3 7 76
4 15 3 8 336
4 6 4 0 126
4 6 4 6 132
4 6 4 15 28
4 9 4 0 78
4 9 4 6 76
4 9 4 15 472
4 10 4 0 54
4 10 4 6 312
4 10 4 15 86
4 12 4 0 54
4 12 4 6 44
4 12 4 15 22
4 15 4 0 92
4 15 4 6 200
4 15 4 15 130
4 6 5 1 156
4 6 5 7 198
4 6 5 14 22
4 9 5 1 308
4 9 5 7 182
4 9 5 14 338
4 10 5 1 50
4 10 5 7 276
4 10 5 14 562
4 12 5 1 186
4 12 5 7 212
4 12 5 14 384
4 15 5 1 44
4 15 5 7 192
4 15 5 14 176
4 6 6 2 164
4 6 6 4 272
4 6 6 13 8
4 9 6 2 4
4 9 6 4 326
4 9 6 13 352
4 10 6 2 56
4 10 6 4 290
4 10 6 13 314
4 12 6 2 54
4 12 6 4 222
4 12 6 13 194
4 15 6 2 104
4 15 6 4 230
4 15 6 13 76
4 6 7 3 250
4 6 7 5 230
4 6 7 12 252
4 9 7 3 74
4 9 7 5 162
4 9 7 12 218
4 10 7 3 2
4 10 7 5 536
4 10 7 12 234
4 12 7 3 122
4 12 7 5 18
4 12 7 12 2
4 15 7 3 24
4 15 7 5 418
4 15 7 12 92
4 6 8 3 534
4 6 8 10 278
4 6 8 12 114
4 9 8 3 116
4 9 8 10 268
4 9 8 12 178
4 10 8 3 96
4 10 8 10 180
4 10 8 12 200
4 12 8 3 178
4 12 8 10 406
4 12 8 12 212
4 15 8 3 250
4 15 8 10 336
4 15 8 12 210
4 6 9 2 126
4 6 9 11 406
4 6 9 13 370
4 9 9 2 206
4 9 9 11 240
4 9 9 13 18
4 10 9 2 220
4 10 9 11 76
4 10 9 13 376
4 12 9 2 452
4 12 9 11 6
4 12 9 13 66
4 15 9 2 274
4 15 9 11 222
4 15 9 13 412
4 6 10 1 458
4 6 10 8 196
4 6 10 14 6
4 9 10 1 110
4 9 10 8 254
4 9 10 14 78
4 10 10 1 136
4 10 10 8 58
4 10 10 14 224
4 12 10 1 156
4 12 10 8 132
4 12 10 14 28
4 15 10 1 62
4 15 10 8 16
4 15 10 14 150
4 6 11 0 62
4 6 11 9 58
4 6 11 15 38
4 9 11 0 42
4 9 11 9 282
4 9 11 15 82
4 10 11 0 472
4 10 11 9 346
4 10 11 15 748
4 12 11 0 164
4 12 11 9 2
4 12 11 15 62
4 15 11 0 252
4 15 11 9 126
4 15 11 15 158
4 6 12 7 228
4 6 12 8 444
4 6 12 14 36
4 9 12 7 50
4 9 12 8 98
4 9 12 14 210
4 10 12 7 64
4 10 12 8 850
4 10 12 14 274
4 12 12 7 208
4 12 12 8 160
4 12 12 14 230
4 15 12 7 62
4 15 12 8 406
4 15 12 14 490
4 6 13 6 112
4 6 13 9 626
4 6 13 15 284
4 9 13 6 42
4 9 13 9 232
4 9 13 15 244
4 10 13 6 340
4 10 13 9 264
4 10 13 15 136
4 12 13 6 88
4 12 13 9 14
4 12 13 15 114
4 15 13 6 368
4 15 13 9 80
4 15 13 15 380
4 6 14 5 10
4 6 14 10 444
4 6 14 12 96
4 9 14 5 292
4 9 14 10 32
4 9 14 12 110
4 10 14 5 440
4 10 14 10 252
4 10 14 12 116
4 12 14 5 46
4 12 14 10 42
4 12 14 12 246
4 15 14 5 240
4 15 14 10 168
4 15 14 12 250
4 6 15 4 624
4 6 15 11 148
4 6 15 13 124
4 9 15 4 88
4 9 15 11 202
4 9 15 13 200
4 10 15 4 596
4 10 15 11 240
4 10 15 13 2
4 12 15 4 190
4 12 15 11 246
4 12 15 13 124
4 15 15 4 194
4 15 15 11 418
4 15 15 13 86
5 7 0 2 142
5 7 0 4 290
5 7 0 11 18
5 8 0 2 314
5 8 0 4 242
5 8 0 11 104
5 11 0 2 114
5 11 0 4 278
5 11 0 11 218
5 13 0 2 104
5 13 0 4 376
5 13 0 11 370
5 14 0 2 170
5 14 0 4 210
5 14 0 11 444
5 7 1 3 92
5 7 1 5 14
5 7 1 10 458
5 8 1 3 10
5 8 1 5 88
5 8 1 10 672
5 11 1 3 182
5 11 1 5 36
5 11 1 10 20
5 13 1 3 116
5 13 1 5 86
5 13 1 10 198
5 14 1 3 492
5 14 1 5 118
5 14 1 10 434
5 7 2 0 278
5 7 2 6 230
5 7 2 9 160
5 8 2 0 8
5 8 2 6 8
5 8 2 9 138
5 11 2 0 292
5 11 2 6 16
5 11 2 9 150
5 13 2 0 316
5 13 2 6 116
5 13 2 9 28
5 14 2 0 244
5 14 2 6 156
5 14 2 9 34
5 7 3 1 102
5 7 3 7 6
5 7 3 8 132
5 8 3 1 192
5 8 3 7 188
5 8 3 8 462
5 11 3 1 260
5 11 3 7 156
5 11 3 8 76
5 13 3 1 322
5 13 3 7 64
5 13 3 8 102
5 14 3 1 76
5 14 3 7 328
5 14 3 8 104
5 7 4 0 162
5 7 4 6 520
5 7 4 15 336
5 8 4 0 128
5 8 4 6 32
5 8 4 15 74
5 11 4 0 200
5 11 4 6 128
5 11 4 15 632
5 13 4 0 774
5 13 4 6 426
5 13 4 15 134
5 14 4 0 2
5 14 4 6 374
5 14 4 15 406
5 7 5 1 126
5 7 5 7 18
5 7 5 14 278
5 8 5 1 40
5 8 5 7 326
5 8 5 14 90
5 11 5 1 168
5 11 5 7 142
5 11 5 14 370
5 13 5 1 68
5 13 5 7 22
5 13 5 14 280
5 14 5 1 64
5 14 5 7 126
5 14 5 14 122
5 7 6 2 260
5 7 6 4 348
5 7 6 13 90
5 8 6 2 40
5 8 6 4 16
5 8 6 13 40
5 11 6 2 448
5 11 6 4 196
5 11 6 13 200
5 13 6 2 452
5 13 6 4 64
5 13 6 13 190
5 14 6 2 4
5 14 6 4 56
5 14 6 13 388
5 7 7 3 224
5 7 7 5 314
5 7 7 12 358
5 8 7 3 244
5 8 7 5 170
5 8 7 12 32
5 11 7 3 182
5 11 7 5 320
5 11 7 12 378
5 13 7 3 236
5 13 7 5 178
5 13 7 12 190
5 14 7 3 502
5 14 7 5 10
5 14 7 12 318
5 7 8 3 284
5 7 8 10 52
5 7 8 12 156
5 8 8 3 266
5 8 8 10 458
5 8 8 12 170
5 11 8 3 272
5 11 8 10 122
5 11 8 12 26
5 13 8 3 66
5 13 8 10 14
5 13 8 12 200
5 14 8 3 344
5 14 8 10 286
5 14 8 12 104
5 7 9 2 242
5 7 9 11 144
5 7 9 13 500
5 8 9 2 8
5 8 9 11 4
5 8 9 13 34
5 11 9 2 44
5 11 9 11 516
5 11 9 13 696
5 13 9 2 216
5 13 9 11 102
5 13 9 13 346
5 14 9 2 76
5 14 9 11 568
5 14 9 13 18
5 7 10 1 298
5 7 10 8 42
5 7 10 14 494
5 8 10 1 306
5 8 10 8 592
5 8 10 14 260
5 11 10 1 84
5 11 10 8 192
5 11 10 14 594
5 13 10 1 488
5 13 10 8 388
5 13 10 14 66
5 14 10 1 244
5 14 10 8 188
5 14 10 14 356
5 7 11 0 46
5 7 11 9 566
5 7 11 15 420
5 8 11 0 400
5 8 11 9 258
5 8 11 15 50
5 11 11 0 450
5 11 11 9 322
5 11 11 15 358
5 13 11 0 176
5 13 11 9 228
5 13 11 15 4
5 14 11 0 210
5 14 11 9 404
5 14 11 15 356
5 7 12 7 408
5 7 12 8 14
5 7 12 14 236
5 8 12 7 100
5 8 12 8 54
5 8 12 14 310
5 11 12 7 0
5 11 12 8 188
5 11 12 14 332
5 13 12 7 20
5 13 12 8 308
5 13 12 14 214
5 14 12 7 182
5 14 12 8 188
5 14 12 14 110
5 7 13 6 170
5 7 13 9 42
5 7 13 15 276
5 8 13 6 174
5 8 13 9 188
5 8 13 15 66
5 11 13 6 224
5 11 13 9 150
5 11 13 15 204
5 13 13 6 44
5 13 13 9 258
5 13 13 15 44
5 14 13 6 266
5 14 13 9 42
5 14 13 15 14
5 7 14 5 210
5 7 14 10 70
5 7 14 12 382
5 8 14 5 546
5 8 14 10 94
5 8 14 12 236
5 11 14 5 58
5 11 14 10 262
5 11 14 12 412
5 13 14 5 226
5 13 14 10 200
5 13 14 12 4
5 14 14 5 246
5 14 14 10 158
5 14 14 12 150
5 7 15 4 420
5 7 15 11 128
5 7 15 13 196
5 8 15 4 56
5 8 15 11 18
5 8 15 13 40
5 11 15 4 28
5 11 15 11 198
5 11 15 13 514
5 13 15 4 22
5 13 15 11 306
5 13 15 13 174
5 14 15 4 10
5 14 15 11 478
5 14 15 13 244
6 8 0 2 268
6 8 0 4 114
6 8 0 11 124
6 11 0 2 180
6 11 0 4 88
6 11 0 11 598
6 13 0 2 76
6 13 0 4 238
6 13 0 11 34
6 14 0 2 120
6 14 0 4 102
6 14 0 11 104
6 8 1 3 86
6 8 1 5 440
6 8 1 10 452
6 11 1 3 254
6 11 1 5 126
6 11 1 10 64
6 13 1 3 816
6 13 1 5 18
6 13 1 10 126
6 14 1 3 82
6 14 1 5 76
6 14 1 10 246
6 8 2 0 48
6 8 2 6 150
6 8 2 9 294
6 11 2 0 216
6 11 2 6 116
6 11 2 9 702
6 13 2 0 256
6 13 2 6 170
6 13 2 9 464
6 14 2 0 370
6 14 2 6 164
6 14 2 9 44
6 8 3 1 52
6 8 3 7 134
6 8 3 8 208
6 11 3 1 350
6 11 3 7 196
6 11 3 8 196
6 13 3 1 414
6 13 3 7 186
6 13 3 8 190
6 14 3 1 238
6 14 3 7 88
6 14 3 8 12
6 8 4 0 52
6 8 4 6 130
6 8 4 15 198
6 11 4 0 412
6 11 4 6 256
6 11 4 15 390
6 13 4 0 102
6 13 4 6 278
6 13 4 15 34
6 14 4 0 84
6 14 4 6 58
6 14 4 15 694
6 8 5 1 244
6 8 5 7 130
6 8 5 14 264
6 11 5 1 186
6 11 5 7 116
6 11 5 14 50
6 13 5 1 130
6 13 5 7 132
6 13 5 14 90
6 14 5 1 130
6 14 5 7 4
6 14 5 14 748
6 8 6 2 160
6 8 6 4 344
6 8 6 13 100
6 11 6 2 60
6 11 6 4 26
6 11 6 13 246
6 13 6 2 80
6 13 6 4 48
6 13 6 13 312
6 14 6 2 276
6 14 6 4 26
6 14 6 13 270
6 8 7 3 436
6 8 7 5 246
6 8 7 12 312
6 11 7 3 134
6 11 7 5 78
6 11 7 12 624
6 13 7 3 16
6 13 7 5 202
6 13 7 12 342
6 14 7 3 308
6 14 7 5 64
6 14 7 12 254
6 8 8 3 556
6 8 8 10 96
6 8 8 12 218
6 11 8 3 112
6 11 8 10 214
6 11 8 12 204
6 13 8 3 32
6 13 8 10 112
6 13 8 12 72
6 14 8 3 26
6 14 8 10 318
6 14 8 12 122
6 8 9 2 298
6 8 9 11 66
6 8 9 13 62
6 11 9 2 82
6 11 9 11 228
6 11 9 13 302
6 13 9 2 78
6 13 9 11 176
6 13 9 13 228
6 14 9 2 156
6 14 9 11 208
6 14 9 13 264
6 8 10 1 166
6 8 10 8 12
6 8 10 14 356
6 11 10 1 618
6 11 10 8 250
6 11 10 14 270
6 13 10 1 342
6 13 10 8 296
6 13 10 14 194
6 14 10 1 324
6 14 10 8 248
6 14 10 14 264
6 8 11 0 0
6 8 11 9 136
6 8 11 15 8
6 11 11 0 266
6 11 11 9 338
6 11 11 15 104
6 13 11 0 20
6 13 11 9 116
6 13 11 15 370
6 14 11 0 262
6 14 11 9 94
6 14 11 15 14
6 8 12 7 240
6 8 12 8 190
6 8 12 14 358
6 11 12 7 106
6 11 12 8 148
6 11 12 14 194
6 13 12 7 370
6 13 12 8 216
6 13 12 14 144
6 14 12 7 238
6 14 12 8 108
6 14 12 14 24
6 8 13 6 296
6 8 13 9 208
6 8 13 15 188
6 11 13 6 286
6 11 13 9 220
6 11 13 15 90
6 13 13 6 0
6 13 13 9 24
6 13 13 15 80
6 14 13 6 144
6 14 13 9 146
6 14 13 15 314
6 8 14 5 420
6 8 14 10 192
6 8 14 12 42
6 11 14 5 314
6 11 14 10 130
6 11 14 12 70
6 13 14 5 14
6 13 14 10 412
6 13 14 12 64
6 14 14 5 328
6 14 14 10 302
6 14 14 12 114
6 8 15 4 196
6 8 15 11 108
6 8 15 13 190
6 11 15 4 184
6 11 15 11 140
6 11 15 13 364
6 13 15 4 6
6 13 15 11 184
6 13 15 13 274
6 14 15 4 426
6 14 15 11 178
6 14 15 13 548
7 9 0 2 366
7 9 0 4 228
7 9 0 11 376
7 10 0 2 216
7 10 0 4 122
7 10 0 11 68
7 12 0 2 220
7 12 0 4 444
7 12 0 11 184
7 15 0 2 250
7 15 0 4 1054
7 15 0 11 164
7 9 1 3 266
7 9 1 5 46
7 9 1 10 20
7 10 1 3 116
7 10 1 5 538
7 10 1 10 378
7 12 1 3 284
7 12 1 5 292
7 12 1 10 8
7 15 1 3 310
7 15 1 5 16
7 15 1 10 488
7 9 2 0 80
7 9 2 6 264
7 9 2 9 194
7 10 2 0 292
7 10 2 6 42
7 10 2 9 186
7 12 2 0 470
7 12 2 6 324
7 12 2 9 106
7 15 2 0 4
7 15 2 6 68
7 15 2 9 18
7 9 3 1 464
7 9 3 7 158
7 9 3 8 398
7 10 3 1 678
7 10 3 7 138
7 10 3 8 182
7 12 3 1 280
7 12 3 7 22
7 12 3 8 182
7 15 3 1 184
7 15 3 7 102
7 15 3 8 350
7 9 4 0 232
7 9 4 6 124
7 9 4 15 12
7 10 4 0 178
7 10 4 6 60
7 10 4 15 224
7 12 4 0 2
7 12 4 6 202
7 12 4 15 116
7 15 4 0 44
7 15 4 6 492
7 15 4 15 52
7 9 5 1 276
7 9 5 7 202
7 9 5 14 178
7 10 5 1 126
7 10 5 7 66
7 10 5 14 32
7 12 5 1 36
7 12 5 7 4
7 12 5 14 286
7 15 5 1 238
7 15 5 7 380
7 15 5 14 74
7 9 6 2 468
7 9 6 4 194
7 9 6 13 104
7 10 6 2 48
7 10 6 4 298
7 10 6 13 46
7 12 6 2 60
7 12 6 4 416
7 12 6 13 256
7 15 6 2 264
7 15 6 4 92
7 15 6 13 144
7 9 7 3 190
7 9 7 5 38
7 9 7 12 196
7 10 7 3 12
7 10 7 5 284
7 10 7 12 298
7 12 7 3 60
7 12 7 5 326
7 12 7 12 526
7 15 7 3 104
7 15 7 5 366
7 15 7 12 216
7 9 8 3 148
7 9 8 10 46
7 9 8 12 120
7 10 8 3 380
7 10 8 10 202
7 10 8 12 308
7 12 8 3 192
7 12 8 10 542
7 12 8 12 130
7 15 8 3 384
7 15 8 10 54
7 15 8 12 60
7 9 9 2 66
7 9 9 11 92
7 9 9 13 254
7 10 9 2 360
7 10 9 11 24
7 10 9 13 474
7 12 9 2 214
7 12 9 11 414
7 12 9 13 142
7 15 9 2 572
7 15 9 11 230
7 15 9 13 126
7 9 10 1 4
7 9 10 8 50
7 9 10 14 12
7 10 10 1 176
7 10 10 8 128
7 10 10 14 214
7 12 10 1 108
7 12 10 8 104
7 12 10 14 50
7 15 10 1 472
7 15 10 8 224
7 15 10 14 394
7 9 11 0 2
7 9 11 9 268
7 9 11 15 116
7 10 11 0 422
7 10 11 9 56
7 10 11 15 76
7 12 11 0 88
7 12 11 9 338
7 12 11 15 200
7 15 11 0 80
7 15 11 9 42
7 15 11 15 98
7 9 12 7 26
7 9 12 8 134
7 9 12 14 454
7 10 12 7 160
7 10 12 8 20
7 10 12 14 50
7 12 12 7 324
7 12 12 8 66
7 12 12 14 30
7 15 12 7 266
7 15 12 8 10
7 15 12 14 308
7 9 13 6 166
7 9 13 9 352
7 9 13 15 538
7 10 13 6 368
7 10 13 9 126
7 10 13 15 408
7 12 13 6 244
7 12 13 9 354
7 12 13 15 446
7 15 13 6 284
7 15 13 9 88
7 15 13 15 94
7 9 14 5 70
7 9 14 10 196
7 9 14 12 624
7 10 14 5 128
7 10 14 10 814
7 10 14 12 290
7 12 14 5 140
7 12 14 10 316
7 12 14 12 68
7 15 14 5 134
7 15 14 10 220
7 15 14 12 570
7 9 15 4 64
7 9 15 11 64
7 9 15 13 312
7 10 15 4 110
7 10 15 11 360
7 10 15 13 338
7 12 15 4 106
7 12 15 11 266
7 12 15 13 52
7 15 15 4 182
7 15 15 11 36
7 15 15 13 346
8 10 0 2 166
8 10 0 4 56
8 10 0 11 80
8 12 0 2 188
8 12 0 4 250
8 12 0 11 142
8 10 1 3 334
8 10 1 5 206
8 10 1 10 118
8 12 1 3 102
8 12 1 5 24
8 12 1 10 282
8 10 2 0 704
8 10 2 6 250
8 10 2 9 60
8 12 2 0 370
8 12 2 6 264
8 12 2 9 102
8 10 3 1 174
8 10 3 7 34
8 10 3 8 374
8 12 3 1 166
8 12 3 7 282
8 12 3 8 186
8 10 4 0 230
8 10 4 6 228
8 10 4 15 50
8 12 4 0 390
8 12 4 6 82
8 12 4 15 528
8 10 5 1 220
8 10 5 7 176
8 10 5 14 364
8 12 5 1 138
8 12 5 7 18
8 12 5 14 88
8 10 6 2 22
8 10 6 4 98
8 10 6 13 130
8 12 6 2 246
8 12 6 4 180
8 12 6 13 292
8 10 7 3 538
8 10 7 5 166
8 10 7 12 70
8 12 7 3 428
8 12 7 5 354
8 12 7 12 154
8 10 8 3 304
8 10 8 10 218
8 10 8 12 114
8 12 8 3 238
8 12 8 10 132
8 12 8 12 44
8 10 9 2 372
8 10 9 11 152
8 10 9 13 390
8 12 9 2 378
8 12 9 11 576
8 12 9 13 638
8 10 10 1 382
8 10 10 8 194
8 10 10 14 122
8 12 10 1 48
8 12 10 8 266
8 12 10 14 480
8 10 11 0 272
8 10 11 9 318
8 10 11 15 230
8 12 11 0 166
8 12 11 9 428
8 12 11 15 240
8 10 12 7 134
8 10 12 8 196
8 10 12 14 28
8 12 12 7 204
8 12 12 8 50
8 12 12 14 154
8 10 13 6 152
8 10 13 9 276
8 10 13 15 274
8 12 13 6 50
8 12 13 9 242
8 12 13 15 202
8 10 14 5 198
8 10 14 10 82
8 10 14 12 86
8 12 14 5 70
8 12 14 10 192
8 12 14 12 328
8 10 15 4 276
8 10 15 11 100
8 10 15 13 260
8 12 15 4 6
8 12 15 11 536
8 12 15 13 206
9 11 0 2 30
9 11 0 4 310
9 11 0 11 278
9 13 0 2 14
9 13 0 4 628
9 13 0 11 82
9 11 1 3 88
9 11 1 5 14
9 11 1 10 300
9 13 1 3 668
9 13 1 5 200
9 13 1 10 282
9 11 2 0 54
9 11 2 6 338
9 11 2 9 134
9 13 2 0 38
9 13 2 6 112
9 13 2 9 80
9 11 3 1 148
9 11 3 7 106
9 11 3 8 30
9 13 3 1 116
9 13 3 7 516
9 13 3 8 154
9 11 4 0 254
9 11 4 6 138
9 11 4 15 196
9 13 4 0 364
9 13 4 6 64
9 13 4 15 108
9 11 5 1 106
9 11 5 7 74
9 11 5 14 464
9 13 5 1 230
9 13 5 7 38
9 13 5 14 154
9 11 6 2 354
9 11 6 4 64
9 11 6 13 88
9 13 6 2 232
9 13 6 4 184
9 13 6 13 652
9 11 7 3 10
9 11 7 5 190
9 11 7 12 138
9 13 7 3 274
9 13 7 5 424
9 13 7 12 126
9 11 8 3 128
9 11 8 10 338
9 11 8 12 462
9 13 8 3 518
9 13 8 10 166
9 13 8 12 298
9 11 9 2 122
9 11 9 11 112
9 11 9 13 128
9 13 9 2 162
9 13 9 11 468
9 13 9 13 50
9 11 10 1 46
9 11 10 8 36
9 11 10 14 20
9 13 10 1 44
9 13 10 8 308
9 13 10 14 268
9 11 11 0 314
9 11 11 9 36
9 11 11 15 62
9 13 11 0 92
9 13 11 9 162
9 13 11 15 296
9 11 12 7 386
9 11 12 8 4
9 11 12 14 28
9 13 12 7 4
9 13 12 8 290
9 13 12 14 22
9 11 13 6 162
9 11 13 9 380
9 11 13 15 92
9 13 13 6 74
9 13 13 9 148
9 13 13 15 18
9 11 14 5 62
9 11 14 10 450
9 11 14 12 130
9 13 14 5 64
9 13 14 10 176
9 13 14 12 72
9 11 15 4 270
9 11 15 11 82
9 11 15 13 90
9 13 15 4 2
9 13 15 11 350
9 13 15 13 126
10 14 0 2 86
10 14 0 4 30
10 14 0 11 538
10 14 1 3 112
10 14 1 5 24
10 14 1 10 510
10 14 2 0 26
10 14 2 6 132
10 14 2 9 20
10 14 3 1 450
10 14 3 7 342
10 14 3 8 146
10 14 4 0 248
10 14 4 6 450
10 14 4 15 214
10 14 5 1 416
10 14 5 7 336
10 14 5 14 348
10 14 6 2 224
10 14 6 4 134
10 14 6 13 122
10 14 7 3 258
10 14 7 5 280
10 14 7 12 182
10 14 8 3 32
10 14 8 10 100
10 14 8 12 656
10 14 9 2 110
10 14 9 11 78
10 14 9 13 446
10 14 10 1 32
10 14 10 8 144
10 14 10 14 642
10 14 11 0 318
10 14 11 9 132
10 14 11 15 34
10 14 12 7 352
10 14 12 8 46
10 14 12 14 408
10 14 13 6 2
10 14 13 9 262
10 14 13 15 336
10 14 14 5 302
10 14 14 10 192
10 14 14 12 324
10 14 15 4 462
10 14 15 11 208
10 14 15 13 350
11 15 0 2 94
11 15 0 4 378
11 15 0 11 398
11 15 1 3 228
11 15 1 5 160
11 15 1 10 440
11 15 2 0 20
11 15 2 6 48
11 15 2 9 484
11 15 3 1 2
11 15 3 7 248
11 15 3 8 242
11 15 4 0 130
11 15 4 6 388
11 15 4 15 154
11 15 5 1 236
11 15 5 7 104
11 15 5 14 198
11 15 6 2 222
11 15 6 4 138
11 15 6 13 108
11 15 7 3 126
11 15 7 5 112
11 15 7 12 308
11 15 8 3 140
11 15 8 10 404
11 15 8 12 66
11 15 9 2 456
11 15 9 11 44
11 15 9 13 46
11 15 10 1 14
11 15 10 8 84
11 15 10 14 28
11 15 11 0 626
11 15 11 9 96
11 15 11 15 12
11 15 12 7 452
11 15 12 8 222
11 15 12 14 68
11 15 13 6 226
11 15 13 9 42
11 15 13 15 744
11 15 14 5 588
11 15 14 10 126
11 15 14 12 80
11 15 15 4 132
11 15 15 11 174
11 15 15 13 356
12 14 0 2 22
12 14 0 4 304
12 14 0 11 290
12 14 1 3 62
12 14 1 5 116
12 14 1 10 532
12 14 2 0 242
12 14 2 6 222
12 14 2 9 410
12 14 3 1 162
12 14 3 7 122
12 14 3 8 120
12 14 4 0 46
12 14 4 6 350
12 14 4 15 4
12 14 5 1 10
12 14 5 7 400
12 14 5 14 204
12 14 6 2 78
12 14 6 4 230
12 14 6 13 4
12 14 7 3 50
12 14 7 5 292
12 14 7 12 182
12 14 8 3 114
12 14 8 10 68
12 14 8 12 432
12 14 9 2 42
12 14 9 11 328
12 14 9 13 38
12 14 10 1 38
12 14 10 8 82
12 14 10 14 178
12 14 11 0 138
12 14 11 9 148
12 14 11 15 254
12 14 12 7 196
12 14 12 8 310
12 14 12 14 346
12 14 13 6 188
12 14 13 9 174
12 14 13 15 212
12 14 14 5 192
12 14 14 10 126
12 14 14 12 284
12 14 15 4 66
12 14 15 11 276
12 14 15 13 26
13 15 0 2 76
13 15 0 4 292
13 15 0 11 46
13 15 1 3 204
13 15 1 5 88
13 15 1 10 202
13 15 2 0 66
13 15 2 6 14
13 15 2 9 480
13 15 3 1 94
13 15 3 7 312
13 15 3 8 292
13 15 4 0 222
13 15 4 6 372
13 15 4 15 20
13 15 5 1 78
13 15 5 7 334
13 15 5 14 206
13 15 6 2 192
13 15 6 4 90
13 15 6 13 6
13 15 7 3 562
13 15 7 5 124
13 15 7 12 200
13 15 8 3 244
13 15 8 10 174
13 15 8 12 262
13 15 9 2 58
13 15 9 11 452
13 15 9 13 308
13 15 10 1 226
13 15 10 8 146
13 15 10 14 186
13 15 11 0 268
13 15 11 9 66
13 15 11 15 438
13 15 12 7 330
13 15 12 8 220
13 15 12 14 58
13 15 13 6 280
13 15 13 9 162
13 15 13 15 96
13 15 14 5 62
13 15 14 10 468
13 15 14 12 304
13 15 15 4 570
13 15 15 11 282
13 15 15 13 186
