# KEY left=0xa1 right=0x27
# GOOD_PAIRS_BEGIN count=4
# GOOD_PAIR 0x2d 0xaf
# GOOD_PAIR 0x2f 0xad
# GOOD_PAIR 0x5d 0xdf
# GOOD_PAIR 0x5f 0xdd
# GOOD_PAIRS_END
0 2 0 2 36
0 2 0 4 578
0 2 0 11 416
0 4 0 2 206
0 4 0 4 132
0 4 0 11 220
0 8 0 2 158
0 8 0 4 352
0 8 0 11 58
0 11 0 2 442
0 11 0 4 200
0 11 0 11 18
0 13 0 2 190
0 13 0 4 48
0 13 0 11 106
0 14 0 2 408
0 14 0 4 490
0 14 0 11 364
0 2 1 3 14
0 2 1 5 398
0 2 1 10 60
0 4 1 3 30
0 4 1 5 300
0 4 1 10 64
0 8 1 3 262
0 8 1 5 278
0 8 1 10 78
0 11 1 3 284
0 11 1 5 128
0 11 1 10 34
0 13 1 3 212
0 13 1 5 128
0 13 1 10 160
0 14 1 3 384
0 14 1 5 386
0 14 1 10 270
0 2 2 0 194
0 2 2 6 82
0 2 2 9 510
0 4 2 0 190
0 4 2 6 4
0 4 2 9 36
0 8 2 0 134
0 8 2 6 246
0 8 2 9 518
0 11 2 0 2
0 11 2 6 162
0 11 2 9 168
0 13 2 0 34
0 13 2 6 154
0 13 2 9 24
0 14 2 0 286
0 14 2 6 310
0 14 2 9 410
0 2 3 1 68
0 2 3 7 58
0 2 3 8 106
0 4 3 1 40
0 4 3 7 120
0 4 3 8 230
0 8 3 1 146
0 8 3 7 102
0 8 3 8 270
0 11 3 1 48
0 11 3 7 18
0 11 3 8 94
0 13 3 1 82
0 13 3 7 474
0 13 3 8 74
0 14 3 1 124
0 14 3 7 78
0 14 3 8 336
0 2 4 0 6
0 2 4 6 64
0 2 4 15 456
0 4 4 0 156
0 4 4 6 310
0 4 4 15 38
0 8 4 0 560
0 8 4 6 222
0 8 4 15 150
0 11 4 0 318
0 11 4 6 178
0 11 4 15 170
0 13 4 0 152
0 13 4 6 124
0 13 4 15 116
0 14 4 0 590
0 14 4 6 298
0 14 4 15 220
0 2 5 1 292
0 2 5 7 240
0 2 5 14 56
0 4 5 1 146
0 4 5 7 360
0 4 5 14 124
0 8 5 1 40
0 8 5 7 222
0 8 5 14 182
0 11 5 1 594
0 11 5 7 132
0 11 5 14 332
0 13 5 1 234
0 13 5 7 290
0 13 5 14 186
0 14 5 1 374
0 14 5 7 40
0 14 5 14 42
0 2 6 2 352
0 2 6 4 200
0 2 6 13 98
0 4 6 2 86
0 4 6 4 182
0 4 6 13 470
0 8 6 2 12
0 8 6 4 186
0 8 6 13 538
0 11 6 2 36
0 11 6 4 752
0 11 6 13 328
0 13 6 2 172
0 13 6 4 90
0 13 6 13 102
0 14 6 2 318
0 14 6 4 240
0 14 6 13 348
0 2 7 3 412
0 2 7 5 12
0 2 7 12 562
0 4 7 3 96
0 4 7 5 72
0 4 7 12 158
0 8 7 3 492
0 8 7 5 416
0 8 7 12 130
0 11 7 3 68
0 11 7 5 80
0 11 7 12 230
0 13 7 3 244
0 13 7 5 104
0 13 7 12 268
0 14 7 3 200
0 14 7 5 220
0 14 7 12 382
0 2 8 3 206
0 2 8 10 494
0 2 8 12 312
0 4 8 3 142
0 4 8 10 78
0 4 8 12 90
0 8 8 3 706
0 8 8 10 194
0 8 8 12 86
0 11 8 3 178
0 11 8 10 410
0 11 8 12 120
0 13 8 3 42
0 13 8 10 62
0 13 8 12 2
0 14 8 3 60
0 14 8 10 72
0 14 8 12 58
0 2 9 2 368
0 2 9 11 98
0 2 9 13 620
0 4 9 2 420
0 4 9 11 202
0 4 9 13 8
0 8 9 2 256
0 8 9 11 146
0 8 9 13 254
0 11 9 2 200
0 11 9 11 52
0 11 9 13 340
0 13 9 2 90
0 13 9 11 56
0 13 9 13 522
0 14 9 2 440
0 14 9 11 172
0 14 9 13 158
0 2 10 1 212
0 2 10 8 444
0 2 10 14 270
0 4 10 1 6
0 4 10 8 414
0 4 10 14 436
0 8 10 1 520
0 8 10 8 84
0 8 10 14 460
0 11 10 1 474
0 11 10 8 302
0 11 10 14 46
0 13 10 1 254
0 13 10 8 170
0 13 10 14 44
0 14 10 1 172
0 14 10 8 286
0 14 10 14 152
0 2 11 0 382
0 2 11 9 246
0 2 11 15 324
0 4 11 0 72
0 4 11 9 320
0 4 11 15 178
0 8 11 0 352
0 8 11 9 72
0 8 11 15 108
0 11 11 0 200
0 11 11 9 220
0 11 11 15 66
0 13 11 0 28
0 13 11 9 140
0 13 11 15 174
0 14 11 0 30
0 14 11 9 196
0 14 11 15 38
0 2 12 7 254
0 2 12 8 128
0 2 12 14 30
0 4 12 7 270
0 4 12 8 772
0 4 12 14 148
0 8 12 7 200
0 8 12 8 332
0 8 12 14 216
0 11 12 7 90
0 11 12 8 450
0 11 12 14 206
0 13 12 7 0
0 13 12 8 258
0 13 12 14 138
0 14 12 7 64
0 14 12 8 560
0 14 12 14 90
0 2 13 6 288
0 2 13 9 104
0 2 13 15 12
0 4 13 6 4
0 4 13 9 78
0 4 13 15 328
0 8 13 6 52
0 8 13 9 268
0 8 13 15 272
0 11 13 6 6
0 11 13 9 696
0 11 13 15 44
0 13 13 6 208
0 13 13 9 170
0 13 13 15 208
0 14 13 6 322
0 14 13 9 126
0 14 13 15 268
0 2 14 5 36
0 2 14 10 150
0 2 14 12 626
0 4 14 5 138
0 4 14 10 230
0 4 14 12 220
0 8 14 5 136
0 8 14 10 160
0 8 14 12 148
0 11 14 5 268
0 11 14 10 104
0 11 14 12 260
0 13 14 5 136
0 13 14 10 4
0 13 14 12 482
0 14 14 5 66
0 14 14 10 10
0 14 14 12 144
0 2 15 4 200
0 2 15 11 68
0 2 15 13 84
0 4 15 4 422
0 4 15 11 192
0 4 15 13 130
0 8 15 4 134
0 8 15 11 570
0 8 15 13 92
0 11 15 4 366
0 11 15 11 626
0 11 15 13 256
0 13 15 4 56
0 13 15 11 370
0 13 15 13 80
0 14 15 4 438
0 14 15 11 94
0 14 15 13 28
1 3 0 2 144
1 3 0 4 52
1 3 0 11 34
1 5 0 2 156
1 5 0 4 250
1 5 0 11 234
1 9 0 2 406
1 9 0 4 402
1 9 0 11 34
1 10 0 2 274
1 10 0 4 442
1 10 0 11 184
1 12 0 2 112
1 12 0 4 134
1 12 0 11 28
1 15 0 2 492
1 15 0 4 100
1 15 0 11 258
1 3 1 3 238
1 3 1 5 388
1 3 1 10 52
1 5 1 3 104
1 5 1 5 132
1 5 1 10 42
1 9 1 3 462
1 9 1 5 330
1 9 1 10 152
1 10 1 3 282
1 10 1 5 14
1 10 1 10 334
1 12 1 3 198
1 12 1 5 150
1 12 1 10 160
1 15 1 3 94
1 15 1 5 84
1 15 1 10 402
1 3 2 0 28
1 3 2 6 10
1 3 2 9 92
1 5 2 0 236
1 5 2 6 162
1 5 2 9 138
1 9 2 0 188
1 9 2 6 86
1 9 2 9 208
1 10 2 0 522
1 10 2 6 124
1 10 2 9 190
1 12 2 0 222
1 12 2 6 218
1 12 2 9 288
1 15 2 0 16
1 15 2 6 110
1 15 2 9 148
1 3 3 1 56
1 3 3 7 184
1 3 3 8 282
1 5 3 1 22
1 5 3 7 470
1 5 3 8 88
1 9 3 1 302
1 9 3 7 82
1 9 3 8 22
1 10 3 1 144
1 10 3 7 476
1 10 3 8 182
1 12 3 1 102
1 12 3 7 50
1 12 3 8 80
1 15 3 1 136
1 15 3 7 62
1 15 3 8 254
1 3 4 0 198
1 3 4 6 28
1 3 4 15 270
1 5 4 0 164
1 5 4 6 48
1 5 4 15 160
1 9 4 0 174
1 9 4 6 474
1 9 4 15 228
1 10 4 0 192
1 10 4 6 498
1 10 4 15 100
1 12 4 0 116
1 12 4 6 28
1 12 4 15 320
1 15 4 0 102
1 15 4 6 62
1 15 4 15 90
1 3 5 1 208
1 3 5 7 202
1 3 5 14 284
1 5 5 1 64
1 5 5 7 460
1 5 5 14 230
1 9 5 1 350
1 9 5 7 418
1 9 5 14 156
1 10 5 1 24
1 10 5 7 24
1 10 5 14 90
1 12 5 1 16
1 12 5 7 336
1 12 5 14 102
1 15 5 1 76
1 15 5 7 300
1 15 5 14 70
1 3 6 2 280
1 3 6 4 116
1 3 6 13 54
1 5 6 2 120
1 5 6 4 124
1 5 6 13 130
1 9 6 2 2
1 9 6 4 212
1 9 6 13 386
1 10 6 2 320
1 10 6 4 364
1 10 6 13 108
1 12 6 2 104
1 12 6 4 56
1 12 6 13 252
1 15 6 2 320
1 15 6 4 198
1 15 6 13 74
1 3 7 3 142
1 3 7 5 282
1 3 7 12 254
1 5 7 3 12
1 5 7 5 110
1 5 7 12 12
1 9 7 3 404
1 9 7 5 40
1 9 7 12 6
1 10 7 3 52
1 10 7 5 126
1 10 7 12 356
1 12 7 3 298
1 12 7 5 226
1 12 7 12 38
1 15 7 3 296
1 15 7 5 252
1 15 7 12 54
1 3 8 3 472
1 3 8 10 298
1 3 8 12 190
1 5 8 3 92
1 5 8 10 220
1 5 8 12 586
1 9 8 3 94
1 9 8 10 414
1 9 8 12 282
1 10 8 3 304
1 10 8 10 32
1 10 8 12 210
1 12 8 3 544
1 12 8 10 188
1 12 8 12 624
1 15 8 3 40
1 15 8 10 544
1 15 8 12 92
1 3 9 2 46
1 3 9 11 118
1 3 9 13 26
1 5 9 2 6
1 5 9 11 404
1 5 9 13 72
1 9 9 2 82
1 9 9 11 348
1 9 9 13 356
1 10 9 2 364
1 10 9 11 208
1 10 9 13 172
1 12 9 2 218
1 12 9 11 128
1 12 9 13 42
1 15 9 2 82
1 15 9 11 286
1 15 9 13 176
1 3 10 1 296
1 3 10 8 324
1 3 10 14 398
1 5 10 1 320
1 5 10 8 232
1 5 10 14 14
1 9 10 1 344
1 9 10 8 350
1 9 10 14 208
1 10 10 1 320
1 10 10 8 66
1 10 10 14 370
1 12 10 1 312
1 12 10 8 274
1 12 10 14 14
1 15 10 1 180
1 15 10 8 18
1 15 10 14 128
1 3 11 0 268
1 3 11 9 852
1 3 11 15 92
1 5 11 0 40
1 5 11 9 110
1 5 11 15 90
1 9 11 0 308
1 9 11 9 280
1 9 11 15 174
1 10 11 0 48
1 10 11 9 70
1 10 11 15 100
1 12 11 0 326
1 12 11 9 252
1 12 11 15 8
1 15 11 0 20
1 15 11 9 286
1 15 11 15 198
1 3 12 7 536
1 3 12 8 12
1 3 12 14 584
1 5 12 7 296
1 5 12 8 328
1 5 12 14 30
1 9 12 7 144
1 9 12 8 204
1 9 12 14 60
1 10 12 7 520
1 10 12 8 196
1 10 12 14 120
1 12 12 7 128
1 12 12 8 210
1 12 12 14 46
1 15 12 7 362
1 15 12 8 88
1 15 12 14 170
1 3 13 6 196
1 3 13 9 386
1 3 13 15 246
1 5 13 6 120
1 5 13 9 160
1 5 13 15 130
1 9 13 6 72
1 9 13 9 204
1 9 13 15 348
1 10 13 6 138
1 10 13 9 88
1 10 13 15 406
1 12 13 6 374
1 12 13 9 378
1 12 13 15 174
1 15 13 6 482
1 15 13 9 8
1 15 13 15 116
1 3 14 5 702
1 3 14 10 72
1 3 14 12 174
1 5 14 5 494
1 5 14 10 274
1 5 14 12 260
1 9 14 5 388
1 9 14 10 130
1 9 14 12 280
1 10 14 5 190
1 10 14 10 48
1 10 14 12 276
1 12 14 5 120
1 12 14 10 222
1 12 14 12 390
1 15 14 5 424
1 15 14 10 116
1 15 14 12 156
1 3 15 4 320
1 3 15 11 338
1 3 15 13 94
1 5 15 4 322
1 5 15 11 16
1 5 15 13 594
1 9 15 4 380
1 9 15 11 374
1 9 15 13 70
1 10 15 4 494
1 10 15 11 64
1 10 15 13 164
1 12 15 4 274
1 12 15 11 270
1 12 15 13 8
1 15 15 4 118
1 15 15 11 574
1 15 15 13 478
2 6 0 2 38
2 6 0 4 178
2 6 0 11 130
2 9 0 2 608
2 9 0 4 374
2 9 0 11 256
2 10 0 2 20
2 10 0 4 62
2 10 0 11 54
2 12 0 2 452
2 12 0 4 256
2 12 0 11 44
2 15 0 2 96
2 15 0 4 96
2 15 0 11 246
2 6 1 3 2
2 6 1 5 42
2 6 1 10 98
2 9 1 3 304
2 9 1 5 68
2 9 1 10 210
2 10 1 3 110
2 10 1 5 78
2 10 1 10 140
2 12 1 3 16
2 12 1 5 232
2 12 1 10 76
2 15 1 3 126
2 15 1 5 310
2 15 1 10 566
2 6 2 0 102
2 6 2 6 162
2 6 2 9 390
2 9 2 0 176
2 9 2 6 220
2 9 2 9 64
2 10 2 0 14
2 10 2 6 48
2 10 2 9 42
2 12 2 0 412
2 12 2 6 96
2 12 2 9 112
2 15 2 0 50
2 15 2 6 32
2 15 2 9 318
2 6 3 1 60
2 6 3 7 82
2 6 3 8 296
2 9 3 1 392
2 9 3 7 170
2 9 3 8 150
2 10 3 1 334
2 10 3 7 248
2 10 3 8 174
2 12 3 1 208
2 12 3 7 6
2 12 3 8 318
2 15 3 1 52
2 15 3 7 292
2 15 3 8 164
2 6 4 0 368
2 6 4 6 276
2 6 4 15 456
2 9 4 0 20
2 9 4 6 104
2 9 4 15 326
2 10 4 0 396
2 10 4 6 190
2 10 4 15 4
2 12 4 0 494
2 12 4 6 104
2 12 4 15 114
2 15 4 0 180
2 15 4 6 590
2 15 4 15 48
2 6 5 1 156
2 6 5 7 58
2 6 5 14 30
2 9 5 1 236
2 9 5 7 284
2 9 5 14 54
2 10 5 1 64
2 10 5 7 24
2 10 5 14 478
2 12 5 1 244
2 12 5 7 376
2 12 5 14 620
2 15 5 1 348
2 15 5 7 16
2 15 5 14 656
2 6 6 2 296
2 6 6 4 300
2 6 6 13 56
2 9 6 2 214
2 9 6 4 266
2 9 6 13 46
2 10 6 2 358
2 10 6 4 10
2 10 6 13 290
2 12 6 2 242
2 12 6 4 318
2 12 6 13 656
2 15 6 2 188
2 15 6 4 542
2 15 6 13 294
2 6 7 3 6
2 6 7 5 250
2 6 7 12 158
2 9 7 3 80
2 9 7 5 102
2 9 7 12 72
2 10 7 3 362
2 10 7 5 96
2 10 7 12 180
2 12 7 3 206
2 12 7 5 140
2 12 7 12 222
2 15 7 3 376
2 15 7 5 30
2 15 7 12 12
2 6 8 3 56
2 6 8 10 234
2 6 8 12 122
2 9 8 3 76
2 9 8 10 410
2 9 8 12 358
2 10 8 3 192
2 10 8 10 282
2 10 8 12 284
2 12 8 3 166
2 12 8 10 150
2 12 8 12 352
2 15 8 3 48
2 15 8 10 10
2 15 8 12 384
2 6 9 2 84
2 6 9 11 194
2 6 9 13 16
2 9 9 2 388
2 9 9 11 88
2 9 9 13 60
2 10 9 2 176
2 10 9 11 484
2 10 9 13 498
2 12 9 2 292
2 12 9 11 424
2 12 9 13 106
2 15 9 2 38
2 15 9 11 180
2 15 9 13 244
2 6 10 1 8
2 6 10 8 388
2 6 10 14 280
2 9 10 1 38
2 9 10 8 210
2 9 10 14 376
2 10 10 1 116
2 10 10 8 22
2 10 10 14 12
2 12 10 1 284
2 12 10 8 60
2 12 10 14 288
2 15 10 1 240
2 15 10 8 126
2 15 10 14 424
2 6 11 0 264
2 6 11 9 132
2 6 11 15 102
2 9 11 0 62
2 9 11 9 178
2 9 11 15 116
2 10 11 0 232
2 10 11 9 184
2 10 11 15 36
2 12 11 0 156
2 12 11 9 50
2 12 11 15 358
2 15 11 0 280
2 15 11 9 296
2 15 11 15 60
2 6 12 7 426
2 6 12 8 326
2 6 12 14 422
2 9 12 7 218
2 9 12 8 308
2 9 12 14 276
2 10 12 7 132
2 10 12 8 170
2 10 12 14 464
2 12 12 7 62
2 12 12 8 74
2 12 12 14 210
2 15 12 7 8
2 15 12 8 110
2 15 12 14 482
2 6 13 6 132
2 6 13 9 184
2 6 13 15 66
2 9 13 6 292
2 9 13 9 30
2 9 13 15 478
2 10 13 6 72
2 10 13 9 4
2 10 13 15 1462
2 12 13 6 468
2 12 13 9 366
2 12 13 15 220
2 15 13 6 44
2 15 13 9 410
2 15 13 15 336
2 6 14 5 266
2 6 14 10 190
2 6 14 12 48
2 9 14 5 80
2 9 14 10 134
2 9 14 12 32
2 10 14 5 298
2 10 14 10 178
2 10 14 12 568
2 12 14 5 116
2 12 14 10 538
2 12 14 12 192
2 15 14 5 238
2 15 14 10 148
2 15 14 12 280
2 6 15 4 156
2 6 15 11 60
2 6 15 13 188
2 9 15 4 470
2 9 15 11 190
2 9 15 13 104
2 10 15 4 10
2 10 15 11 182
2 10 15 13 1432
2 12 15 4 16
2 12 15 11 124
2 12 15 13 126
2 15 15 4 564
2 15 15 11 636
2 15 15 13 486
3 7 0 2 36
3 7 0 4 52
3 7 0 11 114
3 8 0 2 22
3 8 0 4 324
3 8 0 11 232
3 11 0 2 68
3 11 0 4 272
3 11 0 11 298
3 13 0 2 140
3 13 0 4 216
3 13 0 11 56
3 14 0 2 10
3 14 0 4 220
3 14 0 11 384
3 7 1 3 454
3 7 1 5 378
3 7 1 10 104
3 8 1 3 184
3 8 1 5 482
3 8 1 10 570
3 11 1 3 456
3 11 1 5 210
3 11 1 10 190
3 13 1 3 102
3 13 1 5 198
3 13 1 10 250
3 14 1 3 498
3 14 1 5 358
3 14 1 10 254
3 7 2 0 62
3 7 2 6 10
3 7 2 9 154
3 8 2 0 52
3 8 2 6 190
3 8 2 9 70
3 11 2 0 46
3 11 2 6 360
3 11 2 9 358
3 13 2 0 200
3 13 2 6 100
3 13 2 9 176
3 14 2 0 92
3 14 2 6 246
3 14 2 9 276
3 7 3 1 360
3 7 3 7 222
3 7 3 8 476
3 8 3 1 8
3 8 3 7 258
3 8 3 8 48
3 11 3 1 614
3 11 3 7 242
3 11 3 8 190
3 13 3 1 66
3 13 3 7 240
3 13 3 8 172
3 14 3 1 166
3 14 3 7 132
3 14 3 8 22
3 7 4 0 276
3 7 4 6 266
3 7 4 15 322
3 8 4 0 90
3 8 4 6 98
3 8 4 15 146
3 11 4 0 668
3 11 4 6 202
3 11 4 15 290
3 13 4 0 218
3 13 4 6 244
3 13 4 15 28
3 14 4 0 56
3 14 4 6 132
3 14 4 15 44
3 7 5 1 72
3 7 5 7 28
3 7 5 14 26
3 8 5 1 266
3 8 5 7 2
3 8 5 14 38
3 11 5 1 564
3 11 5 7 248
3 11 5 14 324
3 13 5 1 10
3 13 5 7 2
3 13 5 14 32
3 14 5 1 82
3 14 5 7 180
3 14 5 14 32
3 7 6 2 488
3 7 6 4 306
3 7 6 13 256
3 8 6 2 16
3 8 6 4 278
3 8 6 13 196
3 11 6 2 424
3 11 6 4 372
3 11 6 13 220
3 13 6 2 100
3 13 6 4 278
3 13 6 13 220
3 14 6 2 270
3 14 6 4 256
3 14 6 13 308
3 7 7 3 108
3 7 7 5 264
3 7 7 12 18
3 8 7 3 242
3 8 7 5 170
3 8 7 12 274
3 11 7 3 62
3 11 7 5 100
3 11 7 12 6
3 13 7 3 20
3 13 7 5 186
3 13 7 12 274
3 14 7 3 456
3 14 7 5 590
3 14 7 12 544
3 7 8 3 102
3 7 8 10 520
3 7 8 12 136
3 8 8 3 258
3 8 8 10 190
3 8 8 12 294
3 11 8 3 100
3 11 8 10 140
3 11 8 12 146
3 13 8 3 594
3 13 8 10 106
3 13 8 12 104
3 14 8 3 14
3 14 8 10 512
3 14 8 12 100
3 7 9 2 272
3 7 9 11 82
3 7 9 13 104
3 8 9 2 158
3 8 9 11 356
3 8 9 13 286
3 11 9 2 42
3 11 9 11 406
3 11 9 13 100
3 13 9 2 262
3 13 9 11 432
3 13 9 13 194
3 14 9 2 212
3 14 9 11 22
3 14 9 13 6
3 7 10 1 266
3 7 10 8 478
3 7 10 14 464
3 8 10 1 322
3 8 10 8 142
3 8 10 14 112
3 11 10 1 120
3 11 10 8 28
3 11 10 14 178
3 13 10 1 552
3 13 10 8 132
3 13 10 14 298
3 14 10 1 24
3 14 10 8 308
3 14 10 14 192
3 7 11 0 576
3 7 11 9 324
3 7 11 15 188
3 8 11 0 164
3 8 11 9 92
3 8 11 15 238
3 11 11 0 30
3 11 11 9 134
3 11 11 15 170
3 13 11 0 98
3 13 11 9 146
3 13 11 15 164
3 14 11 0 244
3 14 11 9 446
3 14 11 15 16
3 7 12 7 216
3 7 12 8 178
3 7 12 14 406
3 8 12 7 120
3 8 12 8 362
3 8 12 14 856
3 11 12 7 86
3 11 12 8 124
3 11 12 14 222
3 13 12 7 356
3 13 12 8 192
3 13 12 14 100
3 14 12 7 126
3 14 12 8 430
3 14 12 14 78
3 7 13 6 306
3 7 13 9 242
3 7 13 15 310
3 8 13 6 178
3 8 13 9 228
3 8 13 15 162
3 11 13 6 416
3 11 13 9 196
3 11 13 15 388
3 13 13 6 440
3 13 13 9 314
3 13 13 15 124
3 14 13 6 298
3 14 13 9 304
3 14 13 15 118
3 7 14 5 546
3 7 14 10 294
3 7 14 12 62
3 8 14 5 152
3 8 14 10 466
3 8 14 12 228
3 11 14 5 96
3 11 14 10 236
3 11 14 12 34
3 13 14 5 132
3 13 14 10 268
3 13 14 12 80
3 14 14 5 288
3 14 14 10 50
3 14 14 12 92
3 7 15 4 150
3 7 15 11 126
3 7 15 13 132
3 8 15 4 204
3 8 15 11 308
3 8 15 13 42
3 11 15 4 18
3 11 15 11 74
3 11 15 13 70
3 13 15 4 18
3 13 15 11 328
3 13 15 13 90
3 14 15 4 12
3 14 15 11 118
3 14 15 13 524
4 6 0 2 48
4 6 0 4 200
4 6 0 11 140
4 9 0 2 482
4 9 0 4 330
4 9 0 11 126
4 10 0 2 144
4 10 0 4 388
4 10 0 11 84
4 12 0 2 242
4 12 0 4 340
4 12 0 11 94
4 15 0 2 178
4 15 0 4 430
4 15 0 11 84
4 6 1 3 176
4 6 1 5 76
4 6 1 10 122
4 9 1 3 462
4 9 1 5 168
4 9 1 10 532
4 10 1 3 400
4 10 1 5 518
4 10 1 10 230
4 12 1 3 252
4 12 1 5 124
4 12 1 10 90
4 15 1 3 140
4 15 1 5 2
4 15 1 10 24
4 6 2 0 102
4 6 2 6 422
4 6 2 9 38
4 9 2 0 752
4 9 2 6 204
4 9 2 9 100
4 10 2 0 502
4 10 2 6 52
4 10 2 9 60
4 12 2 0 154
4 12 2 6 40
4 12 2 9 286
4 15 2 0 278
4 15 2 6 650
4 15 2 9 200
4 6 3 1 174
4 6 3 7 158
4 6 3 8 190
4 9 3 1 524
4 9 3 7 492
4 9 3 8 198
4 10 3 1 282
4 10 3 7 176
4 10 3 8 136
4 12 3 1 256
4 12 3 7 610
4 12 3 8 220
4 15 3 1 288
4 15 3 7 176
4 15 3 8 98
4 6 4 0 284
4 6 4 6 324
4 6 4 15 8
4 9 4 0 304
4 9 4 6 160
4 9 4 15 192
4 10 4 0 50
4 10 4 6 68
4 10 4 15 2
4 12 4 0 460
4 12 4 6 148
4 12 4 15 22
4 15 4 0 52
4 15 4 6 62
4 15 4 15 30
4 6 5 1 262
4 6 5 7 280
4 6 5 14 96
4 9 5 1 254
4 9 5 7 460
4 9 5 14 690
4 10 5 1 366
4 10 5 7 198
4 10 5 14 48
4 12 5 1 146
4 12 5 7 112
4 12 5 14 76
4 15 5 1 334
4 15 5 7 106
4 15 5 14 68
4 6 6 2 40
4 6 6 4 102
4 6 6 13 350
4 9 6 2 34
4 9 6 4 44
4 9 6 13 72
4 10 6 2 252
4 10 6 4 114
4 10 6 13 44
4 12 6 2 98
4 12 6 4 128
4 12 6 13 336
4 15 6 2 116
4 15 6 4 294
4 15 6 13 198
4 6 7 3 142
4 6 7 5 50
4 6 7 12 54
4 9 7 3 30
4 9 7 5 448
4 9 7 12 2
4 10 7 3 328
4 10 7 5 290
4 10 7 12 490
4 12 7 3 92
4 12 7 5 68
4 12 7 12 314
4 15 7 3 134
4 15 7 5 68
4 15 7 12 96
4 6 8 3 436
4 6 8 10 260
4 6 8 12 62
4 9 8 3 162
4 9 8 10 16
4 9 8 12 64
4 10 8 3 128
4 10 8 10 180
4 10 8 12 92
4 12 8 3 208
4 12 8 10 436
4 12 8 12 18
4 15 8 3 40
4 15 8 10 22
4 15 8 12 130
4 6 9 2 56
4 6 9 11 182
4 6 9 13 248
4 9 9 2 152
4 9 9 11 108
4 9 9 13 58
4 10 9 2 246
4 10 9 11 184
4 10 9 13 222
4 12 9 2 430
4 12 9 11 20
4 12 9 13 152
4 15 9 2 246
4 15 9 11 380
4 15 9 13 22
4 6 10 1 38
4 6 10 8 34
4 6 10 14 316
4 9 10 1 262
4 9 10 8 468
4 9 10 14 410
4 10 10 1 76
4 10 10 8 348
4 10 10 14 398
4 12 10 1 104
4 12 10 8 20
4 12 10 14 158
4 15 10 1 346
4 15 10 8 184
4 15 10 14 146
4 6 11 0 22
4 6 11 9 18
4 6 11 15 332
4 9 11 0 178
4 9 11 9 328
4 9 11 15 62
4 10 11 0 20
4 10 11 9 80
4 10 11 15 26
4 12 11 0 106
4 12 11 9 26
4 12 11 15 24
4 15 11 0 316
4 15 11 9 72
4 15 11 15 130
4 6 12 7 194
4 6 12 8 392
4 6 12 14 162
4 9 12 7 152
4 9 12 8 432
4 9 12 14 98
4 10 12 7 484
4 10 12 8 116
4 10 12 14 238
4 12 12 7 166
4 12 12 8 156
4 12 12 14 170
4 15 12 7 428
4 15 12 8 78
4 15 12 14 162
4 6 13 6 86
4 6 13 9 214
4 6 13 15 248
4 9 13 6 260
4 9 13 9 26
4 9 13 15 118
4 10 13 6 78
4 10 13 9 234
4 10 13 15 250
4 12 13 6 250
4 12 13 9 134
4 12 13 15 172
4 15 13 6 602
4 15 13 9 168
4 15 13 15 234
4 6 14 5 260
4 6 14 10 408
4 6 14 12 232
4 9 14 5 324
4 9 14 10 304
4 9 14 12 174
4 10 14 5 40
4 10 14 10 284
4 10 14 12 98
4 12 14 5 310
4 12 14 10 696
4 12 14 12 160
4 15 14 5 120
4 15 14 10 648
4 15 14 12 176
4 6 15 4 116
4 6 15 11 184
4 6 15 13 142
4 9 15 4 120
4 9 15 11 596
4 9 15 13 454
4 10 15 4 628
4 10 15 11 106
4 10 15 13 188
4 12 15 4 290
4 12 15 11 210
4 12 15 13 548
4 15 15 4 320
4 15 15 11 550
4 15 15 13 50
5 7 0 2 68
5 7 0 4 274
5 7 0 11 336
5 8 0 2 56
5 8 0 4 68
5 8 0 11 8
5 11 0 2 130
5 11 0 4 260
5 11 0 11 192
5 13 0 2 318
5 13 0 4 24
5 13 0 11 322
5 14 0 2 36
5 14 0 4 54
5 14 0 11 584
5 7 1 3 78
5 7 1 5 206
5 7 1 10 18
5 8 1 3 196
5 8 1 5 104
5 8 1 10 122
5 11 1 3 454
5 11 1 5 288
5 11 1 10 288
5 13 1 3 2
5 13 1 5 544
5 13 1 10 248
5 14 1 3 252
5 14 1 5 196
5 14 1 10 130
5 7 2 0 26
5 7 2 6 232
5 7 2 9 48
5 8 2 0 382
5 8 2 6 292
5 8 2 9 172
5 11 2 0 390
5 11 2 6 124
5 11 2 9 236
5 13 2 0 502
5 13 2 6 290
5 13 2 9 146
5 14 2 0 236
5 14 2 6 476
5 14 2 9 240
5 7 3 1 86
5 7 3 7 116
5 7 3 8 62
5 8 3 1 216
5 8 3 7 242
5 8 3 8 544
5 11 3 1 522
5 11 3 7 146
5 11 3 8 282
5 13 3 1 68
5 13 3 7 42
5 13 3 8 2
5 14 3 1 128
5 14 3 7 192
5 14 3 8 324
5 7 4 0 208
5 7 4 6 68
5 7 4 15 234
5 8 4 0 190
5 8 4 6 150
5 8 4 15 290
5 11 4 0 270
5 11 4 6 194
5 11 4 15 54
5 13 4 0 110
5 13 4 6 290
5 13 4 15 178
5 14 4 0 114
5 14 4 6 40
5 14 4 15 604
5 7 5 1 540
5 7 5 7 168
5 7 5 14 18
5 8 5 1 304
5 8 5 7 230
5 8 5 14 72
5 11 5 1 104
5 11 5 7 428
5 11 5 14 310
5 13 5 1 10
5 13 5 7 290
5 13 5 14 72
5 14 5 1 98
5 14 5 7 90
5 14 5 14 8
5 7 6 2 140
5 7 6 4 70
5 7 6 13 410
5 8 6 2 558
5 8 6 4 98
5 8 6 13 360
5 11 6 2 404
5 11 6 4 484
5 11 6 13 22
5 13 6 2 228
5 13 6 4 148
5 13 6 13 68
5 14 6 2 10
5 14 6 4 210
5 14 6 13 170
5 7 7 3 184
5 7 7 5 276
5 7 7 12 278
5 8 7 3 546
5 8 7 5 230
5 8 7 12 374
5 11 7 3 2
5 11 7 5 264
5 11 7 12 144
5 13 7 3 266
5 13 7 5 192
5 13 7 12 334
5 14 7 3 70
5 14 7 5 40
5 14 7 12 32
5 7 8 3 312
5 7 8 10 88
5 7 8 12 156
5 8 8 3 308
5 8 8 10 250
5 8 8 12 152
5 11 8 3 110
5 11 8 10 82
5 11 8 12 186
5 13 8 3 482
5 13 8 10 62
5 13 8 12 22
5 14 8 3 600
5 14 8 10 226
5 14 8 12 328
5 7 9 2 296
5 7 9 11 302
5 7 9 13 4
5 8 9 2 406
5 8 9 11 242
5 8 9 13 42
5 11 9 2 242
5 11 9 11 238
5 11 9 13 350
5 13 9 2 232
5 13 9 11 26
5 13 9 13 266
5 14 9 2 46
5 14 9 11 24
5 14 9 13 312
5 7 10 1 226
5 7 10 8 304
5 7 10 14 70
5 8 10 1 148
5 8 10 8 280
5 8 10 14 342
5 11 10 1 170
5 11 10 8 50
5 11 10 14 462
5 13 10 1 78
5 13 10 8 418
5 13 10 14 256
5 14 10 1 378
5 14 10 8 90
5 14 10 14 446
5 7 11 0 234
5 7 11 9 212
5 7 11 15 156
5 8 11 0 110
5 8 11 9 202
5 8 11 15 40
5 11 11 0 294
5 11 11 9 374
5 11 11 15 262
5 13 11 0 94
5 13 11 9 184
5 13 11 15 110
5 14 11 0 244
5 14 11 9 72
5 14 11 15 0
5 7 12 7 122
5 7 12 8 64
5 7 12 14 186
5 8 12 7 194
5 8 12 8 264
5 8 12 14 254
5 11 12 7 318
5 11 12 8 262
5 11 12 14 302
5 13 12 7 2
5 13 12 8 222
5 13 12 14 122
5 14 12 7 190
5 14 12 8 40
5 14 12 14 294
5 7 13 6 540
5 7 13 9 20
5 7 13 15 280
5 8 13 6 184
5 8 13 9 20
5 8 13 15 34
5 11 13 6 404
5 11 13 9 28
5 11 13 15 26
5 13 13 6 174
5 13 13 9 324
5 13 13 15 1478
5 14 13 6 48
5 14 13 9 116
5 14 13 15 378
5 7 14 5 4
5 7 14 10 292
5 7 14 12 148
5 8 14 5 114
5 8 14 10 100
5 8 14 12 290
5 11 14 5 440
5 11 14 10 326
5 11 14 12 84
5 13 14 5 18
5 13 14 10 180
5 13 14 12 210
5 14 14 5 212
5 14 14 10 340
5 14 14 12 68
5 7 15 4 710
5 7 15 11 112
5 7 15 13 352
5 8 15 4 66
5 8 15 11 12
5 8 15 13 304
5 11 15 4 54
5 11 15 11 268
5 11 15 13 430
5 13 15 4 290
5 13 15 11 38
5 13 15 13 1470
5 14 15 4 220
5 14 15 11 164
5 14 15 13 266
6 8 0 2 338
6 8 0 4 168
6 8 0 11 270
6 11 0 2 42
6 11 0 4 190
6 11 0 11 106
6 13 0 2 338
6 13 0 4 380
6 13 0 11 68
6 14 0 2 258
6 14 0 4 170
6 14 0 11 62
6 8 1 3 214
6 8 1 5 6
6 8 1 10 204
6 11 1 3 16
6 11 1 5 250
6 11 1 10 448
6 13 1 3 14
6 13 1 5 224
6 13 1 10 12
6 14 1 3 136
6 14 1 5 464
6 14 1 10 120
6 8 2 0 144
6 8 2 6 50
6 8 2 9 32
6 11 2 0 46
6 11 2 6 210
6 11 2 9 264
6 13 2 0 80
6 13 2 6 68
6 13 2 9 180
6 14 2 0 114
6 14 2 6 150
6 14 2 9 152
6 8 3 1 170
6 8 3 7 274
6 8 3 8 212
6 11 3 1 18
6 11 3 7 356
6 11 3 8 228
6 13 3 1 112
6 13 3 7 556
6 13 3 8 386
6 14 3 1 348
6 14 3 7 140
6 14 3 8 216
6 8 4 0 54
6 8 4 6 18
6 8 4 15 108
6 11 4 0 354
6 11 4 6 188
6 11 4 15 178
6 13 4 0 62
6 13 4 6 130
6 13 4 15 240
6 14 4 0 290
6 14 4 6 46
6 14 4 15 64
6 8 5 1 12
6 8 5 7 2
6 8 5 14 318
6 11 5 1 176
6 11 5 7 32
6 11 5 14 74
6 13 5 1 144
6 13 5 7 72
6 13 5 14 466
6 14 5 1 142
6 14 5 7 12
6 14 5 14 46
6 8 6 2 44
6 8 6 4 400
6 8 6 13 246
6 11 6 2 166
6 11 6 4 84
6 11 6 13 106
6 13 6 2 114
6 13 6 4 234
6 13 6 13 214
6 14 6 2 6
6 14 6 4 246
6 14 6 13 454
6 8 7 3 512
6 8 7 5 366
6 8 7 12 466
6 11 7 3 0
6 11 7 5 288
6 11 7 12 358
6 13 7 3 194
6 13 7 5 256
6 13 7 12 522
6 14 7 3 164
6 14 7 5 18
6 14 7 12 308
6 8 8 3 572
6 8 8 10 84
6 8 8 12 260
6 11 8 3 20
6 11 8 10 72
6 11 8 12 0
6 13 8 3 470
6 13 8 10 98
6 13 8 12 186
6 14 8 3 312
6 14 8 10 238
6 14 8 12 106
6 8 9 2 38
6 8 9 11 24
6 8 9 13 70
6 11 9 2 0
6 11 9 11 14
6 11 9 13 110
6 13 9 2 66
6 13 9 11 64
6 13 9 13 198
6 14 9 2 120
6 14 9 11 186
6 14 9 13 10
6 8 10 1 344
6 8 10 8 304
6 8 10 14 6
6 11 10 1 388
6 11 10 8 6
6 11 10 14 16
6 13 10 1 20
6 13 10 8 290
6 13 10 14 196
6 14 10 1 176
6 14 10 8 126
6 14 10 14 340
6 8 11 0 262
6 8 11 9 82
6 8 11 15 52
6 11 11 0 8
6 11 11 9 146
6 11 11 15 114
6 13 11 0 106
6 13 11 9 226
6 13 11 15 4
6 14 11 0 262
6 14 11 9 178
6 14 11 15 62
6 8 12 7 80
6 8 12 8 112
6 8 12 14 528
6 11 12 7 408
6 11 12 8 222
6 11 12 14 140
6 13 12 7 8
6 13 12 8 154
6 13 12 14 344
6 14 12 7 162
6 14 12 8 8
6 14 12 14 296
6 8 13 6 12
6 8 13 9 358
6 8 13 15 138
6 11 13 6 322
6 11 13 9 20
6 11 13 15 76
6 13 13 6 72
6 13 13 9 94
6 13 13 15 290
6 14 13 6 526
6 14 13 9 246
6 14 13 15 52
6 8 14 5 16
6 8 14 10 126
6 8 14 12 318
6 11 14 5 66
6 11 14 10 166
6 11 14 12 138
6 13 14 5 50
6 13 14 10 116
6 13 14 12 336
6 14 14 5 428
6 14 14 10 52
6 14 14 12 86
6 8 15 4 298
6 8 15 11 382
6 8 15 13 58
6 11 15 4 16
6 11 15 11 128
6 11 15 13 120
6 13 15 4 14
6 13 15 11 336
6 13 15 13 352
6 14 15 4 142
6 14 15 11 184
6 14 15 13 98
7 9 0 2 30
7 9 0 4 290
7 9 0 11 98
7 10 0 2 380
7 10 0 4 190
7 10 0 11 2
7 12 0 2 294
7 12 0 4 478
7 12 0 11 50
7 15 0 2 74
7 15 0 4 94
7 15 0 11 86
7 9 1 3 192
7 9 1 5 140
7 9 1 10 426
7 10 1 3 340
7 10 1 5 32
7 10 1 10 600
7 12 1 3 418
7 12 1 5 210
7 12 1 10 404
7 15 1 3 276
7 15 1 5 242
7 15 1 10 170
7 9 2 0 54
7 9 2 6 72
7 9 2 9 6
7 10 2 0 172
7 10 2 6 32
7 10 2 9 114
7 12 2 0 392
7 12 2 6 416
7 12 2 9 204
7 15 2 0 4
7 15 2 6 102
7 15 2 9 206
7 9 3 1 310
7 9 3 7 286
7 9 3 8 440
7 10 3 1 60
7 10 3 7 36
7 10 3 8 170
7 12 3 1 34
7 12 3 7 198
7 12 3 8 102
7 15 3 1 42
7 15 3 7 364
7 15 3 8 130
7 9 4 0 112
7 9 4 6 456
7 9 4 15 58
7 10 4 0 98
7 10 4 6 114
7 10 4 15 46
7 12 4 0 378
7 12 4 6 50
7 12 4 15 50
7 15 4 0 178
7 15 4 6 362
7 15 4 15 312
7 9 5 1 110
7 9 5 7 64
7 9 5 14 266
7 10 5 1 132
7 10 5 7 162
7 10 5 14 362
7 12 5 1 68
7 12 5 7 318
7 12 5 14 116
7 15 5 1 40
7 15 5 7 206
7 15 5 14 230
7 9 6 2 488
7 9 6 4 6
7 9 6 13 10
7 10 6 2 22
7 10 6 4 284
7 10 6 13 20
7 12 6 2 134
7 12 6 4 348
7 12 6 13 290
7 15 6 2 270
7 15 6 4 284
7 15 6 13 112
7 9 7 3 132
7 9 7 5 372
7 9 7 12 62
7 10 7 3 504
7 10 7 5 540
7 10 7 12 16
7 12 7 3 24
7 12 7 5 50
7 12 7 12 184
7 15 7 3 30
7 15 7 5 112
7 15 7 12 18
7 9 8 3 66
7 9 8 10 384
7 9 8 12 354
7 10 8 3 226
7 10 8 10 38
7 10 8 12 268
7 12 8 3 124
7 12 8 10 210
7 12 8 12 62
7 15 8 3 274
7 15 8 10 6
7 15 8 12 74
7 9 9 2 266
7 9 9 11 422
7 9 9 13 212
7 10 9 2 80
7 10 9 11 174
7 10 9 13 70
7 12 9 2 528
7 12 9 11 182
7 12 9 13 86
7 15 9 2 340
7 15 9 11 4
7 15 9 13 74
7 9 10 1 360
7 9 10 8 4
7 9 10 14 118
7 10 10 1 320
7 10 10 8 154
7 10 10 14 404
7 12 10 1 330
7 12 10 8 164
7 12 10 14 720
7 15 10 1 72
7 15 10 8 402
7 15 10 14 302
7 9 11 0 118
7 9 11 9 122
7 9 11 15 232
7 10 11 0 424
7 10 11 9 382
7 10 11 15 182
7 12 11 0 94
7 12 11 9 514
7 12 11 15 88
7 15 11 0 118
7 15 11 9 100
7 15 11 15 480
7 9 12 7 98
7 9 12 8 80
7 9 12 14 182
7 10 12 7 182
7 10 12 8 350
7 10 12 14 104
7 12 12 7 88
7 12 12 8 162
7 12 12 14 98
7 15 12 7 196
7 15 12 8 358
7 15 12 14 286
7 9 13 6 68
7 9 13 9 498
7 9 13 15 54
7 10 13 6 190
7 10 13 9 460
7 10 13 15 168
7 12 13 6 236
7 12 13 9 204
7 12 13 15 250
7 15 13 6 212
7 15 13 9 46
7 15 13 15 2
7 9 14 5 38
7 9 14 10 48
7 9 14 12 134
7 10 14 5 314
7 10 14 10 128
7 10 14 12 76
7 12 14 5 246
7 12 14 10 310
7 12 14 12 446
7 15 14 5 66
7 15 14 10 180
7 15 14 12 134
7 9 15 4 68
7 9 15 11 194
7 9 15 13 28
7 10 15 4 360
7 10 15 11 376
7 10 15 13 160
7 12 15 4 438
7 12 15 11 138
7 12 15 13 14
7 15 15 4 306
7 15 15 11 92
7 15 15 13 82
8 10 0 2 208
8 10 0 4 202
8 10 0 11 516
8 12 0 2 68
8 12 0 4 120
8 12 0 11 208
8 10 1 3 354
8 10 1 5 2
8 10 1 10 126
8 12 1 3 98
8 12 1 5 124
8 12 1 10 74
8 10 2 0 20
8 10 2 6 502
8 10 2 9 336
8 12 2 0 138
8 12 2 6 164
8 12 2 9 74
8 10 3 1 302
8 10 3 7 380
8 10 3 8 124
8 12 3 1 136
8 12 3 7 154
8 12 3 8 216
8 10 4 0 52
8 10 4 6 100
8 10 4 15 102
8 12 4 0 232
8 12 4 6 110
8 12 4 15 322
8 10 5 1 242
8 10 5 7 52
8 10 5 14 374
8 12 5 1 36
8 12 5 7 372
8 12 5 14 230
8 10 6 2 164
8 10 6 4 324
8 10 6 13 100
8 12 6 2 294
8 12 6 4 294
8 12 6 13 204
8 10 7 3 156
8 10 7 5 250
8 10 7 12 86
8 12 7 3 316
8 12 7 5 182
8 12 7 12 298
8 10 8 3 52
8 10 8 10 264
8 10 8 12 228
8 12 8 3 232
8 12 8 10 66
8 12 8 12 44
8 10 9 2 168
8 10 9 11 404
8 10 9 13 14
8 12 9 2 214
8 12 9 11 290
8 12 9 13 174
8 10 10 1 116
8 10 10 8 196
8 10 10 14 10
8 12 10 1 70
8 12 10 8 116
8 12 10 14 222
8 10 11 0 264
8 10 11 9 368
8 10 11 15 6
8 12 11 0 106
8 12 11 9 226
8 12 11 15 586
8 10 12 7 372
8 10 12 8 154
8 10 12 14 2
8 12 12 7 236
8 12 12 8 92
8 12 12 14 298
8 10 13 6 430
8 10 13 9 10
8 10 13 15 228
8 12 13 6 8
8 12 13 9 550
8 12 13 15 318
8 10 14 5 270
8 10 14 10 112
8 10 14 12 320
8 12 14 5 128
8 12 14 10 480
8 12 14 12 556
8 10 15 4 178
8 10 15 11 198
8 10 15 13 280
8 12 15 4 258
8 12 15 11 212
8 12 15 13 134
9 11 0 2 146
9 11 0 4 38
9 11 0 11 144
9 13 0 2 128
9 13 0 4 156
9 13 0 11 214
9 11 1 3 344
9 11 1 5 276
9 11 1 10 268
9 13 1 3 72
9 13 1 5 70
9 13 1 10 2
9 11 2 0 288
9 11 2 6 200
9 11 2 9 146
9 13 2 0 142
9 13 2 6 218
9 13 2 9 122
9 11 3 1 26
9 11 3 7 74
9 11 3 8 358
9 13 3 1 118
9 13 3 7 196
9 13 3 8 290
9 11 4 0 44
9 11 4 6 60
9 11 4 15 92
9 13 4 0 348
9 13 4 6 198
9 13 4 15 140
9 11 5 1 232
9 11 5 7 8
9 11 5 14 176
9 13 5 1 40
9 13 5 7 98
9 13 5 14 42
9 11 6 2 422
9 11 6 4 320
9 11 6 13 102
9 13 6 2 456
9 13 6 4 16
9 13 6 13 32
9 11 7 3 214
9 11 7 5 146
9 11 7 12 328
9 13 7 3 50
9 13 7 5 186
9 13 7 12 212
9 11 8 3 382
9 11 8 10 200
9 11 8 12 392
9 13 8 3 92
9 13 8 10 290
9 13 8 12 78
9 11 9 2 452
9 11 9 11 200
9 11 9 13 14
9 13 9 2 198
9 13 9 11 274
9 13 9 13 218
9 11 10 1 160
9 11 10 8 516
9 11 10 14 248
9 13 10 1 220
9 13 10 8 2
9 13 10 14 154
9 11 11 0 30
9 11 11 9 282
9 11 11 15 30
9 13 11 0 258
9 13 11 9 258
9 13 11 15 298
9 11 12 7 308
9 11 12 8 230
9 11 12 14 212
9 13 12 7 80
9 13 12 8 92
9 13 12 14 24
9 11 13 6 302
9 11 13 9 20
9 11 13 15 280
9 13 13 6 22
9 13 13 9 240
9 13 13 15 160
9 11 14 5 358
9 11 14 10 260
9 11 14 12 100
9 13 14 5 182
9 13 14 10 48
9 13 14 12 348
9 11 15 4 212
9 11 15 11 360
9 11 15 13 536
9 13 15 4 632
9 13 15 11 192
9 13 15 13 438
10 14 0 2 62
10 14 0 4 54
10 14 0 11 194
10 14 1 3 338
10 14 1 5 270
10 14 1 10 74
10 14 2 0 196
10 14 2 6 116
10 14 2 9 236
10 14 3 1 300
10 14 3 7 118
10 14 3 8 72
10 14 4 0 304
10 14 4 6 262
10 14 4 15 22
10 14 5 1 638
10 14 5 7 8
10 14 5 14 106
10 14 6 2 624
10 14 6 4 8
10 14 6 13 180
10 14 7 3 250
10 14 7 5 84
10 14 7 12 20
10 14 8 3 442
10 14 8 10 312
10 14 8 12 278
10 14 9 2 202
10 14 9 11 18
10 14 9 13 212
10 14 10 1 138
10 14 10 8 402
10 14 10 14 136
10 14 11 0 18
10 14 11 9 270
10 14 11 15 102
10 14 12 7 596
10 14 12 8 156
10 14 12 14 64
10 14 13 6 238
10 14 13 9 152
10 14 13 15 24
10 14 14 5 276
10 14 14 10 18
10 14 14 12 382
10 14 15 4 464
10 14 15 11 650
10 14 15 13 430
11 15 0 2 468
11 15 0 4 22
11 15 0 11 50
11 15 1 3 534
11 15 1 5 138
11 15 1 10 288
11 15 2 0 486
11 15 2 6 114
11 15 2 9 24
11 15 3 1 252
11 15 3 7 46
11 15 3 8 106
11 15 4 0 216
11 15 4 6 108
11 15 4 15 24
11 15 5 1 328
11 15 5 7 420
11 15 5 14 130
11 15 6 2 172
11 15 6 4 322
11 15 6 13 176
11 15 7 3 200
11 15 7 5 194
11 15 7 12 4
11 15 8 3 2
11 15 8 10 94
11 15 8 12 124
11 15 9 2 68
11 15 9 11 84
11 15 9 13 360
11 15 10 1 26
11 15 10 8 106
11 15 10 14 646
11 15 11 0 280
11 15 11 9 236
11 15 11 15 56
11 15 12 7 468
11 15 12 8 90
11 15 12 14 196
11 15 13 6 4
11 15 13 9 124
11 15 13 15 632
11 15 14 5 114
11 15 14 10 162
11 15 14 12 36
11 15 15 4 30
11 15 15 11 282
11 15 15 13 56
12 14 0 2 110
12 14 0 4 76
12 14 0 11 246
12 14 1 3 50
12 14 1 5 84
12 14 1 10 68
12 14 2 0 58
12 14 2 6 144
12 14 2 9 84
12 14 3 1 164
12 14 3 7 8
12 14 3 8 100
12 14 4 0 156
12 14 4 6 250
12 14 4 15 244
12 14 5 1 160
12 14 5 7 98
12 14 5 14 286
12 14 6 2 162
12 14 6 4 230
12 14 6 13 128
12 14 7 3 228
12 14 7 5 12
12 14 7 12 172
12 14 8 3 248
12 14 8 10 232
12 14 8 12 24
12 14 9 2 60
12 14 9 11 38
12 14 9 13 146
12 14 10 1 916
12 14 10 8 470
12 14 10 14 74
12 14 11 0 396
12 14 11 9 180
12 14 11 15 478
12 14 12 7 116
12 14 12 8 418
12 14 12 14 348
12 14 13 6 224
12 14 13 9 212
12 14 13 15 154
12 14 14 5 0
12 14 14 10 384
12 14 14 12 62
12 14 15 4 142
12 14 15 11 222
12 14 15 13 140
13 15 0 2 120
13 15 0 4 106
13 15 0 11 318
13 15 1 3 454
13 15 1 5 220
13 15 1 10 22
13 15 2 0 120
13 15 2 6 352
13 15 2 9 182
13 15 3 1 196
13 15 3 7 508
13 15 3 8 298
13 15 4 0 242
13 15 4 6 110
13 15 4 15 106
13 15 5 1 262
13 15 5 7 248
13 15 5 14 496
13 15 6 2 246
13 15 6 4 282
13 15 6 13 148
13 15 7 3 50
13 15 7 5 364
13 15 7 12 326
13 15 8 3 484
13 15 8 10 78
13 15 8 12 54
13 15 9 2 266
13 15 9 11 18
13 15 9 13 18
13 15 10 1 78
13 15 10 8 272
13 15 10 14 198
13 15 11 0 492
13 15 11 9 84
13 15 11 15 144
13 15 12 7 142
13 15 12 8 186
13 15 12 14 44
13 15 13 6 232
13 15 13 9 108
13 15 13 15 182
13 15 14 5 76
13 15 14 10 540
13 15 14 12 72
13 15 15 4 146
13 15 15 11 60
13 15 15 13 752
