0 2 0 2 830
0 2 0 4 3514
0 2 0 6 9782
0 4 0 2 8788
0 4 0 4 11294
0 4 0 6 10886
0 8 0 2 3504
0 8 0 4 7030
0 8 0 6 6606
0 2 1 3 8676
0 2 1 5 3706
0 2 1 7 6296
0 4 1 3 9050
0 4 1 5 4386
0 4 1 7 8798
0 8 1 3 24044
0 8 1 5 23452
0 8 1 7 8878
0 2 2 0 6534
0 2 2 4 4512
0 2 2 6 15056
0 4 2 0 3300
0 4 2 4 6228
0 4 2 6 14378
0 8 2 0 24662
0 8 2 4 6358
0 8 2 6 6550
0 2 3 1 10666
0 2 3 5 2144
0 2 3 7 7348
0 4 3 1 2734
0 4 3 5 2984
0 4 3 7 15722
0 8 3 1 4836
0 8 3 5 8678
0 8 3 7 19458
0 2 4 0 6852
0 2 4 2 4894
0 2 4 6 15210
0 4 4 0 13724
0 4 4 2 1694
0 4 4 6 3042
0 8 4 0 8978
0 8 4 2 15228
0 8 4 6 7228
0 2 5 1 10396
0 2 5 3 24028
0 2 5 7 6850
0 4 5 1 10592
0 4 5 3 5296
0 4 5 7 6996
0 8 5 1 35790
0 8 5 3 9634
0 8 5 7 918
0 2 6 0 13166
0 2 6 2 3042
0 2 6 4 10466
0 4 6 0 1358
0 4 6 2 1478
0 4 6 4 15904
0 8 6 0 4422
0 8 6 2 17424
0 8 6 4 268
0 2 7 1 16094
0 2 7 3 24976
0 2 7 5 40478
0 4 7 1 8604
0 4 7 3 4054
0 4 7 5 12468
0 8 7 1 4928
0 8 7 3 4990
0 8 7 5 12960
0 2 8 10 7534
0 2 8 12 17404
0 2 8 14 6806
0 4 8 10 8776
0 4 8 12 6678
0 4 8 14 19116
0 8 8 10 25422
0 8 8 12 18556
0 8 8 14 7664
0 2 9 11 20194
0 2 9 13 2948
0 2 9 15 698
0 4 9 11 7120
0 4 9 13 3980
0 4 9 15 10326
0 8 9 11 12404
0 8 9 13 3684
0 8 9 15 12852
0 2 10 8 3594
0 2 10 12 6010
0 2 10 14 3590
0 4 10 8 3604
0 4 10 12 10152
0 4 10 14 4590
0 8 10 8 11294
0 8 10 12 7438
0 8 10 14 4068
0 2 11 9 1990
0 2 11 13 956
0 2 11 15 16856
0 4 11 9 5402
0 4 11 13 7172
0 4 11 15 26096
0 8 11 9 16224
0 8 11 13 14256
0 8 11 15 2690
0 2 12 8 2884
0 2 12 10 15542
0 2 12 14 18820
0 4 12 8 786
0 4 12 10 4340
0 4 12 14 2068
0 8 12 8 1150
0 8 12 10 13536
0 8 12 14 6466
0 2 13 9 4840
0 2 13 11 5016
0 2 13 15 1040
0 4 13 9 8552
0 4 13 11 7744
0 4 13 15 10052
0 8 13 9 14108
0 8 13 11 10960
0 8 13 15 7626
0 2 14 8 6296
0 2 14 10 5694
0 2 14 12 5970
0 4 14 8 11362
0 4 14 10 28794
0 4 14 12 5586
0 8 14 8 7656
0 8 14 10 9648
0 8 14 12 17098
0 2 15 9 7586
0 2 15 11 3530
0 2 15 13 8298
0 4 15 9 2478
0 4 15 11 10168
0 4 15 13 6626
0 8 15 9 446
0 8 15 11 1036
0 8 15 13 1456
1 3 0 2 30226
1 3 0 4 14400
1 3 0 6 7166
1 5 0 2 13674
1 5 0 4 9284
1 5 0 6 5410
1 9 0 2 4796
1 9 0 4 4460
1 9 0 6 3958
1 3 1 3 26662
1 3 1 5 2950
1 3 1 7 11448
1 5 1 3 9024
1 5 1 5 13620
1 5 1 7 6144
1 9 1 3 11350
1 9 1 5 2868
1 9 1 7 4048
1 3 2 0 13184
1 3 2 4 7790
1 3 2 6 10016
1 5 2 0 20326
1 5 2 4 2418
1 5 2 6 20256
1 9 2 0 330
1 9 2 4 44
1 9 2 6 36166
1 3 3 1 15854
1 3 3 5 3630
1 3 3 7 4074
1 5 3 1 2528
1 5 3 5 11914
1 5 3 7 5318
1 9 3 1 20532
1 9 3 5 9486
1 9 3 7 5822
1 3 4 0 3868
1 3 4 2 6300
1 3 4 6 8554
1 5 4 0 1522
1 5 4 2 21822
1 5 4 6 2628
1 9 4 0 21688
1 9 4 2 1822
1 9 4 6 4134
1 3 5 1 9162
1 3 5 3 5044
1 3 5 7 14074
1 5 5 1 10272
1 5 5 3 11120
1 5 5 7 5234
1 9 5 1 514
1 9 5 3 18552
1 9 5 7 8282
1 3 6 0 2888
1 3 6 2 7070
1 3 6 4 12844
1 5 6 0 9942
1 5 6 2 7472
1 5 6 4 18528
1 9 6 0 4896
1 9 6 2 1892
1 9 6 4 12486
1 3 7 1 16764
1 3 7 3 6778
1 3 7 5 3268
1 5 7 1 7676
1 5 7 3 12118
1 5 7 5 14874
1 9 7 1 7878
1 9 7 3 2106
1 9 7 5 16252
1 3 8 10 17872
1 3 8 12 750
1 3 8 14 8456
1 5 8 10 16854
1 5 8 12 12624
1 5 8 14 24960
1 9 8 10 9790
1 9 8 12 11944
1 9 8 14 2622
1 3 9 11 12912
1 3 9 13 10482
1 3 9 15 1570
1 5 9 11 5426
1 5 9 13 7104
1 5 9 15 8590
1 9 9 11 11852
1 9 9 13 10530
1 9 9 15 6940
1 3 10 8 2092
1 3 10 12 5120
1 3 10 14 16292
1 5 10 8 12802
1 5 10 12 2714
1 5 10 14 9276
1 9 10 8 20704
1 9 10 12 8236
1 9 10 14 9348
1 3 11 9 8724
1 3 11 13 8774
1 3 11 15 1740
1 5 11 9 886
1 5 11 13 4132
1 5 11 15 24210
1 9 11 9 8944
1 9 11 13 11802
1 9 11 15 10702
1 3 12 8 7206
1 3 12 10 5274
1 3 12 14 728
1 5 12 8 17924
1 5 12 10 12544
1 5 12 14 20406
1 9 12 8 32656
1 9 12 10 7264
1 9 12 14 5464
1 3 13 9 10082
1 3 13 11 19578
1 3 13 15 2298
1 5 13 9 18974
1 5 13 11 10682
1 5 13 15 9516
1 9 13 9 6528
1 9 13 11 1976
1 9 13 15 19584
1 3 14 8 17346
1 3 14 10 3738
1 3 14 12 1094
1 5 14 8 2550
1 5 14 10 9654
1 5 14 12 9884
1 9 14 8 16968
1 9 14 10 10456
1 9 14 12 488
1 3 15 9 14660
1 3 15 11 16752
1 3 15 13 25088
1 5 15 9 2026
1 5 15 11 6378
1 5 15 13 15836
1 9 15 9 14810
1 9 15 11 9026
1 9 15 13 6950
2 6 0 2 7498
2 6 0 4 14910
2 6 0 6 9212
2 10 0 2 14072
2 10 0 4 4952
2 10 0 6 6060
2 6 1 3 2078
2 6 1 5 5420
2 6 1 7 6142
2 10 1 3 1840
2 10 1 5 8132
2 10 1 7 1186
2 6 2 0 4904
2 6 2 4 15302
2 6 2 6 2458
2 10 2 0 6718
2 10 2 4 10942
2 10 2 6 20448
2 6 3 1 22310
2 6 3 5 9328
2 6 3 7 1434
2 10 3 1 6730
2 10 3 5 802
2 10 3 7 9304
2 6 4 0 18404
2 6 4 2 14342
2 6 4 6 1502
2 10 4 0 10016
2 10 4 2 6110
2 10 4 6 10878
2 6 5 1 2580
2 6 5 3 7154
2 6 5 7 12936
2 10 5 1 598
2 10 5 3 21212
2 10 5 7 9588
2 6 6 0 4326
2 6 6 2 4170
2 6 6 4 5692
2 10 6 0 12120
2 10 6 2 19140
2 10 6 4 14376
2 6 7 1 10722
2 6 7 3 3460
2 6 7 5 4396
2 10 7 1 11156
2 10 7 3 5994
2 10 7 5 16040
2 6 8 10 11250
2 6 8 12 6310
2 6 8 14 8194
2 10 8 10 19314
2 10 8 12 2198
2 10 8 14 19346
2 6 9 11 15280
2 6 9 13 11012
2 6 9 15 8494
2 10 9 11 2804
2 10 9 13 19050
2 10 9 15 5188
2 6 10 8 8604
2 6 10 12 3716
2 6 10 14 5006
2 10 10 8 8688
2 10 10 12 5196
2 10 10 14 18022
2 6 11 9 952
2 6 11 13 14440
2 6 11 15 16824
2 10 11 9 10374
2 10 11 13 17412
2 10 11 15 1684
2 6 12 8 7504
2 6 12 10 4742
2 6 12 14 6244
2 10 12 8 3674
2 10 12 10 3584
2 10 12 14 19550
2 6 13 9 32380
2 6 13 11 4160
2 6 13 15 400
2 10 13 9 9610
2 10 13 11 19014
2 10 13 15 4550
2 6 14 8 20150
2 6 14 10 12840
2 6 14 12 16462
2 10 14 8 3400
2 10 14 10 2970
2 10 14 12 12092
2 6 15 9 2514
2 6 15 11 5876
2 6 15 13 3160
2 10 15 9 17992
2 10 15 11 12588
2 10 15 13 16058
3 7 0 2 6290
3 7 0 4 16246
3 7 0 6 15560
3 11 0 2 412
3 11 0 4 8926
3 11 0 6 4978
3 7 1 3 11772
3 7 1 5 3544
3 7 1 7 4454
3 11 1 3 14368
3 11 1 5 13572
3 11 1 7 27316
3 7 2 0 9264
3 7 2 4 1570
3 7 2 6 3598
3 11 2 0 4048
3 11 2 4 1552
3 11 2 6 7114
3 7 3 1 7342
3 7 3 5 84
3 7 3 7 5666
3 11 3 1 18344
3 11 3 5 15578
3 11 3 7 14248
3 7 4 0 3408
3 7 4 2 9722
3 7 4 6 11218
3 11 4 0 17960
3 11 4 2 7396
3 11 4 6 10008
3 7 5 1 4290
3 7 5 3 1994
3 7 5 7 12964
3 11 5 1 9558
3 11 5 3 14098
3 11 5 7 3056
3 7 6 0 1884
3 7 6 2 670
3 7 6 4 19470
3 11 6 0 3354
3 11 6 2 10574
3 11 6 4 3124
3 7 7 1 5760
3 7 7 3 12024
3 7 7 5 27636
3 11 7 1 2456
3 11 7 3 2742
3 11 7 5 6354
3 7 8 10 5182
3 7 8 12 3636
3 7 8 14 13796
3 11 8 10 2372
3 11 8 12 6628
3 11 8 14 11374
3 7 9 11 3376
3 7 9 13 76
3 7 9 15 17936
3 11 9 11 5902
3 11 9 13 22532
3 11 9 15 878
3 7 10 8 7348
3 7 10 12 11438
3 7 10 14 4546
3 11 10 8 4032
3 11 10 12 3934
3 11 10 14 18232
3 7 11 9 10204
3 7 11 13 14256
3 7 11 15 17632
3 11 11 9 8252
3 11 11 13 72
3 11 11 15 12614
3 7 12 8 3484
3 7 12 10 5806
3 7 12 14 13058
3 11 12 8 3134
3 11 12 10 18000
3 11 12 14 11464
3 7 13 9 6952
3 7 13 11 5770
3 7 13 15 5002
3 11 13 9 4792
3 11 13 11 8944
3 11 13 15 7986
3 7 14 8 2894
3 7 14 10 2376
3 7 14 12 35178
3 11 14 8 23992
3 11 14 10 14640
3 11 14 12 12104
3 7 15 9 668
3 7 15 11 13868
3 7 15 13 11822
3 11 15 9 3218
3 11 15 11 16008
3 11 15 13 866
4 6 0 2 4306
4 6 0 4 5464
4 6 0 6 13064
4 12 0 2 2434
4 12 0 4 9872
4 12 0 6 9246
4 6 1 3 18226
4 6 1 5 1964
4 6 1 7 10294
4 12 1 3 21836
4 12 1 5 7342
4 12 1 7 10220
4 6 2 0 6850
4 6 2 4 11078
4 6 2 6 6334
4 12 2 0 4554
4 12 2 4 7680
4 12 2 6 906
4 6 3 1 182
4 6 3 5 4880
4 6 3 7 1178
4 12 3 1 2584
4 12 3 5 1450
4 12 3 7 16124
4 6 4 0 18510
4 6 4 2 4356
4 6 4 6 8760
4 12 4 0 11844
4 12 4 2 5342
4 12 4 6 2418
4 6 5 1 5004
4 6 5 3 6666
4 6 5 7 3804
4 12 5 1 30856
4 12 5 3 9202
4 12 5 7 7526
4 6 6 0 928
4 6 6 2 5974
4 6 6 4 10586
4 12 6 0 16746
4 12 6 2 1512
4 12 6 4 4560
4 6 7 1 17168
4 6 7 3 13904
4 6 7 5 1136
4 12 7 1 18924
4 12 7 3 12394
4 12 7 5 1828
4 6 8 10 10292
4 6 8 12 12260
4 6 8 14 736
4 12 8 10 4206
4 12 8 12 4004
4 12 8 14 12110
4 6 9 11 4364
4 6 9 13 6804
4 6 9 15 12320
4 12 9 11 16844
4 12 9 13 17676
4 12 9 15 5538
4 6 10 8 5296
4 6 10 12 2172
4 6 10 14 5470
4 12 10 8 702
4 12 10 12 8884
4 12 10 14 11824
4 6 11 9 2148
4 6 11 13 21888
4 6 11 15 8088
4 12 11 9 3510
4 12 11 13 20054
4 12 11 15 6570
4 6 12 8 13108
4 6 12 10 4352
4 6 12 14 2098
4 12 12 8 4952
4 12 12 10 10332
4 12 12 14 24194
4 6 13 9 3778
4 6 13 11 4856
4 6 13 15 3204
4 12 13 9 11156
4 12 13 11 2750
4 12 13 15 4982
4 6 14 8 19492
4 6 14 10 26766
4 6 14 12 10990
4 12 14 8 24108
4 12 14 10 1600
4 12 14 12 20090
4 6 15 9 10664
4 6 15 11 2792
4 6 15 13 33046
4 12 15 9 208
4 12 15 11 23004
4 12 15 13 5434
5 7 0 2 18700
5 7 0 4 11682
5 7 0 6 5404
5 13 0 2 14272
5 13 0 4 3428
5 13 0 6 172
5 7 1 3 12728
5 7 1 5 8214
5 7 1 7 5112
5 13 1 3 6946
5 13 1 5 7432
5 13 1 7 6514
5 7 2 0 11678
5 7 2 4 2902
5 7 2 6 8784
5 13 2 0 114
5 13 2 4 7146
5 13 2 6 6132
5 7 3 1 12006
5 7 3 5 7230
5 7 3 7 19292
5 13 3 1 16002
5 13 3 5 6634
5 13 3 7 6198
5 7 4 0 5464
5 7 4 2 5632
5 7 4 6 5304
5 13 4 0 5506
5 13 4 2 14628
5 13 4 6 0
5 7 5 1 1738
5 7 5 3 20122
5 7 5 7 5616
5 13 5 1 2256
5 13 5 3 6490
5 13 5 7 18860
5 7 6 0 16758
5 7 6 2 3232
5 7 6 4 3518
5 13 6 0 3100
5 13 6 2 1402
5 13 6 4 13322
5 7 7 1 10390
5 7 7 3 9308
5 7 7 5 24580
5 13 7 1 5510
5 13 7 3 13140
5 13 7 5 12740
5 7 8 10 4226
5 7 8 12 20802
5 7 8 14 11212
5 13 8 10 4472
5 13 8 12 19544
5 13 8 14 6220
5 7 9 11 27056
5 7 9 13 16806
5 7 9 15 1272
5 13 9 11 464
5 13 9 13 18916
5 13 9 15 2308
5 7 10 8 8714
5 7 10 12 1398
5 7 10 14 4988
5 13 10 8 11750
5 13 10 12 8146
5 13 10 14 20200
5 7 11 9 11822
5 7 11 13 25052
5 7 11 15 8420
5 13 11 9 13490
5 13 11 13 24042
5 13 11 15 7488
5 7 12 8 19200
5 7 12 10 7258
5 7 12 14 6960
5 13 12 8 10544
5 13 12 10 17678
5 13 12 14 11706
5 7 13 9 11738
5 7 13 11 12714
5 7 13 15 112
5 13 13 9 8872
5 13 13 11 6944
5 13 13 15 172
5 7 14 8 3402
5 7 14 10 14
5 7 14 12 14342
5 13 14 8 1356
5 13 14 10 11606
5 13 14 12 10668
5 7 15 9 2216
5 7 15 11 7966
5 7 15 13 19030
5 13 15 9 158
5 13 15 11 23542
5 13 15 13 10528
6 14 0 2 5330
6 14 0 4 18822
6 14 0 6 1938
6 14 1 3 13658
6 14 1 5 12466
6 14 1 7 5516
6 14 2 0 25710
6 14 2 4 920
6 14 2 6 4896
6 14 3 1 9028
6 14 3 5 14252
6 14 3 7 13020
6 14 4 0 4190
6 14 4 2 10936
6 14 4 6 2762
6 14 5 1 13082
6 14 5 3 20136
6 14 5 7 3364
6 14 6 0 6758
6 14 6 2 2356
6 14 6 4 1190
6 14 7 1 16726
6 14 7 3 10240
6 14 7 5 4570
6 14 8 10 1594
6 14 8 12 21030
6 14 8 14 13824
6 14 9 11 6742
6 14 9 13 8950
6 14 9 15 2914
6 14 10 8 10140
6 14 10 12 8246
6 14 10 14 10132
6 14 11 9 10024
6 14 11 13 8774
6 14 11 15 15656
6 14 12 8 1420
6 14 12 10 9726
6 14 12 14 8624
6 14 13 9 7586
6 14 13 11 704
6 14 13 15 6580
6 14 14 8 2384
6 14 14 10 14464
6 14 14 12 11364
6 14 15 9 8680
6 14 15 11 24120
6 14 15 13 7966
7 15 0 2 19470
7 15 0 4 18050
7 15 0 6 24864
7 15 1 3 17340
7 15 1 5 2440
7 15 1 7 592
7 15 2 0 3436
7 15 2 4 2842
7 15 2 6 3382
7 15 3 1 7376
7 15 3 5 12308
7 15 3 7 2488
7 15 4 0 4690
7 15 4 2 14356
7 15 4 6 18852
7 15 5 1 17218
7 15 5 3 2942
7 15 5 7 19544
7 15 6 0 2256
7 15 6 2 7930
7 15 6 4 37476
7 15 7 1 2280
7 15 7 3 4944
7 15 7 5 6886
7 15 8 10 142
7 15 8 12 15970
7 15 8 14 25220
7 15 9 11 1186
7 15 9 13 29210
7 15 9 15 56
7 15 10 8 8308
7 15 10 12 8944
7 15 10 14 2696
7 15 11 9 18748
7 15 11 13 12834
7 15 11 15 13280
7 15 12 8 11390
7 15 12 10 7336
7 15 12 14 5224
7 15 13 9 3914
7 15 13 11 10182
7 15 13 15 1436
7 15 14 8 6248
7 15 14 10 1430
7 15 14 12 7188
7 15 15 9 16386
7 15 15 11 8886
7 15 15 13 610
8 10 0 2 11644
8 10 0 4 2092
8 10 0 6 384
8 12 0 2 1692
8 12 0 4 1770
8 12 0 6 1764
8 10 1 3 4250
8 10 1 5 5384
8 10 1 7 11360
8 12 1 3 1070
8 12 1 5 8120
8 12 1 7 156
8 10 2 0 19342
8 10 2 4 33838
8 10 2 6 11092
8 12 2 0 5278
8 12 2 4 792
8 12 2 6 1918
8 10 3 1 6606
8 10 3 5 6856
8 10 3 7 6242
8 12 3 1 27452
8 12 3 5 5886
8 12 3 7 21090
8 10 4 0 6078
8 10 4 2 3458
8 10 4 6 14792
8 12 4 0 15380
8 12 4 2 19968
8 12 4 6 3072
8 10 5 1 11838
8 10 5 3 6266
8 10 5 7 3746
8 12 5 1 3708
8 12 5 3 5070
8 12 5 7 9432
8 10 6 0 9300
8 10 6 2 486
8 10 6 4 7988
8 12 6 0 2106
8 12 6 2 2834
8 12 6 4 13534
8 10 7 1 12234
8 10 7 3 7820
8 10 7 5 11586
8 12 7 1 6032
8 12 7 3 2886
8 12 7 5 7754
8 10 8 10 13736
8 10 8 12 838
8 10 8 14 5924
8 12 8 10 5148
8 12 8 12 5144
8 12 8 14 5172
8 10 9 11 12672
8 10 9 13 1176
8 10 9 15 14486
8 12 9 11 4116
8 12 9 13 4838
8 12 9 15 8612
8 10 10 8 16792
8 10 10 12 20848
8 10 10 14 10234
8 12 10 8 8282
8 12 10 12 1724
8 12 10 14 22958
8 10 11 9 880
8 10 11 13 2010
8 10 11 15 4290
8 12 11 9 19484
8 12 11 13 12502
8 12 11 15 15182
8 10 12 8 22964
8 10 12 10 7770
8 10 12 14 4582
8 12 12 8 1434
8 12 12 10 18418
8 12 12 14 950
8 10 13 9 12422
8 10 13 11 12246
8 10 13 15 16926
8 12 13 9 2836
8 12 13 11 2344
8 12 13 15 14896
8 10 14 8 14582
8 10 14 10 5902
8 10 14 12 20250
8 12 14 8 11722
8 12 14 10 20950
8 12 14 12 6674
8 10 15 9 218
8 10 15 11 5122
8 10 15 13 8292
8 12 15 9 3532
8 12 15 11 7122
8 12 15 13 2370
9 11 0 2 14180
9 11 0 4 9648
9 11 0 6 2054
9 13 0 2 402
9 13 0 4 7136
9 13 0 6 2100
9 11 1 3 2656
9 11 1 5 8692
9 11 1 7 14998
9 13 1 3 11694
9 13 1 5 7440
9 13 1 7 5084
9 11 2 0 9312
9 11 2 4 14190
9 11 2 6 15892
9 13 2 0 7812
9 13 2 4 10776
9 13 2 6 6836
9 11 3 1 17450
9 11 3 5 8676
9 11 3 7 126
9 13 3 1 19550
9 13 3 5 26190
9 13 3 7 9488
9 11 4 0 3118
9 11 4 2 7542
9 11 4 6 274
9 13 4 0 874
9 13 4 2 1952
9 13 4 6 2894
9 11 5 1 9686
9 11 5 3 12972
9 11 5 7 6902
9 13 5 1 12676
9 13 5 3 3948
9 13 5 7 6892
9 11 6 0 7996
9 11 6 2 10550
9 11 6 4 9652
9 13 6 0 14
9 13 6 2 11124
9 13 6 4 8614
9 11 7 1 16116
9 11 7 3 9690
9 11 7 5 13372
9 13 7 1 2492
9 13 7 3 5916
9 13 7 5 8354
9 11 8 10 2674
9 11 8 12 7514
9 11 8 14 1724
9 13 8 10 17056
9 13 8 12 3826
9 13 8 14 17696
9 11 9 11 5910
9 11 9 13 210
9 11 9 15 19198
9 13 9 11 48
9 13 9 13 16272
9 13 9 15 4690
9 11 10 8 2628
9 11 10 12 8970
9 11 10 14 2026
9 13 10 8 19280
9 13 10 12 7154
9 13 10 14 16004
9 11 11 9 5864
9 11 11 13 6984
9 11 11 15 14746
9 13 11 9 14762
9 13 11 13 5848
9 13 11 15 12332
9 11 12 8 16718
9 11 12 10 1048
9 11 12 14 2468
9 13 12 8 3600
9 13 12 10 10726
9 13 12 14 12010
9 11 13 9 1980
9 11 13 11 12958
9 11 13 15 16300
9 13 13 9 12228
9 13 13 11 10098
9 13 13 15 10540
9 11 14 8 15494
9 11 14 10 3678
9 11 14 12 5366
9 13 14 8 11150
9 13 14 10 17756
9 13 14 12 4514
9 11 15 9 9774
9 11 15 11 11946
9 11 15 13 12780
9 13 15 9 11174
9 13 15 11 9082
9 13 15 13 7132
10 14 0 2 1766
10 14 0 4 21236
10 14 0 6 500
10 14 1 3 2506
10 14 1 5 9354
10 14 1 7 1222
10 14 2 0 2702
10 14 2 4 14156
10 14 2 6 4598
10 14 3 1 7292
10 14 3 5 11354
10 14 3 7 4740
10 14 4 0 2058
10 14 4 2 30012
10 14 4 6 484
10 14 5 1 16288
10 14 5 3 1162
10 14 5 7 13120
10 14 6 0 5648
10 14 6 2 14800
10 14 6 4 12694
10 14 7 1 14182
10 14 7 3 5132
10 14 7 5 6406
10 14 8 10 5222
10 14 8 12 3460
10 14 8 14 18274
10 14 9 11 8130
10 14 9 13 19784
10 14 9 15 10782
10 14 10 8 17662
10 14 10 12 528
10 14 10 14 10898
10 14 11 9 3718
10 14 11 13 220
10 14 11 15 7072
10 14 12 8 13508
10 14 12 10 26288
10 14 12 14 160
10 14 13 9 21816
10 14 13 11 8172
10 14 13 15 18084
10 14 14 8 2206
10 14 14 10 6160
10 14 14 12 11070
10 14 15 9 18500
10 14 15 11 8748
10 14 15 13 15394
11 15 0 2 1002
11 15 0 4 7412
11 15 0 6 6240
11 15 1 3 13416
11 15 1 5 6492
11 15 1 7 228
11 15 2 0 5510
11 15 2 4 21032
11 15 2 6 9364
11 15 3 1 10480
11 15 3 5 4040
11 15 3 7 11118
11 15 4 0 11844
11 15 4 2 8306
11 15 4 6 6146
11 15 5 1 9600
11 15 5 3 13386
11 15 5 7 13250
11 15 6 0 17286
11 15 6 2 6148
11 15 6 4 13732
11 15 7 1 17160
11 15 7 3 1488
11 15 7 5 11710
11 15 8 10 2004
11 15 8 12 15812
11 15 8 14 6854
11 15 9 11 13528
11 15 9 13 10668
11 15 9 15 6358
11 15 10 8 2176
11 15 10 12 17260
11 15 10 14 1738
11 15 11 9 16198
11 15 11 13 5088
11 15 11 15 3174
11 15 12 8 526
11 15 12 10 568
11 15 12 14 15634
11 15 13 9 2416
11 15 13 11 6044
11 15 13 15 13762
11 15 14 8 3116
11 15 14 10 214
11 15 14 12 4786
11 15 15 9 12674
11 15 15 11 11610
11 15 15 13 9364
12 14 0 2 11488
12 14 0 4 3756
12 14 0 6 7064
12 14 1 3 6308
12 14 1 5 3178
12 14 1 7 8038
12 14 2 0 19012
12 14 2 4 9492
12 14 2 6 6564
12 14 3 1 2106
12 14 3 5 9582
12 14 3 7 11400
12 14 4 0 2562
12 14 4 2 1126
12 14 4 6 7236
12 14 5 1 13702
12 14 5 3 4966
12 14 5 7 26964
12 14 6 0 1024
12 14 6 2 6646
12 14 6 4 12964
12 14 7 1 16412
12 14 7 3 24664
12 14 7 5 706
12 14 8 10 12322
12 14 8 12 8022
12 14 8 14 6622
12 14 9 11 7824
12 14 9 13 2162
12 14 9 15 922
12 14 10 8 326
12 14 10 12 2690
12 14 10 14 11064
12 14 11 9 1956
12 14 11 13 820
12 14 11 15 13340
12 14 12 8 12082
12 14 12 10 1216
12 14 12 14 21134
12 14 13 9 6656
12 14 13 11 5938
12 14 13 15 548
12 14 14 8 702
12 14 14 10 9408
12 14 14 12 25150
12 14 15 9 1268
12 14 15 11 9350
12 14 15 13 11432
13 15 0 2 1510
13 15 0 4 762
13 15 0 6 14048
13 15 1 3 8566
13 15 1 5 10466
13 15 1 7 5222
13 15 2 0 4402
13 15 2 4 772
13 15 2 6 3038
13 15 3 1 19216
13 15 3 5 548
13 15 3 7 15444
13 15 4 0 80
13 15 4 2 4464
13 15 4 6 19588
13 15 5 1 3060
13 15 5 3 3164
13 15 5 7 2480
13 15 6 0 1532
13 15 6 2 4666
13 15 6 4 10722
13 15 7 1 6376
13 15 7 3 15866
13 15 7 5 2292
13 15 8 10 14594
13 15 8 12 26568
13 15 8 14 1774
13 15 9 11 16282
13 15 9 13 4918
13 15 9 15 8858
13 15 10 8 6370
13 15 10 12 18894
13 15 10 14 12812
13 15 11 9 10240
13 15 11 13 4946
13 15 11 15 586
13 15 12 8 1702
13 15 12 10 4076
13 15 12 14 1788
13 15 13 9 6796
13 15 13 11 9406
13 15 13 15 11058
13 15 14 8 6982
13 15 14 10 22228
13 15 14 12 15638
13 15 15 9 18926
13 15 15 11 15380
13 15 15 13 6092
