0 2 0 2 11582
0 2 0 4 1830
0 2 0 6 4772
0 4 0 2 4758
0 4 0 4 11052
0 4 0 6 16904
0 8 0 2 762
0 8 0 4 2204
0 8 0 6 29832
0 2 1 3 25144
0 2 1 5 19250
0 2 1 7 9860
0 4 1 3 2298
0 4 1 5 2356
0 4 1 7 15032
0 8 1 3 8796
0 8 1 5 8692
0 8 1 7 3104
0 2 2 0 4122
0 2 2 4 7310
0 2 2 6 3816
0 4 2 0 8054
0 4 2 4 6948
0 4 2 6 19652
0 8 2 0 1388
0 8 2 4 9236
0 8 2 6 1128
0 2 3 1 24012
0 2 3 5 7480
0 2 3 7 2630
0 4 3 1 592
0 4 3 5 5522
0 4 3 7 9384
0 8 3 1 7434
0 8 3 5 19084
0 8 3 7 11640
0 2 4 0 33116
0 2 4 2 2272
0 2 4 6 9194
0 4 4 0 6820
0 4 4 2 18296
0 4 4 6 11600
0 8 4 0 4902
0 8 4 2 6390
0 8 4 6 14990
0 2 5 1 3032
0 2 5 3 5054
0 2 5 7 11300
0 4 5 1 8234
0 4 5 3 10036
0 4 5 7 2440
0 8 5 1 11852
0 8 5 3 4288
0 8 5 7 4836
0 2 6 0 1942
0 2 6 2 13578
0 2 6 4 4698
0 4 6 0 2398
0 4 6 2 7124
0 4 6 4 3166
0 8 6 0 4510
0 8 6 2 12334
0 8 6 4 772
0 2 7 1 5430
0 2 7 3 10406
0 2 7 5 5400
0 4 7 1 15190
0 4 7 3 300
0 4 7 5 22068
0 8 7 1 4822
0 8 7 3 4086
0 8 7 5 15712
0 2 8 10 19260
0 2 8 12 8926
0 2 8 14 4138
0 4 8 10 3992
0 4 8 12 12460
0 4 8 14 18680
0 8 8 10 6110
0 8 8 12 5410
0 8 8 14 2048
0 2 9 11 4638
0 2 9 13 6162
0 2 9 15 2258
0 4 9 11 25480
0 4 9 13 23554
0 4 9 15 10416
0 8 9 11 2944
0 8 9 13 5232
0 8 9 15 14088
0 2 10 8 10998
0 2 10 12 5048
0 2 10 14 5320
0 4 10 8 5908
0 4 10 12 1510
0 4 10 14 3280
0 8 10 8 7256
0 8 10 12 2652
0 8 10 14 14318
0 2 11 9 15476
0 2 11 13 19698
0 2 11 15 16006
0 4 11 9 4184
0 4 11 13 16894
0 4 11 15 5528
0 8 11 9 4784
0 8 11 13 13418
0 8 11 15 7532
0 2 12 8 9258
0 2 12 10 15380
0 2 12 14 4760
0 4 12 8 7534
0 4 12 10 3962
0 4 12 14 12756
0 8 12 8 11878
0 8 12 10 1230
0 8 12 14 6608
0 2 13 9 18370
0 2 13 11 7302
0 2 13 15 3706
0 4 13 9 6558
0 4 13 11 9848
0 4 13 15 12118
0 8 13 9 4520
0 8 13 11 3274
0 8 13 15 5798
0 2 14 8 5938
0 2 14 10 12788
0 2 14 12 884
0 4 14 8 8570
0 4 14 10 3062
0 4 14 12 9274
0 8 14 8 2976
0 8 14 10 7058
0 8 14 12 8218
0 2 15 9 5942
0 2 15 11 16328
0 2 15 13 14482
0 4 15 9 24204
0 4 15 11 22094
0 4 15 13 12922
0 8 15 9 256
0 8 15 11 8182
0 8 15 13 2980
1 3 0 2 14886
1 3 0 4 2324
1 3 0 6 7856
1 5 0 2 1262
1 5 0 4 9194
1 5 0 6 15072
1 9 0 2 20044
1 9 0 4 5420
1 9 0 6 4416
1 3 1 3 18132
1 3 1 5 16478
1 3 1 7 20248
1 5 1 3 8998
1 5 1 5 1492
1 5 1 7 26330
1 9 1 3 26950
1 9 1 5 17968
1 9 1 7 13496
1 3 2 0 20080
1 3 2 4 18164
1 3 2 6 18692
1 5 2 0 10194
1 5 2 4 13568
1 5 2 6 18960
1 9 2 0 3092
1 9 2 4 13936
1 9 2 6 10106
1 3 3 1 18610
1 3 3 5 3724
1 3 3 7 1152
1 5 3 1 12190
1 5 3 5 1938
1 5 3 7 4888
1 9 3 1 140
1 9 3 5 3834
1 9 3 7 1774
1 3 4 0 5886
1 3 4 2 7904
1 3 4 6 3710
1 5 4 0 1694
1 5 4 2 1774
1 5 4 6 1742
1 9 4 0 8152
1 9 4 2 384
1 9 4 6 10390
1 3 5 1 16694
1 3 5 3 7734
1 3 5 7 1730
1 5 5 1 3730
1 5 5 3 13922
1 5 5 7 4190
1 9 5 1 11008
1 9 5 3 15686
1 9 5 7 3294
1 3 6 0 17870
1 3 6 2 640
1 3 6 4 6710
1 5 6 0 6826
1 5 6 2 19086
1 5 6 4 29882
1 9 6 0 10312
1 9 6 2 590
1 9 6 4 21700
1 3 7 1 3362
1 3 7 3 6992
1 3 7 5 34476
1 5 7 1 12064
1 5 7 3 23360
1 5 7 5 2772
1 9 7 1 6844
1 9 7 3 1112
1 9 7 5 10276
1 3 8 10 13178
1 3 8 12 7968
1 3 8 14 1278
1 5 8 10 6416
1 5 8 12 14330
1 5 8 14 6694
1 9 8 10 142
1 9 8 12 4778
1 9 8 14 12236
1 3 9 11 6264
1 3 9 13 6016
1 3 9 15 13634
1 5 9 11 5974
1 5 9 13 2896
1 5 9 15 9418
1 9 9 11 5078
1 9 9 13 14114
1 9 9 15 370
1 3 10 8 17144
1 3 10 12 17444
1 3 10 14 9042
1 5 10 8 4916
1 5 10 12 15458
1 5 10 14 10624
1 9 10 8 10826
1 9 10 12 2536
1 9 10 14 508
1 3 11 9 3802
1 3 11 13 14932
1 3 11 15 728
1 5 11 9 12
1 5 11 13 3612
1 5 11 15 11022
1 9 11 9 1464
1 9 11 13 4032
1 9 11 15 8266
1 3 12 8 22944
1 3 12 10 8656
1 3 12 14 802
1 5 12 8 3824
1 5 12 10 12092
1 5 12 14 6202
1 9 12 8 5940
1 9 12 10 13490
1 9 12 14 13710
1 3 13 9 8830
1 3 13 11 3406
1 3 13 15 13070
1 5 13 9 9756
1 5 13 11 9278
1 5 13 15 26102
1 9 13 9 6986
1 9 13 11 6420
1 9 13 15 16830
1 3 14 8 2876
1 3 14 10 19936
1 3 14 12 3672
1 5 14 8 874
1 5 14 10 10040
1 5 14 12 5128
1 9 14 8 8308
1 9 14 10 4280
1 9 14 12 9498
1 3 15 9 4890
1 3 15 11 4142
1 3 15 13 6144
1 5 15 9 1278
1 5 15 11 538
1 5 15 13 10662
1 9 15 9 5782
1 9 15 11 5664
1 9 15 13 8768
2 6 0 2 2436
2 6 0 4 3104
2 6 0 6 3414
2 10 0 2 4412
2 10 0 4 6702
2 10 0 6 7844
2 6 1 3 2524
2 6 1 5 12954
2 6 1 7 648
2 10 1 3 1348
2 10 1 5 12022
2 10 1 7 6962
2 6 2 0 2846
2 6 2 4 20302
2 6 2 6 2282
2 10 2 0 256
2 10 2 4 5856
2 10 2 6 8654
2 6 3 1 2550
2 6 3 5 3780
2 6 3 7 21218
2 10 3 1 14358
2 10 3 5 11934
2 10 3 7 11466
2 6 4 0 4096
2 6 4 2 13282
2 6 4 6 15310
2 10 4 0 1900
2 10 4 2 1782
2 10 4 6 3288
2 6 5 1 20798
2 6 5 3 1950
2 6 5 7 3716
2 10 5 1 3512
2 10 5 3 12098
2 10 5 7 3448
2 6 6 0 7976
2 6 6 2 4076
2 6 6 4 7056
2 10 6 0 7924
2 10 6 2 2136
2 10 6 4 4478
2 6 7 1 7526
2 6 7 3 22064
2 6 7 5 11066
2 10 7 1 5628
2 10 7 3 15092
2 10 7 5 16488
2 6 8 10 17176
2 6 8 12 16108
2 6 8 14 90
2 10 8 10 19500
2 10 8 12 15482
2 10 8 14 14400
2 6 9 11 4146
2 6 9 13 14408
2 6 9 15 2958
2 10 9 11 10132
2 10 9 13 8586
2 10 9 15 3020
2 6 10 8 20200
2 6 10 12 11418
2 6 10 14 12546
2 10 10 8 18142
2 10 10 12 13046
2 10 10 14 346
2 6 11 9 21366
2 6 11 13 6124
2 6 11 15 1394
2 10 11 9 7860
2 10 11 13 17620
2 10 11 15 5622
2 6 12 8 8732
2 6 12 10 2866
2 6 12 14 3910
2 10 12 8 128
2 10 12 10 8988
2 10 12 14 7346
2 6 13 9 812
2 6 13 11 7136
2 6 13 15 5890
2 10 13 9 112
2 10 13 11 13030
2 10 13 15 6654
2 6 14 8 6874
2 6 14 10 474
2 6 14 12 5028
2 10 14 8 11138
2 10 14 10 352
2 10 14 12 18630
2 6 15 9 6266
2 6 15 11 12944
2 6 15 13 5930
2 10 15 9 7160
2 10 15 11 9444
2 10 15 13 4842
3 7 0 2 1526
3 7 0 4 1762
3 7 0 6 1634
3 11 0 2 15970
3 11 0 4 1458
3 11 0 6 10294
3 7 1 3 16668
3 7 1 5 19362
3 7 1 7 9812
3 11 1 3 23036
3 11 1 5 15056
3 11 1 7 996
3 7 2 0 12096
3 7 2 4 14606
3 7 2 6 12378
3 11 2 0 8010
3 11 2 4 4584
3 11 2 6 5348
3 7 3 1 2148
3 7 3 5 12010
3 7 3 7 15388
3 11 3 1 10254
3 11 3 5 19474
3 11 3 7 10054
3 7 4 0 6496
3 7 4 2 460
3 7 4 6 1816
3 11 4 0 5554
3 11 4 2 13112
3 11 4 6 3884
3 7 5 1 8664
3 7 5 3 4640
3 7 5 7 1470
3 11 5 1 29826
3 11 5 3 1560
3 11 5 7 10106
3 7 6 0 1548
3 7 6 2 6070
3 7 6 4 1996
3 11 6 0 9280
3 11 6 2 4240
3 11 6 4 12046
3 7 7 1 10762
3 7 7 3 608
3 7 7 5 1820
3 11 7 1 1872
3 11 7 3 662
3 11 7 5 4362
3 7 8 10 4036
3 7 8 12 1432
3 7 8 14 2316
3 11 8 10 20120
3 11 8 12 4768
3 11 8 14 14032
3 7 9 11 14880
3 7 9 13 14838
3 7 9 15 8300
3 11 9 11 23924
3 11 9 13 2154
3 11 9 15 3610
3 7 10 8 10518
3 7 10 12 7132
3 7 10 14 17432
3 11 10 8 3542
3 11 10 12 4710
3 11 10 14 16460
3 7 11 9 5602
3 7 11 13 15620
3 7 11 15 4534
3 11 11 9 21438
3 11 11 13 820
3 11 11 15 7160
3 7 12 8 1442
3 7 12 10 10392
3 7 12 14 1284
3 11 12 8 72
3 11 12 10 3798
3 11 12 14 3428
3 7 13 9 3352
3 7 13 11 11124
3 7 13 15 4372
3 11 13 9 5888
3 11 13 11 10178
3 11 13 15 2380
3 7 14 8 7372
3 7 14 10 1952
3 7 14 12 8040
3 11 14 8 2564
3 11 14 10 24752
3 11 14 12 3228
3 7 15 9 5498
3 7 15 11 2556
3 7 15 13 8600
3 11 15 9 4972
3 11 15 11 3500
3 11 15 13 2974
4 6 0 2 440
4 6 0 4 1978
4 6 0 6 7566
4 12 0 2 3322
4 12 0 4 4114
4 12 0 6 26588
4 6 1 3 8194
4 6 1 5 12168
4 6 1 7 2244
4 12 1 3 996
4 12 1 5 6750
4 12 1 7 22804
4 6 2 0 2170
4 6 2 4 1226
4 6 2 6 27708
4 12 2 0 14142
4 12 2 4 16970
4 12 2 6 9802
4 6 3 1 9548
4 6 3 5 11352
4 6 3 7 3556
4 12 3 1 9720
4 12 3 5 7882
4 12 3 7 4440
4 6 4 0 12720
4 6 4 2 28168
4 6 4 6 1342
4 12 4 0 21736
4 12 4 2 4116
4 12 4 6 556
4 6 5 1 3098
4 6 5 3 12404
4 6 5 7 3930
4 12 5 1 10776
4 12 5 3 3238
4 12 5 7 11238
4 6 6 0 3344
4 6 6 2 21086
4 6 6 4 5696
4 12 6 0 2746
4 12 6 2 12894
4 12 6 4 9984
4 6 7 1 27696
4 6 7 3 9532
4 6 7 5 446
4 12 7 1 11090
4 12 7 3 4300
4 12 7 5 7018
4 6 8 10 7942
4 6 8 12 17126
4 6 8 14 2404
4 12 8 10 12516
4 12 8 12 13826
4 12 8 14 3278
4 6 9 11 10252
4 6 9 13 14912
4 6 9 15 11888
4 12 9 11 3896
4 12 9 13 9790
4 12 9 15 12272
4 6 10 8 7822
4 6 10 12 10992
4 6 10 14 9878
4 12 10 8 4620
4 12 10 12 4584
4 12 10 14 982
4 6 11 9 17708
4 6 11 13 17610
4 6 11 15 18026
4 12 11 9 10276
4 12 11 13 12026
4 12 11 15 9658
4 6 12 8 3382
4 6 12 10 11440
4 6 12 14 13746
4 12 12 8 10190
4 12 12 10 2058
4 12 12 14 2396
4 6 13 9 6426
4 6 13 11 10222
4 6 13 15 2164
4 12 13 9 18496
4 12 13 11 1350
4 12 13 15 22472
4 6 14 8 11884
4 6 14 10 14664
4 6 14 12 1934
4 12 14 8 10876
4 12 14 10 3102
4 12 14 12 808
4 6 15 9 1068
4 6 15 11 1344
4 6 15 13 7224
4 12 15 9 2694
4 12 15 11 25026
4 12 15 13 1744
5 7 0 2 17484
5 7 0 4 1600
5 7 0 6 4012
5 13 0 2 3716
5 13 0 4 9726
5 13 0 6 14362
5 7 1 3 18940
5 7 1 5 5598
5 7 1 7 9036
5 13 1 3 8188
5 13 1 5 2098
5 13 1 7 6812
5 7 2 0 9830
5 7 2 4 8104
5 7 2 6 12884
5 13 2 0 8470
5 13 2 4 11376
5 13 2 6 308
5 7 3 1 15202
5 7 3 5 5624
5 7 3 7 6464
5 13 3 1 2122
5 13 3 5 7270
5 13 3 7 33556
5 7 4 0 16638
5 7 4 2 7954
5 7 4 6 10454
5 13 4 0 19178
5 13 4 2 2926
5 13 4 6 3910
5 7 5 1 13000
5 7 5 3 8350
5 7 5 7 3524
5 13 5 1 13742
5 13 5 3 14292
5 13 5 7 6248
5 7 6 0 17324
5 7 6 2 8116
5 7 6 4 2718
5 13 6 0 14602
5 13 6 2 13728
5 13 6 4 6752
5 7 7 1 7030
5 7 7 3 7478
5 7 7 5 21988
5 13 7 1 3016
5 13 7 3 1628
5 13 7 5 24576
5 7 8 10 5352
5 7 8 12 4600
5 7 8 14 17380
5 13 8 10 28014
5 13 8 12 17240
5 13 8 14 6862
5 7 9 11 37344
5 7 9 13 24954
5 7 9 15 4130
5 13 9 11 9506
5 13 9 13 2838
5 13 9 15 5856
5 7 10 8 15412
5 7 10 12 6582
5 7 10 14 9592
5 13 10 8 10862
5 13 10 12 9184
5 13 10 14 4078
5 7 11 9 4004
5 7 11 13 5404
5 7 11 15 13510
5 13 11 9 11788
5 13 11 13 15840
5 13 11 15 4928
5 7 12 8 13996
5 7 12 10 2550
5 7 12 14 27228
5 13 12 8 4016
5 13 12 10 22612
5 13 12 14 11430
5 7 13 9 19166
5 7 13 11 12560
5 7 13 15 12694
5 13 13 9 16412
5 13 13 11 5046
5 13 13 15 23744
5 7 14 8 13020
5 7 14 10 17506
5 7 14 12 1494
5 13 14 8 13260
5 13 14 10 1274
5 13 14 12 4464
5 7 15 9 7216
5 7 15 11 7410
5 7 15 13 2928
5 13 15 9 1828
5 13 15 11 162
5 13 15 13 2116
6 14 0 2 14798
6 14 0 4 9902
6 14 0 6 30088
6 14 1 3 16874
6 14 1 5 5576
6 14 1 7 5374
6 14 2 0 9000
6 14 2 4 648
6 14 2 6 9210
6 14 3 1 474
6 14 3 5 60
6 14 3 7 13100
6 14 4 0 11834
6 14 4 2 16220
6 14 4 6 4328
6 14 5 1 8470
6 14 5 3 8468
6 14 5 7 7358
6 14 6 0 1534
6 14 6 2 9304
6 14 6 4 13162
6 14 7 1 31798
6 14 7 3 2448
6 14 7 5 8264
6 14 8 10 5538
6 14 8 12 14548
6 14 8 14 1774
6 14 9 11 7180
6 14 9 13 264
6 14 9 15 31196
6 14 10 8 2048
6 14 10 12 5348
6 14 10 14 9442
6 14 11 9 20286
6 14 11 13 19228
6 14 11 15 2484
6 14 12 8 9834
6 14 12 10 21422
6 14 12 14 1664
6 14 13 9 11826
6 14 13 11 3902
6 14 13 15 11644
6 14 14 8 5468
6 14 14 10 5860
6 14 14 12 4056
6 14 15 9 15364
6 14 15 11 5502
6 14 15 13 3472
7 15 0 2 5308
7 15 0 4 14926
7 15 0 6 27802
7 15 1 3 16574
7 15 1 5 15468
7 15 1 7 9804
7 15 2 0 17138
7 15 2 4 4892
7 15 2 6 14778
7 15 3 1 19282
7 15 3 5 21220
7 15 3 7 11882
7 15 4 0 14894
7 15 4 2 3030
7 15 4 6 4472
7 15 5 1 1130
7 15 5 3 450
7 15 5 7 7878
7 15 6 0 21450
7 15 6 2 14440
7 15 6 4 7312
7 15 7 1 3844
7 15 7 3 7064
7 15 7 5 19710
7 15 8 10 34932
7 15 8 12 6990
7 15 8 14 938
7 15 9 11 4576
7 15 9 13 14286
7 15 9 15 3210
7 15 10 8 5380
7 15 10 12 13974
7 15 10 14 16420
7 15 11 9 9542
7 15 11 13 7810
7 15 11 15 3880
7 15 12 8 5232
7 15 12 10 418
7 15 12 14 7822
7 15 13 9 8804
7 15 13 11 7396
7 15 13 15 954
7 15 14 8 5138
7 15 14 10 4310
7 15 14 12 7688
7 15 15 9 13160
7 15 15 11 16722
7 15 15 13 2168
8 10 0 2 7968
8 10 0 4 13624
8 10 0 6 23412
8 12 0 2 720
8 12 0 4 24
8 12 0 6 23068
8 10 1 3 5616
8 10 1 5 24616
8 10 1 7 19152
8 12 1 3 17138
8 12 1 5 8868
8 12 1 7 8750
8 10 2 0 11082
8 10 2 4 16516
8 10 2 6 7442
8 12 2 0 16812
8 12 2 4 18940
8 12 2 6 1220
8 10 3 1 6882
8 10 3 5 13050
8 10 3 7 128
8 12 3 1 74
8 12 3 5 17308
8 12 3 7 7288
8 10 4 0 37818
8 10 4 2 14734
8 10 4 6 3684
8 12 4 0 13774
8 12 4 2 25864
8 12 4 6 8650
8 10 5 1 7326
8 10 5 3 11474
8 10 5 7 10740
8 12 5 1 13712
8 12 5 3 22574
8 12 5 7 2684
8 10 6 0 2398
8 10 6 2 2512
8 10 6 4 15674
8 12 6 0 22696
8 12 6 2 9276
8 12 6 4 6630
8 10 7 1 2122
8 10 7 3 11476
8 10 7 5 4676
8 12 7 1 8452
8 12 7 3 12332
8 12 7 5 2780
8 10 8 10 2784
8 10 8 12 16610
8 10 8 14 3664
8 12 8 10 5642
8 12 8 12 16100
8 12 8 14 3024
8 10 9 11 23160
8 10 9 13 7960
8 10 9 15 17264
8 12 9 11 1506
8 12 9 13 34114
8 12 9 15 9324
8 10 10 8 418
8 10 10 12 6782
8 10 10 14 372
8 12 10 8 9058
8 12 10 12 3798
8 12 10 14 2472
8 10 11 9 632
8 10 11 13 10438
8 10 11 15 20288
8 12 11 9 8614
8 12 11 13 5810
8 12 11 15 12650
8 10 12 8 21692
8 10 12 10 9002
8 10 12 14 4660
8 12 12 8 11866
8 12 12 10 5720
8 12 12 14 10132
8 10 13 9 14564
8 10 13 11 16694
8 10 13 15 4624
8 12 13 9 3350
8 12 13 11 12248
8 12 13 15 5332
8 10 14 8 10036
8 10 14 10 2000
8 10 14 12 11872
8 12 14 8 19036
8 12 14 10 5020
8 12 14 12 11100
8 10 15 9 19312
8 10 15 11 536
8 10 15 13 17210
8 12 15 9 13768
8 12 15 11 134
8 12 15 13 13052
9 11 0 2 700
9 11 0 4 1962
9 11 0 6 12220
9 13 0 2 18778
9 13 0 4 14628
9 13 0 6 3666
9 11 1 3 15158
9 11 1 5 9012
9 11 1 7 1276
9 13 1 3 11040
9 13 1 5 6524
9 13 1 7 25238
9 11 2 0 1774
9 11 2 4 17120
9 11 2 6 13256
9 13 2 0 11410
9 13 2 4 754
9 13 2 6 9956
9 11 3 1 3404
9 11 3 5 28792
9 11 3 7 17894
9 13 3 1 10934
9 13 3 5 2926
9 13 3 7 5058
9 11 4 0 12470
9 11 4 2 11816
9 11 4 6 6888
9 13 4 0 5818
9 13 4 2 20244
9 13 4 6 710
9 11 5 1 3858
9 11 5 3 8880
9 11 5 7 19938
9 13 5 1 16998
9 13 5 3 18008
9 13 5 7 15878
9 11 6 0 29648
9 11 6 2 8120
9 11 6 4 10624
9 13 6 0 210
9 13 6 2 5162
9 13 6 4 11200
9 11 7 1 3654
9 11 7 3 10348
9 11 7 5 132
9 13 7 1 22
9 13 7 3 9196
9 13 7 5 18822
9 11 8 10 6508
9 11 8 12 22230
9 11 8 14 12546
9 13 8 10 14750
9 13 8 12 1162
9 13 8 14 3472
9 11 9 11 12476
9 11 9 13 1504
9 11 9 15 12170
9 13 9 11 54
9 13 9 13 1596
9 13 9 15 4466
9 11 10 8 6392
9 11 10 12 17038
9 11 10 14 5366
9 13 10 8 312
9 13 10 12 22030
9 13 10 14 3852
9 11 11 9 7916
9 11 11 13 19388
9 11 11 15 6874
9 13 11 9 3816
9 13 11 13 11164
9 13 11 15 5218
9 11 12 8 618
9 11 12 10 2552
9 11 12 14 8372
9 13 12 8 4920
9 13 12 10 14872
9 13 12 14 934
9 11 13 9 7950
9 11 13 11 516
9 11 13 15 8342
9 13 13 9 11678
9 13 13 11 7356
9 13 13 15 16366
9 11 14 8 4504
9 11 14 10 16828
9 11 14 12 12406
9 13 14 8 12404
9 13 14 10 4334
9 13 14 12 7450
9 11 15 9 5356
9 11 15 11 292
9 11 15 13 3246
9 13 15 9 4078
9 13 15 11 17924
9 13 15 13 5524
10 14 0 2 21010
10 14 0 4 12296
10 14 0 6 10502
10 14 1 3 15740
10 14 1 5 5286
10 14 1 7 2748
10 14 2 0 7690
10 14 2 4 9924
10 14 2 6 6832
10 14 3 1 2764
10 14 3 5 9834
10 14 3 7 19144
10 14 4 0 10278
10 14 4 2 19342
10 14 4 6 10160
10 14 5 1 7956
10 14 5 3 46
10 14 5 7 9516
10 14 6 0 3902
10 14 6 2 876
10 14 6 4 16964
10 14 7 1 8508
10 14 7 3 2108
10 14 7 5 2878
10 14 8 10 12432
10 14 8 12 5720
10 14 8 14 16456
10 14 9 11 18008
10 14 9 13 894
10 14 9 15 3470
10 14 10 8 5732
10 14 10 12 16992
10 14 10 14 12906
10 14 11 9 8204
10 14 11 13 2774
10 14 11 15 11010
10 14 12 8 11994
10 14 12 10 17726
10 14 12 14 16884
10 14 13 9 924
10 14 13 11 15750
10 14 13 15 2148
10 14 14 8 8174
10 14 14 10 9932
10 14 14 12 9288
10 14 15 9 4618
10 14 15 11 5994
10 14 15 13 10438
11 15 0 2 20084
11 15 0 4 7672
11 15 0 6 4258
11 15 1 3 1500
11 15 1 5 21594
11 15 1 7 1858
11 15 2 0 11984
11 15 2 4 3366
11 15 2 6 10866
11 15 3 1 5810
11 15 3 5 6034
11 15 3 7 8494
11 15 4 0 1284
11 15 4 2 11164
11 15 4 6 4054
11 15 5 1 16256
11 15 5 3 894
11 15 5 7 2416
11 15 6 0 18500
11 15 6 2 1272
11 15 6 4 4008
11 15 7 1 3654
11 15 7 3 12324
11 15 7 5 1612
11 15 8 10 4996
11 15 8 12 2202
11 15 8 14 250
11 15 9 11 18564
11 15 9 13 3810
11 15 9 15 13354
11 15 10 8 5114
11 15 10 12 4482
11 15 10 14 9060
11 15 11 9 2902
11 15 11 13 6344
11 15 11 15 2600
11 15 12 8 3558
11 15 12 10 4428
11 15 12 14 8546
11 15 13 9 3398
11 15 13 11 7414
11 15 13 15 4564
11 15 14 8 3462
11 15 14 10 7850
11 15 14 12 10248
11 15 15 9 1904
11 15 15 11 12688
11 15 15 13 696
12 14 0 2 270
12 14 0 4 13750
12 14 0 6 4516
12 14 1 3 9952
12 14 1 5 7896
12 14 1 7 15202
12 14 2 0 2740
12 14 2 4 9586
12 14 2 6 1770
12 14 3 1 6048
12 14 3 5 7288
12 14 3 7 4606
12 14 4 0 6278
12 14 4 2 3034
12 14 4 6 18760
12 14 5 1 6222
12 14 5 3 4744
12 14 5 7 6314
12 14 6 0 3654
12 14 6 2 2076
12 14 6 4 7178
12 14 7 1 11340
12 14 7 3 16174
12 14 7 5 17502
12 14 8 10 2546
12 14 8 12 724
12 14 8 14 4746
12 14 9 11 12172
12 14 9 13 1988
12 14 9 15 3206
12 14 10 8 1932
12 14 10 12 5570
12 14 10 14 9680
12 14 11 9 1948
12 14 11 13 3800
12 14 11 15 8490
12 14 12 8 2490
12 14 12 10 2352
12 14 12 14 4094
12 14 13 9 10336
12 14 13 11 6140
12 14 13 15 4046
12 14 14 8 5374
12 14 14 10 8440
12 14 14 12 10312
12 14 15 9 7822
12 14 15 11 3810
12 14 15 13 12330
13 15 0 2 6132
13 15 0 4 9160
13 15 0 6 2986
13 15 1 3 1736
13 15 1 5 15174
13 15 1 7 8594
13 15 2 0 2940
13 15 2 4 21420
13 15 2 6 27096
13 15 3 1 11446
13 15 3 5 7408
13 15 3 7 14542
13 15 4 0 7384
13 15 4 2 10800
13 15 4 6 106
13 15 5 1 8216
13 15 5 3 13860
13 15 5 7 5712
13 15 6 0 10654
13 15 6 2 4462
13 15 6 4 11494
13 15 7 1 14488
13 15 7 3 2196
13 15 7 5 9614
13 15 8 10 16888
13 15 8 12 3972
13 15 8 14 12042
13 15 9 11 19454
13 15 9 13 1938
13 15 9 15 11514
13 15 10 8 2642
13 15 10 12 10946
13 15 10 14 13594
13 15 11 9 9338
13 15 11 13 24354
13 15 11 15 3422
13 15 12 8 7390
13 15 12 10 10086
13 15 12 14 11380
13 15 13 9 11536
13 15 13 11 5618
13 15 13 15 162
13 15 14 8 2030
13 15 14 10 1196
13 15 14 12 17514
13 15 15 9 554
13 15 15 11 18022
13 15 15 13 20464
